frame_number static_density dynamic_density
1 0.410907 0.214093
4 0.407798 0.147732
7 0.41236 0.119674
10 0.429511 0.109021
13 0.45 0.14131
16 0.464526 0.106753
19 0.474032 0.105046
22 0.466539 0.094317
25 0.461137 0.0946738
28 0.460245 0.112971
31 0.460958 0.124643
34 0.462309 0.132187
37 0.468425 0.137666
40 0.465647 0.141718
43 0.459939 0.139016
46 0.451325 0.142839
49 0.450714 0.121177
52 0.447528 0.119037
55 0.443756 0.126223
58 0.440189 0.0341233
61 0.438201 0.0406218
64 0.437895 0.0117737
67 0.438507 0.0444444
70 0.437207 0.0410041
73 0.438226 0.0285423
76 0.438787 0.0405199
79 0.438226 0.0817023
82 0.439526 0.0527523
85 0.438863 0.0731397
88 0.444929 0.0883792
91 0.447681 0.112615
94 0.457339 0.130301
97 0.462666 0.143833
100 0.475714 0.133818
103 0.488073 0.138507
106 0.490724 0.144164
109 0.488863 0.156193
112 0.489042 0.166718
115 0.483231 0.171483
118 0.48764 0.19261
121 0.493833 0.20739
124 0.499822 0.189016
127 0.507492 0.21287
130 0.512513 0.222197
133 0.517278 0.203517
136 0.524261 0.216284
139 0.523522 0.220005
142 0.518298 0.235499
145 0.508486 0.241769
148 0.503058 0.216845
151 0.498955 0.214551
154 0.495158 0.21998
157 0.490061 0.215469
160 0.487997 0.199924
163 0.485321 0.213507
166 0.483486 0.196738
169 0.482059 0.167278
172 0.476988 0.255046
175 0.474159 0.179256
178 0.474592 0.221024
181 0.474669 0.200841
184 0.475561 0.187615
187 0.474032 0.1329
190 0.473879 0.13657
193 0.473318 0.090265
196 0.474108 0.272604
199 0.474975 0.0760194
202 0.476631 0.0519878
205 0.478542 0.0850663
208 0.477905 0.0288481
211 0.479103 0.111799
214 0.478568 0.0727319
217 0.478338 0.0516055
220 0.477039 0.281397
223 0.476784 0.0553262
226 0.476758 0.114093
229 0.477421 0.0655708
232 0.477778 0.0575433
235 0.478823 0.0555301
238 0.478644 0.0438073
241 0.475484 0.0598624
244 0.475051 0.0260703
247 0.47393 0.122197
250 0.472834 0.0348114
253 0.473191 0.0400612
256 0.473828 0.0140163
259 0.475076 0.0292049
262 0.475586 0.0455658
265 0.475968 0.0653925
268 0.475841 0.0437564
271 0.475535 0.225459
274 0.475204 0.0739806
277 0.474312 0.0401121
280 0.473802 0.0387615
283 0.472528 0.0487513
286 0.472808 0.0464067
289 0.472146 0.0614424
292 0.472069 0.0298675
295 0.473598 0.0421509
298 0.476198 0.0683231
301 0.480071 0.0432212
304 0.481091 0.0566004
307 0.480377 0.033792
310 0.480071 0.07263
313 0.483461 0.0934506
316 0.486315 0.0656218
319 0.486417 0.0814985
322 0.483945 0.170056
325 0.483537 0.117966
328 0.4842 0.11315
331 0.484964 0.141718
334 0.484913 0.0630479
337 0.484684 0.0774465
340 0.485601 0.0692661
343 0.486748 0.0334353
346 0.487105 0.0150357
349 0.490673 0.0204638
352 0.494343 0.0415138
355 0.498267 0.0309123
358 0.500637 0.032212
361 0.501606 0.0307339
364 0.496993 0.0309888
367 0.494011 0.0291794
370 0.48578 0.0431702
373 0.485805 0.036264
376 0.485194 0.0265545
379 0.485907 0.0296891
382 0.48555 0.0385831
385 0.484021 0.0251529
388 0.483028 0.0446228
391 0.481932 0.0752294
394 0.482059 0.0679918
397 0.483588 0.11157
400 0.492074 0.0702345
403 0.500178 0.0753568
406 0.506549 0.0913099
409 0.510321 0.088787
412 0.515673 0.124032
415 0.516157 0.137258
418 0.513761 0.16394
421 0.518629 0.198089
424 0.530148 0.206932
427 0.540877 0.210449
430 0.548904 0.217125
433 0.557671 0.218527
436 0.565316 0.239501
439 0.570285 0.254154
442 0.572528 0.275102
445 0.579613 0.325535
448 0.583155 0.328797
451 0.585729 0.329128
454 0.583792 0.32946
457 0.583028 0.338175
460 0.581881 0.3513
463 0.58815 0.346611
466 0.590189 0.342737
469 0.589985 0.348879
472 0.591565 0.36315
475 0.592176 0.36236
478 0.594011 0.361621
481 0.595362 0.326529
484 0.594139 0.294699
487 0.592712 0.30762
490 0.592482 0.292151
493 0.592151 0.348445
496 0.585754 0.345846
499 0.586595 0.226886
502 0.583079 0.0246432
505 0.579969 0.0625382
508 0.577676 0.0627421
511 0.579613 0.0965851
514 0.583461 0.091896
517 0.587232 0.0921509
520 0.593502 0.113991
523 0.603593 0.0964832
526 0.612844 0.104766
529 0.620591 0.108741
532 0.628033 0.105861
535 0.634811 0.103186
538 0.63866 0.115189
541 0.641616 0.117839
544 0.646407 0.125561
547 0.642304 0.163787
550 0.641106 0.157314
553 0.643858 0.142584
556 0.643833 0.135449
559 0.64159 0.152421
562 0.637207 0.18945
565 0.637946 0.31027
568 0.635245 0.3592
571 0.63262 0.147528
574 0.632365 0.0474261
577 0.633486 0.0614679
580 0.633741 0.0686799
583 0.63341 0.0808868
586 0.635423 0.103415
589 0.638175 0.101962
592 0.643603 0.110347
595 0.648267 0.154817
598 0.653542 0.13713
601 0.658308 0.140189
604 0.66394 0.153619
607 0.670719 0.151656
610 0.673777 0.161137
613 0.677217 0.176147
616 0.680097 0.169241
619 0.681804 0.18606
622 0.683945 0.235066
625 0.685856 0.184608
628 0.685041 0.172197
631 0.687921 0.179867
634 0.688838 0.191335
637 0.690469 0.199363
640 0.6908 0.15051
643 0.688965 0.135245
646 0.687691 0.175866
649 0.688277 0.102599
652 0.688532 0.123751
655 0.687946 0.122401
658 0.686493 0.125153
661 0.685219 0.124516
664 0.684276 0.130301
667 0.683155 0.132238
670 0.681142 0.267635
673 0.681804 0.161799
676 0.681932 0.148089
679 0.68053 0.175076
682 0.678415 0.152039
685 0.677166 0.168553
688 0.676784 0.148216
691 0.677396 0.170056
694 0.67658 0.162411
697 0.676707 0.275433
700 0.677752 0.207798
703 0.677497 0.222069
706 0.674439 0.189373
709 0.674975 0.213252
712 0.67314 0.235703
715 0.673063 0.220031
718 0.672987 0.144648
721 0.669776 0.393603
724 0.670031 0.193578
727 0.670005 0.228542
730 0.67026 0.261672
733 0.668705 0.241004
736 0.668298 0.213889
739 0.6684 0.0367482
742 0.668756 0.0607288
745 0.667661 0.15474
748 0.667864 0.0267329
751 0.668476 0.108028
754 0.667125 0.207671
757 0.666769 0.167482
760 0.668425 0.189832
763 0.66761 0.0915647
766 0.667431 0.110321
769 0.666972 0.0494393
772 0.665571 0.208716
775 0.664934 0.188456
778 0.665902 0.210015
781 0.666514 0.0277268
784 0.665673 0.0366463
787 0.664653 0.031473
790 0.664806 0.0141947
793 0.664042 0.0214577
796 0.662666 0.0625892
799 0.661595 0.0456422
802 0.661901 0.0428389
805 0.661086 0.0555556
808 0.659072 0.0708716
811 0.659276 0.0880989
814 0.660907 0.101555
817 0.661978 0.110907
820 0.660933 0.39238
823 0.662283 0.0629969
826 0.662971 0.062054
829 0.663965 0.114195
832 0.664908 0.05316
835 0.665138 0.10897
838 0.664551 0.119521
841 0.664195 0.0604995
844 0.664806 0.0974261
847 0.66315 0.24396
850 0.664271 0.0563201
853 0.665061 0.0684506
856 0.666157 0.108639
859 0.666718 0.0325433
862 0.666284 0.0694444
865 0.665392 0.11315
868 0.665189 0.0554791
871 0.66738 0.16947
874 0.667915 0.083843
877 0.667074 0.064475
880 0.663863 0.0841488
883 0.663073 0.0339959
886 0.663099 0.0623344
889 0.663863 0.0407747
892 0.665112 0.0240316
895 0.664067 0.0974006
898 0.665367 0.0940622
901 0.665877 0.0562436
904 0.666182 0.0849134
907 0.665494 0.240979
910 0.664781 0.0317788
913 0.664093 0.0728593
916 0.664322 0.0647299
919 0.664628 0.0325178
922 0.664348 0.135525
925 0.664551 0.172681
928 0.664067 0.0847095
931 0.664857 0.223981
934 0.665036 0.266208
937 0.666233 0.0560907
940 0.667813 0.0455912
943 0.668527 0.0431702
946 0.668578 0.0567533
949 0.668629 0.0543068
952 0.667762 0.0730887
955 0.666845 0.212844
958 0.66631 0.125153
961 0.666514 0.087054
964 0.667125 0.121228
967 0.667329 0.168119
970 0.666871 0.0558104
973 0.666921 0.0127676
976 0.666769 0.0321101
979 0.666794 0.0651121
982 0.667406 0.0969929
985 0.667508 0.0920234
988 0.667304 0.087156
991 0.667202 0.0718654
994 0.666565 0.0598114
997 0.667151 0.0405199
1000 0.668833 0.0938583
1003 0.669139 0.0769878
1006 0.669852 0.151835
1009 0.668196 0.10762
1012 0.66738 0.0570336
1015 0.666412 0.0667431
1018 0.666488 0.0461264
1021 0.666004 0.0684251
1024 0.666004 0.0570082
1027 0.665291 0.0602446
1030 0.667253 0.048369
1033 0.664883 0.0504077
1036 0.664348 0.161646
1039 0.66445 0.0974516
1042 0.663609 0.07184
1045 0.664679 0.0683231
1048 0.664118 0.0863405
1051 0.664246 0.0551223
1054 0.66473 0.055683
1057 0.664016 0.0496432
1060 0.664832 0.0453364
1063 0.663583 0.124567
1066 0.66287 0.0326707
1069 0.663303 0.0670744
1072 0.662793 0.043527
1075 0.664016 0.0573649
1078 0.663099 0.0420489
1081 0.663405 0.0473242
1084 0.663532 0.0564985
1087 0.662717 0.142788
1090 0.66236 0.045948
1093 0.661697 0.0461774
1096 0.662054 0.0637105
1099 0.661162 0.0431957
1102 0.661035 0.0502294
1105 0.660958 0.041998
1108 0.660576 0.0294343
1111 0.660856 0.0884302
1114 0.660907 0.0530326
1117 0.660627 0.0386086
1120 0.66078 0.0525229
1123 0.66129 0.0593527
1126 0.66134 0.0517074
1129 0.663838 0.0478338
1132 0.664985 0.0458716
1135 0.664755 0.0547401
1138 0.66659 0.0594292
1141 0.667431 0.0591743
1144 0.668119 0.0459225
1147 0.668043 0.0359837
1150 0.667023 0.0486493
1153 0.665112 0.0490571
1156 0.663481 0.0749745
1159 0.665775 0.0606779
1162 0.667762 0.0945719
1165 0.667355 0.0791539
1168 0.665036 0.0746177
1171 0.665316 0.0584098
1174 0.665138 0.0764271
1177 0.663354 0.0710754
1180 0.663277 0.0579001
1183 0.663761 0.0538226
1186 0.660831 0.114424
1189 0.660984 0.0374873
1192 0.662258 0.0591743
1195 0.662666 0.0235729
1198 0.662615 0.0254332
1201 0.662487 0.0393986
1204 0.662462 0.083894
1207 0.66185 0.010525
1210 0.662385 0.0251019
1213 0.661646 0.291463
1216 0.660831 0.153135
1219 0.660958 0.0583843
1222 0.661188 0.223904
1225 0.661646 0.0992864
1228 0.662156 0.0432212
1231 0.663609 0.0358053
1234 0.662462 0.0582314
1237 0.662232 0.0567023
1240 0.663201 0.0571356
1243 0.664781 0.0466361
1246 0.664118 0.0664118
1249 0.662666 0.074159
1252 0.662156 0.0600917
1255 0.661748 0.0562181
1258 0.662487 0.0461264
1261 0.66106 0.189246
1264 0.661646 0.0473242
1267 0.661009 0.0270133
1270 0.661952 0.0384557
1273 0.662029 0.0245158
1276 0.662946 0.0436035
1279 0.663124 0.037105
1282 0.662691 0.0464322
1285 0.662768 0.0332569
1288 0.661748 0.0397554
1291 0.661239 0.0429409
1294 0.66134 0.0795362
1297 0.662793 0.0635831
1300 0.663889 0.0450561
1303 0.664067 0.0327982
1306 0.665112 0.0436799
1309 0.665647 0.0610092
1312 0.664934 0.115494
1315 0.663099 0.0458461
1318 0.662232 0.0384047
1321 0.661876 0.0529562
1324 0.661723 0.0672528
1327 0.66208 0.0101427
1330 0.662283 0.050051
1333 0.663048 0.0273191
1336 0.661927 0.263863
1339 0.663354 0.12342
1342 0.662844 0.0611876
1345 0.663583 0.0728338
1348 0.665443 0.0710245
1351 0.666081 0.067686
1354 0.667049 0.0670489
1357 0.667253 0.0649592
1360 0.667074 0.0634811
1363 0.66371 0.101555
1366 0.662029 0.0707187
1369 0.661825 0.0595311
1372 0.66287 0.0582059
1375 0.662029 0.0461519
1378 0.662538 0.04763
1381 0.661417 0.0411315
1384 0.660856 0.0477064
1387 0.662207 0.056422
1390 0.662385 0.0487258
1393 0.660984 0.0387105
1396 0.660321 0.0275229
1399 0.66129 0.0255352
1402 0.662029 0.0353721
1405 0.662513 0.0368502
1408 0.663201 0.0427115
1411 0.662029 0.126453
1414 0.662411 0.0786952
1417 0.663863 0.111315
1420 0.664271 0.0905454
1423 0.663124 0.171509
1426 0.665036 0.179332
1429 0.666616 0.267508
1432 0.670183 0.18866
1435 0.67421 0.223751
1438 0.67579 0.361799
1441 0.685219 0.337487
1444 0.687232 0.408282
1447 0.689959 0.433792
1450 0.69605 0.438405
1453 0.704944 0.441106
1456 0.709659 0.452294
1459 0.715342 0.452931
1462 0.716132 0.466947
1465 0.715189 0.461468
1468 0.714118 0.418935
1471 0.70976 0.427013
1474 0.705377 0.241004
1477 0.708104 0.29814
1480 0.704409 0.57788
1483 0.699592 0.338914
1486 0.70423 0.624669
1489 0.713507 0.406346
1492 0.716743 0.556295
1495 0.71473 0.605173
1498 0.702548 0.582289
1501 0.697859 0.536137
1504 0.691233 0.740775
1507 0.703287 0.827803
1510 0.705071 0.8434
1513 0.695132 0.506371
1516 0.689501 0.750892
1519 0.700127 0.811493
1522 0.709149 0.749083
1525 0.695056 0.783868
1528 0.68787 0.831855
1531 0.682594 0.588073
1534 0.673471 0.79182
1537 0.662385 0.833537
1540 0.658104 0.833053
1543 0.66129 0.76659
1546 0.67421 0.839959
1549 0.682747 0.822655
1552 0.6737 0.826351
1555 0.673165 0.724006
1558 0.679918 0.86501
1561 0.682849 0.845413
1564 0.67263 0.866131
1567 0.663048 0.850866
1570 0.652345 0.848879
1573 0.645668 0.837564
1576 0.631524 0.85739
1579 0.62212 0.858767
1582 0.612309 0.865851
1585 0.61682 0.88025
1588 0.627982 0.754434
1591 0.639679 0.83369
1594 0.63476 0.805683
1597 0.643119 0.877931
1600 0.648522 0.871177
1603 0.658767 0.866131
1606 0.662283 0.87156
1609 0.662258 0.809225
1612 0.664526 0.765138
1615 0.665902 0.823904
1618 0.661646 0.778466
1621 0.669011 0.795209
1624 0.662054 0.787564
1627 0.661417 0.750204
1630 0.645464 0.780071
1633 0.65265 0.801172
1636 0.672299 0.801147
1639 0.67421 0.691794
1642 0.69656 0.647885
1645 0.709225 0.81366
1648 0.696764 0.827064
1651 0.693552 0.843272
1654 0.686672 0.85395
1657 0.687283 0.811239
1660 0.672655 0.85186
1663 0.658282 0.845744
1666 0.681269 0.847375
1669 0.672197 0.837156
1672 0.645489 0.652574
1675 0.620336 0.800535
1678 0.637309 0.727599
1681 0.639526 0.476631
1684 0.647503 0.563022
1687 0.66287 0.789271
1690 0.697069 0.759149
1693 0.703746 0.646509
1696 0.695846 0.682238
1699 0.682722 0.704562
1702 0.661978 0.656269
1705 0.654358 0.703364
1708 0.656473 0.71213
1711 0.673777 0.757314
1714 0.691081 0.715494
1717 0.709684 0.695362
1720 0.718119 0.698828
1723 0.741973 0.695158
1726 0.745464 0.668425
1729 0.726453 0.659888
1732 0.7079 0.664934
1735 0.662997 0.716157
1738 0.623089 0.702217
1741 0.618017 0.727268
1744 0.612283 0.695591
1747 0.609735 0.743068
1750 0.585194 0.700688
1753 0.561188 0.669164
1756 0.542304 0.707977
1759 0.500484 0.712105
1762 0.479358 0.685245
1765 0.485143 0.649822
1768 0.491845 0.66975
1771 0.50265 0.633741
1774 0.503491 0.62923
1777 0.526784 0.653058
1780 0.55186 0.648242
1783 0.551809 0.650637
1786 0.542355 0.633129
1789 0.539016 0.60446
1792 0.540214 0.590214
1795 0.518909 0.56106
1798 0.480275 0.542508
1801 0.45525 0.567508
1804 0.438685 0.612207
1807 0.45395 0.626886
1810 0.496942 0.590698
1813 0.520617 0.580861
1816 0.524822 0.581753
1819 0.51208 0.555556
1822 0.504485 0.540928
1825 0.49159 0.543119
1828 0.482416 0.55186
1831 0.477523 0.551682
1834 0.497706 0.521458
1837 0.49554 0.504715
1840 0.499108 0.532161
1843 0.504128 0.46817
1846 0.515494 0.44261
1849 0.512513 0.403644
1852 0.483869 0.358945
1855 0.466947 0.323318
1858 0.450102 0.321407
1861 0.441769 0.316845
1864 0.461595 0.290979
1867 0.489653 0.283512
1870 0.497018 0.305403
1873 0.508435 0.315622
1876 0.507747 0.348802
1879 0.50632 0.387564
1882 0.503262 0.423216
1885 0.497757 0.466794
1888 0.521152 0.499006
1891 0.53239 0.47658
1894 0.529969 0.560015
1897 0.512462 0.597553
1900 0.515036 0.630989
1903 0.539169 0.577905
1906 0.583843 0.562258
1909 0.60316 0.637181
1912 0.610856 0.568196
1915 0.632008 0.582289
1918 0.602421 0.552905
1921 0.585754 0.544037
1924 0.565749 0.506447
1927 0.504205 0.453874
1930 0.46027 0.41998
1933 0.425178 0.368502
1936 0.4 0.356702
1939 0.386825 0.300739
1942 0.376555 0.362258
1945 0.379995 0.327064
1948 0.360168 0.323675
1951 0.348802 0.258588
1954 0.35051 0.228135
1957 0.358639 0.222528
1960 0.367023 0.134225
1963 0.366896 0.131218
1966 0.361595 0.0971203
1969 0.35976 0.0847859
1972 0.358537 0.0559633
1975 0.363405 0.00759429
1978 0.368909 0.0491845
1981 0.371763 0.0481397
1984 0.379587 0.0221458
1987 0.387385 0.0667941
1990 0.386621 0.0396024
1993 0.386417 0.0319062
1996 0.387615 0.0398318
1999 0.391998 0.0390928
2002 0.376656 0.047528
2005 0.343629 0.0744903
2008 0.358231 0.115189
2011 0.431218 0.177599
2014 0.462589 0.202982
2017 0.482926 0.289755
2020 0.487742 0.301019
2023 0.521126 0.403721
2026 0.592635 0.452166
2029 0.627905 0.43081
2032 0.617278 0.437768
2035 0.601121 0.423904
2038 0.557161 0.417992
2041 0.537717 0.321916
2044 0.446305 0.332569
2047 0.395285 0.323191
2050 0.372401 0.287003
2053 0.368094 0.232161
2056 0.354256 0.266539
2059 0.353517 0.170617
2062 0.332951 0.200433
2065 0.331779 0.161289
2068 0.350866 0.154307
2071 0.358206 0.109709
2074 0.357569 0.0979613
2077 0.356651 0.0381244
2080 0.359862 0.0376147
2083 0.368909 0.0296891
2086 0.37895 0.0448012
2089 0.381167 0.0299694
2092 0.381651 0.0203109
2095 0.382492 0.0239551
2098 0.383461 0.0199541
2101 0.383206 0.0463558
2104 0.382288 0.0501529
2107 0.380708 0.0913099
2110 0.397859 0.117915
2113 0.418527 0.145846
2116 0.43555 0.152039
2119 0.453925 0.179867
2122 0.474286 0.224032
2125 0.494368 0.256091
2128 0.509098 0.275331
2131 0.534506 0.317941
2134 0.556295 0.349057
2137 0.568884 0.352243
2140 0.588405 0.357543
2143 0.600586 0.356397
2146 0.602905 0.347375
2149 0.591157 0.345082
2152 0.562742 0.344368
2155 0.501478 0.329944
2158 0.475051 0.354205
2161 0.487717 0.361239
2164 0.501504 0.336901
2167 0.511748 0.190928
2170 0.502778 0.112768
2173 0.478262 0.334939
2176 0.455657 0.312029
2179 0.428644 0.213558
2182 0.419521 0.245821
2185 0.413073 0.188863
2188 0.404766 0.167508
2191 0.388583 0.156753
2194 0.386774 0.123751
2197 0.377676 0.0840469
2200 0.383716 0.0606269
2203 0.388736 0.0622324
2206 0.390214 0.0420999
2209 0.393502 0.0362895
2212 0.398293 0.0268858
2215 0.39972 0.051682
2218 0.401351 0.0277523
2221 0.400637 0.0154944
2224 0.399745 0.0251019
2227 0.398038 0.00927625
2230 0.397961 0.0268094
2233 0.396636 0.035525
2236 0.395413 0.0448777
2239 0.396662 0.024159
2242 0.395744 0.0270642
2245 0.394954 0.0262742
2248 0.396662 0.0217125
2251 0.395617 0.0227319
2254 0.396916 0.0267584
2257 0.398573 0.0287207
2260 0.398165 0.0307849
2263 0.399567 0.0409021
2266 0.398904 0.0494139
2269 0.386544 0.086315
2272 0.3816 0.101886
2275 0.387946 0.141871
2278 0.425076 0.150663
2281 0.460041 0.172987
2284 0.48183 0.181116
2287 0.497426 0.182085
2290 0.488863 0.196432
2293 0.466233 0.204664
2296 0.445082 0.23262
2299 0.428542 0.227396
2302 0.411825 0.23843
2305 0.415749 0.229358
2308 0.413379 0.24526
2311 0.415877 0.232722
2314 0.397834 0.195617
2317 0.40051 0.234072
2320 0.409098 0.211876
2323 0.403211 0.226019
2326 0.385372 0.179587
2329 0.392839 0.167329
2332 0.393145 0.145005
2335 0.394572 0.116463
2338 0.394266 0.104511
2341 0.391284 0.117253
2344 0.388863 0.0942915
2347 0.392788 0.0863405
2350 0.39684 0.0701835
2353 0.399771 0.0652395
2356 0.414755 0.078262
2359 0.413252 0.0691641
2362 0.413405 0.0856524
2365 0.413481 0.0729868
2368 0.411366 0.0653925
2371 0.410754 0.0744648
2374 0.402676 0.0564475
2377 0.403925 0.0679154
2380 0.399414 0.0844546
2383 0.399745 0.0720948
2386 0.398573 0.11603
2389 0.422783 0.114297
2392 0.45028 0.16501
2395 0.472834 0.158129
2398 0.466845 0.154613
2401 0.448344 0.161213
2404 0.436493 0.173267
2407 0.429027 0.156957
2410 0.419343 0.177676
2413 0.410245 0.170158
2416 0.396764 0.136366
2419 0.399286 0.133333
2422 0.399898 0.103364
2425 0.390469 0.0581549
2428 0.390724 0.0383028
2431 0.395744 0.0227064
2434 0.395642 0.0308359
2437 0.415138 0.0707696
2440 0.448675 0.102345
2443 0.467788 0.107951
2446 0.45841 0.114653
2449 0.448216 0.128135
2452 0.440698 0.143349
2455 0.423726 0.139577
2458 0.414755 0.136213
2461 0.421152 0.131167
2464 0.408104 0.0824669
2467 0.401682 0.0810652
2470 0.394343 0.0794852
2473 0.393629 0.0633028
2476 0.39554 0.0526758
2479 0.403772 0.0534659
2482 0.424388 0.0490826
2485 0.421407 0.0603976
2488 0.41868 0.102548
2491 0.418502 0.0677625
2494 0.416386 0.0510958
2497 0.415112 0.0605505
2500 0.407263 0.0622834
2503 0.403389 0.0687819
2506 0.402752 0.0642202
2509 0.399159 0.0847604
2512 0.39949 0.121432
2515 0.419521 0.145234
2518 0.437105 0.178593
2521 0.463252 0.193782
2524 0.480097 0.193858
2527 0.47737 0.178797
2530 0.463481 0.177115
2533 0.454026 0.232926
2536 0.438558 0.241743
2539 0.425127 0.225765
2542 0.409123 0.238634
2545 0.409174 0.234811
2548 0.415953 0.23448
2551 0.415979 0.215979
2554 0.411646 0.187156
2557 0.409862 0.16682
2560 0.398089 0.112258
2563 0.395642 0.0714322
2566 0.396126 0.0609837
2569 0.400102 0.0280836
2572 0.404511 0.00925076
2575 0.405071 0.255785
2578 0.40553 0.197604
2581 0.406142 0.106983
2584 0.405556 0.119317
2587 0.408461 0.24475
2590 0.408588 0.212309
2593 0.4092 0.162844
2596 0.409072 0.157467
2599 0.409378 0.16315
2602 0.409964 0.233792
2605 0.40999 0.21134
2608 0.410066 0.0671254
2611 0.407161 0.225561
2614 0.407212 0.198267
2617 0.407034 0.182288
2620 0.406983 0.157926
2623 0.406473 0.215902
2626 0.402523 0.0116463
2629 0.394062 0.0441641
2632 0.407365 0.0791794
2635 0.442304 0.0939602
2638 0.464144 0.112029
2641 0.472069 0.174796
2644 0.47946 0.233461
2647 0.490061 0.271356
2650 0.50897 0.357747
2653 0.508945 0.371024
2656 0.508792 0.390469
2659 0.519368 0.436774
2662 0.508741 0.44577
2665 0.485372 0.436621
2668 0.456193 0.366539
2671 0.446814 0.395948
2674 0.437717 0.351121
2677 0.437054 0.374949
2680 0.445591 0.302319
2683 0.452497 0.266284
2686 0.468782 0.285474
2689 0.458206 0.298089
2692 0.454052 0.282263
2695 0.445489 0.258461
2698 0.427727 0.199592
2701 0.428236 0.148624
2704 0.426019 0.132085
2707 0.428186 0.0936035
2710 0.430556 0.0825688
2713 0.426223 0.101988
2716 0.423624 0.092737
2719 0.423012 0.0884047
2722 0.423624 0.0888889
2725 0.420999 0.095897
2728 0.418043 0.0979358
2731 0.407441 0.105708
2734 0.397095 0.115418
2737 0.41185 0.107926
2740 0.430403 0.154689
2743 0.45209 0.125612
2746 0.46631 0.112232
2749 0.478084 0.128695
2752 0.484531 0.153568
2755 0.480377 0.155607
2758 0.47867 0.182671
2761 0.487946 0.20209
2764 0.48606 0.201198
2767 0.477345 0.213634
2770 0.469037 0.199032
2773 0.467329 0.222018
2776 0.46394 0.228542
2779 0.463175 0.220183
2782 0.457467 0.23183
2785 0.452905 0.236927
2788 0.451045 0.234939
2791 0.44972 0.236035
2794 0.446458 0.246509
2797 0.444597 0.24893
2800 0.443145 0.231855
2803 0.439475 0.235143
2806 0.438022 0.201121
2809 0.437742 0.126937
2812 0.437181 0.194801
2815 0.437844 0.117762
2818 0.436213 0.0885066
2821 0.436239 0.0657492
2824 0.437283 0.0972732
2827 0.437283 0.0591488
2830 0.437615 0.0396279
2833 0.436825 0.0436544
2836 0.438685 0.15423
2839 0.440265 0.0798675
2842 0.442151 0.0723496
2845 0.444037 0.0634302
2848 0.444903 0.0657747
2851 0.443782 0.0513761
2854 0.44289 0.0643731
2857 0.442584 0.0864169
2860 0.443451 0.0574159
2863 0.442813 0.0728848
2866 0.441972 0.0677115
2869 0.442304 0.0922783
2872 0.441692 0.0881498
2875 0.441947 0.0674567
2878 0.443094 0.0550459
2881 0.44419 0.0558359
2884 0.443935 0.0964832
2887 0.441284 0.144266
2890 0.445438 0.0997452
2893 0.452319 0.0960499
2896 0.458588 0.0954893
2899 0.46264 0.0938838
2902 0.459455 0.10474
2905 0.458308 0.0907747
2908 0.45553 0.105887
2911 0.449388 0.128619
2914 0.446407 0.0940112
2917 0.44526 0.104409
2920 0.445056 0.119241
2923 0.446432 0.10288
2926 0.447604 0.110754
2929 0.445617 0.114067
2932 0.446891 0.099261
2935 0.445617 0.116692
2938 0.444444 0.133818
2941 0.442661 0.0987258
2944 0.444648 0.113889
2947 0.444266 0.0971713
2950 0.445566 0.0939348
2953 0.445133 0.111239
2956 0.449924 0.150535
2959 0.453084 0.129001
2962 0.452064 0.156167
2965 0.465189 0.144495
2968 0.483716 0.164399
2971 0.496177 0.178772
2974 0.50948 0.202039
2977 0.52212 0.212334
2980 0.533359 0.209072
2983 0.550714 0.231651
2986 0.562003 0.28397
2989 0.565979 0.300484
2992 0.567992 0.30051
2995 0.565367 0.312207
2998 0.563022 0.32105
3001 0.57235 0.33922
3004 0.578135 0.361417
3007 0.578797 0.392941
3010 0.577956 0.407492
3013 0.584251 0.414016
3016 0.595107 0.433614
3019 0.604918 0.427752
3022 0.616412 0.37235
3025 0.623012 0.293451
3028 0.629817 0.263736
3031 0.637742 0.227421
3034 0.648496 0.239016
3037 0.660347 0.232288
3040 0.671152 0.275382
3043 0.678542 0.274388
3046 0.683767 0.239399
3049 0.69052 0.234429
3052 0.69842 0.222579
3055 0.708741 0.217329
3058 0.712309 0.193323
3061 0.703007 0.283129
3064 0.69791 0.233461
3067 0.696662 0.233359
3070 0.699975 0.179485
3073 0.696585 0.143578
3076 0.691692 0.204867
3079 0.685856 0.189602
3082 0.683231 0.174592
3085 0.680428 0.200102
3088 0.679256 0.188889
3091 0.684225 0.197018
3094 0.684378 0.183155
3097 0.681498 0.208588
3100 0.681575 0.206677
3103 0.680173 0.201147
3106 0.680046 0.208282
3109 0.679332 0.134455
3112 0.682594 0.192304
3115 0.68657 0.124185
3118 0.687921 0.143451
3121 0.688685 0.118731
3124 0.689832 0.117686
3127 0.69001 0.120719
3130 0.688787 0.154154
3133 0.689501 0.126555
3136 0.691743 0.116208
3139 0.687283 0.120362
3142 0.685449 0.140367
3145 0.684684 0.140698
3148 0.684582 0.105505
3151 0.683894 0.105963
3154 0.683741 0.111748
3157 0.682034 0.114093
3160 0.680836 0.13866
3163 0.67867 0.0915902
3166 0.678517 0.120693
3169 0.682008 0.119776
3172 0.682034 0.0838685
3175 0.679511 0.0463048
3178 0.677701 0.0658002
3181 0.676121 0.0466871
3184 0.673751 0.0709225
3187 0.669368 0.0800204
3190 0.666081 0.132518
3193 0.660194 0.093629
3196 0.65739 0.116667
3199 0.653109 0.0641182
3202 0.652497 0.115928
3205 0.652421 0.0954383
3208 0.652447 0.106295
3211 0.649414 0.0239042
3214 0.649439 0.0758665
3217 0.648114 0.16552
3220 0.647554 0.0772426
3223 0.647069 0.0361876
3226 0.647681 0.0347859
3229 0.647299 0.0624618
3232 0.646611 0.07105
3235 0.646789 0.0762487
3238 0.647401 0.0778542
3241 0.645668 0.0484455
3244 0.643272 0.0414628
3247 0.644266 0.0422018
3250 0.64419 0.0454638
3253 0.643884 0.063634
3256 0.645005 0.0436799
3259 0.647248 0.0388634
3262 0.649159 0.0883792
3265 0.64972 0.0308104
3268 0.650127 0.0300968
3271 0.649414 0.0286952
3274 0.648828 0.0478593
3277 0.648522 0.0504842
3280 0.646967 0.0296381
3283 0.647401 0.048369
3286 0.645285 0.190316
3289 0.646024 0.0232161
3292 0.646254 0.0501784
3295 0.645617 0.0182722
3298 0.645362 0.0498471
3301 0.646509 0.02658
3304 0.646967 0.0504587
3307 0.645999 0.066998
3310 0.644827 0.0546381
3313 0.645846 0.0487003
3316 0.646713 0.0606779
3319 0.64684 0.0804281
3322 0.647579 0.0619266
3325 0.646662 0.0801223
3328 0.647706 0.0864679
3331 0.647299 0.0852446
3334 0.646662 0.101886
3337 0.647732 0.116182
3340 0.645413 0.103211
3343 0.646407 0.122324
3346 0.645056 0.0752294
3349 0.643807 0.100561
3352 0.644088 0.0662844
3355 0.643858 0.0873089
3358 0.643502 0.104409
3361 0.64368 0.0986748
3364 0.642712 0.0857798
3367 0.645413 0.0735729
3370 0.64577 0.0918705
3373 0.643476 0.0558868
3376 0.6421 0.0505352
3379 0.642329 0.0498726
3382 0.642686 0.0495668
3385 0.644342 0.0416412
3388 0.643884 0.0635321
3391 0.643298 0.0752548
3394 0.643756 0.0496177
3397 0.643833 0.0846585
3400 0.644674 0.04921
3403 0.64396 0.0455658
3406 0.645031 0.0487258
3409 0.645158 0.0378695
3412 0.646789 0.124771
3415 0.646713 0.0980377
3418 0.647018 0.0560907
3421 0.647834 0.076631
3424 0.647808 0.0746432
3427 0.647936 0.067737
3430 0.647503 0.0643986
3433 0.64791 0.139067
3436 0.649618 0.129893
3439 0.650051 0.108206
3442 0.650637 0.130938
3445 0.650255 0.193272
3448 0.651172 0.0146789
3451 0.651325 0.0165138
3454 0.650688 0.0223751
3457 0.650815 0.0817533
3460 0.650153 0.0754842
3463 0.648522 0.128135
3466 0.649108 0.0596585
3469 0.648242 0.0370031
3472 0.648649 0.0665647
3475 0.647961 0.0447503
3478 0.647706 0.0254587
3481 0.64791 0.0172783
3484 0.647528 0.0194954
3487 0.64791 0.0737768
3490 0.64735 0.0177625
3493 0.647375 0.057212
3496 0.648089 0.203236
3499 0.647961 0.033843
3502 0.647834 0.0514016
3505 0.647579 0.0229103
3508 0.647273 0.0229103
3511 0.647273 0.124516
3514 0.647655 0.0699286
3517 0.648012 0.0670999
3520 0.648114 0.0837411
3523 0.648063 0.0912844
3526 0.64842 0.120668
3529 0.64791 0.0857034
3532 0.647936 0.145591
3535 0.647783 0.0417941
3538 0.647426 0.0966106
3541 0.647222 0.225892
3544 0.647834 0.111748
3547 0.648369 0.108206
3550 0.649516 0.0367227
3553 0.650255 0.105657
3556 0.650765 0.095897
3559 0.650382 0.0315749
3562 0.650331 0.110907
3565 0.650943 0.0691132
3568 0.650892 0.147069
3571 0.649847 0.10344
3574 0.64972 0.0624363
3577 0.65028 0.0994903
3580 0.650739 0.0655963
3583 0.650765 0.0744139
3586 0.649516 0.110321
3589 0.650076 0.0692151
3592 0.650866 0.0719419
3595 0.64972 0.105479
3598 0.64972 0.036264
3601 0.648598 0.0298165
3604 0.647961 0.0724006
3607 0.648191 0.0314985
3610 0.649185 0.0430683
3613 0.649006 0.0268349
3616 0.649822 0.0340214
3619 0.650688 0.0462538
3622 0.649796 0.0350917
3625 0.650586 0.0582569
3628 0.651529 0.0638379
3631 0.652982 0.0351427
3634 0.653007 0.0371814
3637 0.652013 0.0391947
3640 0.65237 0.0404179
3643 0.653135 0.0426605
3646 0.652345 0.103593
3649 0.652013 0.0431448
3652 0.651937 0.033053
3655 0.651733 0.0294597
3658 0.650714 0.0333588
3661 0.650917 0.0219674
3664 0.65051 0.0235729
3667 0.649312 0.0261723
3670 0.647885 0.121101
3673 0.648853 0.0286442
3676 0.649516 0.0416157
3679 0.650714 0.0280326
3682 0.649032 0.0178644
3685 0.64712 0.033792
3688 0.646916 0.0615443
3691 0.648012 0.0485729
3694 0.647401 0.0395005
3697 0.646432 0.073369
3700 0.646228 0.0336137
3703 0.649414 0.0433996
3706 0.648012 0.0401886
3709 0.646101 0.0889399
3712 0.64498 0.0915138
3715 0.644929 0.0891692
3718 0.645056 0.0930173
3721 0.642712 0.158945
3724 0.642635 0.106091
3727 0.641488 0.102574
3730 0.639551 0.109582
3733 0.638914 0.126223
3736 0.639679 0.114042
3739 0.639118 0.108894
3742 0.638481 0.116437
3745 0.638532 0.273751
3748 0.638507 0.110194
3751 0.637029 0.0797146
3754 0.63792 0.101045
3757 0.637513 0.0587666
3760 0.638022 0.0388379
3763 0.63736 0.0144241
3766 0.637436 0.0180428
3769 0.636595 0.031422
3772 0.637487 0.0510703
3775 0.637029 0.0442406
3778 0.635627 0.0453874
3781 0.634302 0.0390163
3784 0.632849 0.0501784
3787 0.63318 0.0788481
3790 0.633741 0.066157
3793 0.634684 0.0678644
3796 0.634557 0.154715
3799 0.634888 0.102701
3802 0.634837 0.10976
3805 0.633588 0.128823
3808 0.633384 0.140138
3811 0.63476 0.141871
3814 0.635296 0.144495
3817 0.634174 0.135321
3820 0.640902 0.167762
3823 0.640443 0.0230377
3826 0.638252 0.0264271
3829 0.637411 0.021738
3832 0.636927 0.0175076
3835 0.635831 0.027421
3838 0.633894 0.0283129
3841 0.632645 0.0218909
3844 0.632263 0.0176606
3847 0.633129 0.0787971
3850 0.632926 0.0417176
3853 0.633359 0.0533639
3856 0.633384 0.0356524
3859 0.633945 0.0423547
3862 0.634811 0.0614169
3865 0.635372 0.0672273
3868 0.632543 0.0268603
3871 0.636188 0.0381244
3874 0.637717 0.0532365
3877 0.638022 0.10474
3880 0.639551 0.0456677
3883 0.638965 0.0702599
3886 0.639526 0.0448777
3889 0.638914 0.0596075
3892 0.638201 0.057212
3895 0.638022 0.0766565
3898 0.636952 0.0224516
3901 0.636952 0.0766565
3904 0.637309 0.0772681
3907 0.636876 0.0448522
3910 0.63815 0.0554791
3913 0.636442 0.0504077
3916 0.636595 0.0527778
3919 0.636366 0.0547401
3922 0.637105 0.105173
3925 0.63685 0.0424057
3928 0.638226 0.0414118
3931 0.637946 0.0463812
3934 0.637513 0.0422783
3937 0.637844 0.0405454
3940 0.636927 0.0303772
3943 0.636697 0.0248726
3946 0.638277 0.0642712
3949 0.63815 0.0610601
3952 0.637768 0.0469419
3955 0.638022 0.0415392
3958 0.637946 0.0322885
3961 0.63973 0.0259684
3964 0.637003 0.0305046
3967 0.638124 0.0278287
3970 0.640953 0.101096
3973 0.63922 0.123522
3976 0.638277 0.0923547
3979 0.638405 0.00764526
3982 0.639679 0.0213303
3985 0.640061 0.0377421
3988 0.637895 0.0300459
3991 0.638558 0.0198777
3994 0.639144 0.0269368
3997 0.638761 0.0786442
4000 0.638277 0.0664118
4003 0.638991 0.126198
4006 0.63792 0.0196483
4009 0.638456 0.0167686
4012 0.638812 0.0107288
4015 0.63922 0.00846075
4018 0.639297 0.0254077
4021 0.637411 0.0409531
4024 0.637717 0.0233945
4027 0.637717 0.0208461
4030 0.635933 0.0302497
4033 0.633588 0.0358308
4036 0.634276 0.0313456
4039 0.637793 0.0376656
4042 0.635117 0.0309888
4045 0.632722 0.0310398
4048 0.635907 0.0232671
4051 0.636825 0.121534
4054 0.637385 0.117712
4057 0.637513 0.0373089
4060 0.636646 0.0212029
4063 0.63713 0.0217125
4066 0.637462 0.0260958
4069 0.635729 0.0163609
4072 0.634047 0.0771152
4075 0.633767 0.013736
4078 0.633435 0.0358053
4081 0.634378 0.0182467
4084 0.634633 0.0127166
4087 0.638558 0.021738
4090 0.637768 0.0088685
4093 0.637717 0.0247961
4096 0.639016 0.00568298
4099 0.640443 0.0939602
4102 0.641335 0.10158
4105 0.641233 0.130785
4108 0.642406 0.0786952
4111 0.642176 0.0663609
4114 0.641539 0.0148828
4117 0.64159 0.02579
4120 0.640163 0.0273955
4123 0.641259 0.0399083
4126 0.642839 0.0220438
4129 0.643782 0.0159276
4132 0.642813 0.0167686
4135 0.642864 0.088634
4138 0.645184 0.185831
4141 0.646483 0.211876
4144 0.648649 0.344623
4147 0.650917 0.245413
4150 0.654332 0.227064
4153 0.65683 0.192915
4156 0.661137 0.256804
4159 0.662003 0.217813
4162 0.662742 0.304842
4165 0.665392 0.316641
4168 0.669164 0.178109
4171 0.636213 0.442227
4174 0.676606 0.381346
4177 0.680556 0.181881
4180 0.683639 0.187768
4183 0.693603 0.142151
4186 0.696152 0.104995
4189 0.699363 0.17342
4192 0.69791 0.226019
4195 0.698394 0.128466
4198 0.689883 0.253186
4201 0.689093 0.363303
4204 0.68397 0.366386
4207 0.6816 0.199516
4210 0.679562 0.282645
4213 0.679868 0.408588
4216 0.690163 0.715647
4219 0.698471 0.762385
4222 0.712615 0.789348
4225 0.721279 0.786162
4228 0.725663 0.782212
4231 0.738022 0.770948
4234 0.750331 0.744597
4237 0.754867 0.75288
4240 0.737283 0.702192
4243 0.744037 0.76896
4246 0.744444 0.782875
4249 0.731575 0.745413
4252 0.728186 0.740061
4255 0.724643 0.645184
4258 0.735474 0.816081
4261 0.723012 0.691539
4264 0.705912 0.829281
4267 0.705301 0.838507
4270 0.71366 0.784608
4273 0.730428 0.787181
4276 0.709302 0.812819
4279 0.696585 0.796483
4282 0.67816 0.831524
4285 0.676172 0.872808
4288 0.682671 0.864144
4291 0.673242 0.837742
4294 0.656346 0.65999
4297 0.653695 0.839246
4300 0.664857 0.875229
4303 0.656422 0.866514
4306 0.646407 0.912309
4309 0.646993 0.919215
4312 0.665494 0.870566
4315 0.676325 0.890647
4318 0.661799 0.871891
4321 0.660627 0.891845
4324 0.674006 0.89712
4327 0.670133 0.884072
4330 0.667151 0.828874
4333 0.679358 0.851809
4336 0.680658 0.861035
4339 0.663379 0.835754
4342 0.662309 0.823598
4345 0.65237 0.834811
4348 0.653338 0.856167
4351 0.661213 0.845973
4354 0.66998 0.82686
4357 0.667941 0.821279
4360 0.646101 0.855428
4363 0.645438 0.860729
4366 0.63764 0.808384
4369 0.629791 0.770795
4372 0.617661 0.839985
4375 0.614857 0.838022
4378 0.612385 0.806957
4381 0.575765 0.752931
4384 0.5763 0.802905
4387 0.581142 0.703644
4390 0.583079 0.647095
4393 0.57212 0.792635
4396 0.579179 0.824618
4399 0.590877 0.790418
4402 0.60288 0.763099
4405 0.565418 0.747961
4408 0.543425 0.702523
4411 0.515724 0.721075
4414 0.498114 0.70028
4417 0.507059 0.686774
4420 0.523318 0.682594
4423 0.533894 0.660856
4426 0.542253 0.566386
4429 0.545438 0.728976
4432 0.570566 0.593935
4435 0.598344 0.506804
4438 0.609123 0.61078
4441 0.615392 0.745515
4444 0.595821 0.761646
4447 0.59261 0.770158
4450 0.597095 0.820591
4453 0.597553 0.827829
4456 0.566182 0.759021
4459 0.571662 0.644164
4462 0.564908 0.755657
4465 0.587615 0.745795
4468 0.597553 0.73815
4471 0.610219 0.753109
4474 0.638073 0.714322
4477 0.675127 0.705836
4480 0.678976 0.704358
4483 0.677956 0.652905
4486 0.65711 0.658512
4489 0.64791 0.700943
4492 0.651121 0.686519
4495 0.659429 0.663481
4498 0.636086 0.602497
4501 0.625255 0.719878
4504 0.60869 0.718527
4507 0.570617 0.734888
4510 0.529511 0.756779
4513 0.510474 0.73657
4516 0.527854 0.752574
4519 0.555938 0.788889
4522 0.564653 0.750765
4525 0.59526 0.751453
4528 0.622834 0.755989
4531 0.626121 0.758945
4534 0.617788 0.744597
4537 0.636748 0.727446
4540 0.649414 0.761595
4543 0.658537 0.72946
4546 0.672452 0.733231
4549 0.68239 0.740418
4552 0.673191 0.722783
4555 0.660168 0.734047
4558 0.658639 0.753262
4561 0.669674 0.711544
4564 0.668527 0.73736
4567 0.658308 0.717661
4570 0.65525 0.759964
4573 0.635041 0.769623
4576 0.61213 0.727956
4579 0.604052 0.757314
4582 0.602548 0.777141
4585 0.607951 0.724694
4588 0.604918 0.688634
4591 0.608129 0.734684
4594 0.616284 0.73104
4597 0.617966 0.709455
4600 0.622171 0.674185
4603 0.63657 0.299185
4606 0.646279 0.542559
4609 0.650433 0.660449
4612 0.643094 0.624618
4615 0.639424 0.613405
4618 0.645846 0.589908
4621 0.638532 0.606218
4624 0.616565 0.592839
4627 0.601453 0.609327
4630 0.574184 0.58448
4633 0.558843 0.579918
4636 0.547401 0.615189
4639 0.555122 0.58764
4642 0.561239 0.635117
4645 0.575484 0.605326
4648 0.584659 0.613022
4651 0.577829 0.690571
4654 0.566284 0.684633
4657 0.559939 0.660321
4660 0.561876 0.613124
4663 0.560423 0.581651
4666 0.591845 0.640265
4669 0.604434 0.500026
4672 0.596814 0.487309
4675 0.599337 0.520056
4678 0.577064 0.530403
4681 0.524185 0.529409
4684 0.508257 0.542202
4687 0.507543 0.542074
4690 0.491794 0.509939
4693 0.4684 0.507492
4696 0.463022 0.531116
4699 0.487181 0.497248
4702 0.479893 0.492074
4705 0.49735 0.556881
4708 0.508639 0.587538
4711 0.526835 0.588226
4714 0.547477 0.616973
4717 0.545591 0.614628
4720 0.550739 0.624974
4723 0.566794 0.637844
4726 0.58341 0.643858
4729 0.609557 0.648904
4732 0.603899 0.572885
4735 0.602294 0.507977
4738 0.580479 0.497248
4741 0.565775 0.511366
4744 0.549312 0.572018
4747 0.514399 0.422018
4750 0.512309 0.512385
4753 0.499388 0.476809
4756 0.459047 0.401631
4759 0.452905 0.347732
4762 0.430173 0.385958
4765 0.417559 0.389806
4768 0.406473 0.321024
4771 0.411213 0.311315
4774 0.408002 0.26998
4777 0.410372 0.217227
4780 0.406193 0.191998
4783 0.398955 0.14368
4786 0.386468 0.128695
4789 0.38448 0.107085
4792 0.388048 0.0679154
4795 0.392661 0.0386086
4798 0.398471 0.0261213
4801 0.398344 0.194801
4804 0.395336 0.20107
4807 0.39261 0.250382
4810 0.392355 0.138303
4813 0.394546 0.280836
4816 0.396024 0.209964
4819 0.396662 0.215877
4822 0.401988 0.28764
4825 0.402013 0.126045
4828 0.402396 0.165953
4831 0.402472 0.166565
4834 0.401555 0.242125
4837 0.40186 0.149414
4840 0.40186 0.111086
4843 0.401682 0.238736
4846 0.402013 0.231804
4849 0.401835 0.00507136
4852 0.401147 0.0204128
4855 0.400815 0.118833
4858 0.40395 0.162666
4861 0.404281 0.127396
4864 0.404128 0.0318807
4867 0.403823 0.147706
4870 0.403797 0.195642
4873 0.403644 0.141412
4876 0.403313 0.181193
4879 0.402752 0.116157
4882 0.404383 0.240138
4885 0.403925 0.238124
4888 0.403721 0.20237
4891 0.403976 0.223828
4894 0.403925 0.165928
4897 0.403644 0.00575943
4900 0.403415 0.00797655
4903 0.401962 0.013685
4906 0.402243 0.018578
4909 0.403186 0.0198777
4912 0.404358 0.0141692
4915 0.405224 0.0146789
4918 0.408512 0.029052
4921 0.427931 0.0539501
4924 0.457875 0.0920234
4927 0.460525 0.0905708
4930 0.448242 0.173445
4933 0.467355 0.208894
4936 0.481626 0.222859
4939 0.473471 0.222706
4942 0.46761 0.199949
4945 0.458155 0.212462
4948 0.457467 0.233919
4951 0.433843 0.24475
4954 0.416437 0.213838
4957 0.410856 0.201223
4960 0.420158 0.218094
4963 0.405581 0.202523
4966 0.411111 0.157034
4969 0.410474 0.154613
4972 0.426249 0.151733
4975 0.439679 0.165596
4978 0.449796 0.198089
4981 0.474567 0.239704
4984 0.499083 0.229358
4987 0.502829 0.227931
4990 0.476911 0.237615
4993 0.461544 0.222248
4996 0.45367 0.234608
4999 0.442176 0.254766
5002 0.424388 0.204817
5005 0.416667 0.215928
5008 0.417176 0.188099
5011 0.403644 0.200892
5014 0.396967 0.169674
5017 0.391514 0.130556
5020 0.385449 0.0898063
5023 0.394878 0.0872324
5026 0.411952 0.0806065
5029 0.417253 0.0660296
5032 0.414934 0.0606269
5035 0.412258 0.0606014
5038 0.410525 0.0730632
5041 0.411442 0.0786952
5044 0.401427 0.0764526
5047 0.389042 0.079791
5050 0.377345 0.110168
5053 0.374185 0.149643
5056 0.394572 0.157085
5059 0.421865 0.156651
5062 0.444266 0.139093
5065 0.467813 0.175102
5068 0.492176 0.179332
5071 0.509939 0.19712
5074 0.521662 0.228084
5077 0.521126 0.227141
5080 0.506269 0.255148
5083 0.507441 0.262003
5086 0.489908 0.248879
5089 0.448853 0.286239
5092 0.409404 0.261672
5095 0.403033 0.283384
5098 0.408767 0.236442
5101 0.407467 0.224567
5104 0.402599 0.200127
5107 0.393094 0.143807
5110 0.378848 0.13025
5113 0.379664 0.123879
5116 0.380581 0.0820846
5119 0.372706 0.0627166
5122 0.373165 0.0494648
5125 0.374898 0.0245413
5128 0.385933 0.0361876
5131 0.39712 0.103619
5134 0.406575 0.225663
5137 0.407875 0.186748
5140 0.408792 0.26134
5143 0.408741 0.176402
5146 0.408563 0.150331
5149 0.408308 0.246101
5152 0.408104 0.181779
5155 0.408308 0.189934
5158 0.407594 0.131524
5161 0.409276 0.269215
5164 0.409709 0.199134
5167 0.40976 0.182008
5170 0.409659 0.182492
5173 0.409786 0.118349
5176 0.409582 0.130912
5179 0.409327 0.193043
5182 0.409429 0.176988
5185 0.410398 0.254893
5188 0.410117 0.150586
5191 0.410296 0.21552
5194 0.409964 0.121024
5197 0.408996 0.206065
5200 0.408996 0.109149
5203 0.409404 0.117431
5206 0.408461 0.105861
5209 0.408028 0.167686
5212 0.408512 0.20739
5215 0.407722 0.112742
5218 0.404842 0.194954
5221 0.405556 0.243833
5224 0.405275 0.131397
5227 0.405708 0.138761
5230 0.405785 0.224694
5233 0.405759 0.163226
5236 0.405989 0.178772
5239 0.406167 0.172375
5242 0.405912 0.135601
5245 0.407824 0.203899
5248 0.408257 0.149822
5251 0.408282 0.222069
5254 0.408384 0.201147
5257 0.40632 0.0176351
5260 0.402523 0.0509939
5263 0.414348 0.0800714
5266 0.44261 0.0922018
5269 0.448191 0.115087
5272 0.462232 0.113124
5275 0.473165 0.125229
5278 0.471534 0.122095
5281 0.453517 0.126962
5284 0.409098 0.118705
5287 0.444954 0.123777
5290 0.435729 0.139577
5293 0.433665 0.173649
5296 0.435933 0.26501
5299 0.453338 0.302243
5302 0.469852 0.303925
5305 0.484098 0.302217
5308 0.498828 0.277345
5311 0.499032 0.271305
5314 0.492737 0.209378
5317 0.482314 0.165596
5320 0.471509 0.164297
5323 0.470846 0.154893
5326 0.46896 0.145438
5329 0.465979 0.145923
5332 0.461137 0.174618
5335 0.451886 0.154791
5338 0.455657 0.179281
5341 0.468145 0.187105
5344 0.482696 0.152676
5347 0.495438 0.188583
5350 0.498726 0.201656
5353 0.494444 0.204918
5356 0.486952 0.231142
5359 0.486111 0.26106
5362 0.494266 0.239551
5365 0.500688 0.238277
5368 0.513175 0.272248
5371 0.532773 0.264093
5374 0.534455 0.272044
5377 0.528899 0.28239
5380 0.523573 0.291692
5383 0.515392 0.292074
5386 0.50632 0.312258
5389 0.493425 0.324006
5392 0.488175 0.230097
5395 0.494648 0.293858
5398 0.508894 0.340596
5401 0.519903 0.307492
5404 0.529179 0.269393
5407 0.537411 0.194343
5410 0.547146 0.183384
5413 0.551249 0.190647
5416 0.551121 0.214016
5419 0.538991 0.195872
5422 0.524032 0.20553
5425 0.514042 0.216335
5428 0.522808 0.21473
5431 0.534251 0.229485
5434 0.544801 0.266157
5437 0.547834 0.275025
5440 0.551172 0.301274
5443 0.557008 0.309047
5446 0.548242 0.342661
5449 0.552446 0.270387
5452 0.558843 0.281218
5455 0.56501 0.251172
5458 0.568629 0.254409
5461 0.56896 0.252523
5464 0.573624 0.245107
5467 0.578084 0.235321
5470 0.580505 0.245234
5473 0.583333 0.216208
5476 0.588736 0.205046
5479 0.584378 0.128925
5482 0.577497 0.178848
5485 0.566514 0.165494
5488 0.559225 0.170234
5491 0.554052 0.175866
5494 0.558206 0.17421
5497 0.564195 0.191794
5500 0.574592 0.186672
5503 0.589169 0.180326
5506 0.596075 0.144954
5509 0.609506 0.134837
5512 0.621381 0.14396
5515 0.628899 0.145158
5518 0.630097 0.152396
5521 0.629332 0.207187
5524 0.632314 0.160933
5527 0.631116 0.141565
5530 0.638405 0.094419
5533 0.64289 0.0937564
5536 0.648318 0.104791
5539 0.65739 0.091896
5542 0.664577 0.0995158
5545 0.672706 0.119903
5548 0.67923 0.120642
5551 0.685117 0.119852
5554 0.69024 0.126988
5557 0.692813 0.138965
5560 0.69577 0.146432
5563 0.698165 0.162054
5566 0.693756 0.16524
5569 0.689857 0.175612
5572 0.687564 0.192202
5575 0.691718 0.205097
5578 0.696713 0.205352
5581 0.700714 0.206142
5584 0.699694 0.207238
5587 0.704332 0.162487
5590 0.705097 0.154842
5593 0.70553 0.184021
5596 0.706346 0.18081
5599 0.705683 0.151147
5602 0.706906 0.163328
5605 0.708002 0.146738
5608 0.704587 0.0864424
5611 0.701121 0.0968654
5614 0.699643 0.0964322
5617 0.69842 0.110754
5620 0.697834 0.117329
5623 0.697554 0.119827
5626 0.698293 0.115214
5629 0.698726 0.112054
5632 0.6987 0.0861111
5635 0.698751 0.0964322
5638 0.697503 0.101274
5641 0.698981 0.0929918
5644 0.699006 0.10079
5647 0.697859 0.185143
5650 0.697426 0.107212
5653 0.696764 0.110958
5656 0.69554 0.119954
5659 0.69554 0.115443
5662 0.695005 0.107747
5665 0.695515 0.119241
5668 0.694368 0.124134
5671 0.692559 0.198089
5674 0.692661 0.0719674
5677 0.69289 0.10158
5680 0.692712 0.0697503
5683 0.691055 0.07263
5686 0.693298 0.0751529
5689 0.693043 0.0725535
5692 0.693349 0.0624618
5695 0.692253 0.0343017
5698 0.691463 0.0125127
5701 0.690826 0.187513
5704 0.690953 0.152345
5707 0.691182 0.0882008
5710 0.690367 0.0629969
5713 0.687079 0.0595821
5716 0.685652 0.167737
5719 0.685729 0.189679
5722 0.682543 0.242915
5725 0.682288 0.255403
5728 0.682849 0.050739
5731 0.68318 0.0505352
5734 0.682518 0.052421
5737 0.681651 0.102421
