frame_number static_density dynamic_density
1 0.0700997 0.102998
4 0.0688719 0.113634
7 0.0775019 0.114189
10 0.0860466 0.112766
13 0.0905152 0.130123
16 0.0944049 0.121988
19 0.0970911 0.108593
22 0.0997892 0.200053
25 0.102824 0.107799
28 0.107649 0.152228
31 0.110684 0.119504
34 0.112333 0.0834293
37 0.113642 0.0850336
40 0.11493 0.101848
43 0.116303 0.0884774
46 0.117381 0.149968
49 0.118208 0.118155
52 0.120926 0.0827931
55 0.12766 0.0991653
58 0.132603 0.123884
61 0.135078 0.132554
64 0.130646 0.0819586
67 0.126692 0.0776151
70 0.121364 0.116818
73 0.123386 0.0560814
76 0.125885 0.0705818
79 0.129685 0.100588
82 0.136869 0.0921197
85 0.148805 0.114938
88 0.160611 0.112657
91 0.173544 0.105457
94 0.179511 0.118289
97 0.185532 0.220703
100 0.185718 0.139916
103 0.184381 0.151981
106 0.179102 0.133656
109 0.180439 0.132688
112 0.186646 0.13039
115 0.192586 0.134304
118 0.196759 0.132526
121 0.197354 0.158281
124 0.198335 0.144048
127 0.199575 0.135791
130 0.202759 0.124099
133 0.20583 0.135034
136 0.210554 0.14037
139 0.214772 0.170355
142 0.216384 0.156033
145 0.218276 0.182842
148 0.216632 0.147063
151 0.215347 0.135897
154 0.212762 0.133097
157 0.208865 0.146779
160 0.206316 0.154181
163 0.204331 0.15314
166 0.202224 0.167446
169 0.201155 0.144162
172 0.199319 0.17802
175 0.198367 0.157345
178 0.197488 0.14342
181 0.197982 0.134499
184 0.197561 0.113658
187 0.196147 0.115582
190 0.196439 0.1327
193 0.195782 0.13447
196 0.196345 0.155648
199 0.196167 0.112102
202 0.196094 0.101191
205 0.196803 0.105652
208 0.196467 0.0822017
211 0.196637 0.122271
214 0.196297 0.114999
217 0.195705 0.087027
220 0.197824 0.208342
223 0.197306 0.137335
226 0.197022 0.108443
229 0.196799 0.118702
232 0.197156 0.10767
235 0.198242 0.132992
238 0.197289 0.114257
241 0.195713 0.0950165
244 0.196957 0.0735881
247 0.195187 0.129102
250 0.194834 0.104676
253 0.194194 0.140677
256 0.194312 0.129204
259 0.194502 0.118856
262 0.194328 0.136666
265 0.194595 0.100073
268 0.194336 0.101434
271 0.192991 0.167867
274 0.192768 0.140272
277 0.196731 0.0797586
280 0.201426 0.0927882
283 0.207244 0.145953
286 0.213273 0.0848513
289 0.212548 0.0832185
292 0.210299 0.0967669
295 0.207657 0.167831
298 0.203095 0.112572
301 0.199955 0.112045
304 0.197921 0.106454
307 0.197261 0.105559
310 0.197508 0.0960984
313 0.196512 0.0820476
316 0.197059 0.0975001
319 0.195146 0.0903168
322 0.195543 0.165562
325 0.195973 0.116867
328 0.196188 0.109181
331 0.196216 0.114942
334 0.196321 0.0940604
337 0.196115 0.0979742
340 0.196803 0.111312
343 0.199258 0.058022
346 0.201564 0.11946
349 0.202492 0.108026
352 0.201272 0.0648732
355 0.200932 0.115112
358 0.200981 0.11335
361 0.200912 0.0836278
364 0.20064 0.0821571
367 0.199935 0.0822664
370 0.198197 0.179244
373 0.19767 0.155717
376 0.197107 0.10831
379 0.196479 0.130921
382 0.197492 0.0591605
385 0.201037 0.102889
388 0.203427 0.101337
391 0.2072 0.107767
394 0.208942 0.10331
397 0.212268 0.157637
400 0.21303 0.143696
403 0.214934 0.113022
406 0.221554 0.0944981
409 0.231553 0.089235
412 0.241832 0.099834
415 0.254023 0.113423
418 0.264902 0.127935
421 0.271668 0.212333
424 0.284021 0.171818
427 0.296775 0.160275
430 0.306608 0.172543
433 0.316769 0.201033
436 0.327145 0.164193
439 0.331784 0.199903
442 0.334053 0.214148
445 0.338409 0.269383
448 0.344855 0.242849
451 0.351612 0.256029
454 0.356527 0.26559
457 0.361652 0.257641
460 0.364302 0.275322
463 0.367337 0.279414
466 0.367434 0.273284
469 0.367016 0.274734
472 0.37042 0.318447
475 0.370152 0.283936
478 0.368499 0.270501
481 0.369168 0.271307
484 0.369788 0.282842
487 0.371007 0.249319
490 0.370914 0.267389
493 0.370987 0.289875
496 0.371951 0.289794
499 0.373807 0.306584
502 0.382384 0.301936
505 0.392865 0.232384
508 0.405863 0.243485
511 0.414986 0.162997
514 0.420975 0.222328
517 0.428567 0.195446
520 0.443748 0.249449
523 0.452079 0.173507
526 0.461134 0.165951
529 0.466449 0.182506
532 0.469869 0.178414
535 0.47217 0.203237
538 0.474856 0.162681
541 0.477761 0.128547
544 0.479033 0.154574
547 0.478406 0.236363
550 0.475808 0.172802
553 0.474576 0.163204
556 0.473426 0.13477
559 0.47121 0.193226
562 0.46965 0.1981
565 0.466182 0.241626
568 0.464666 0.280314
571 0.466842 0.337797
574 0.46916 0.306341
577 0.473693 0.309185
580 0.479382 0.232826
583 0.484839 0.181124
586 0.4896 0.138392
589 0.494798 0.12386
592 0.500454 0.135491
595 0.517774 0.205587
598 0.532663 0.162499
601 0.544166 0.168617
604 0.55188 0.174058
607 0.564816 0.150142
610 0.578021 0.107852
613 0.58554 0.109752
616 0.591715 0.134446
619 0.595179 0.137088
622 0.608196 0.19904
625 0.610299 0.124645
628 0.610676 0.138546
631 0.615149 0.185042
634 0.617503 0.158451
637 0.618183 0.152455
640 0.618208 0.119306
643 0.618037 0.122393
646 0.618232 0.238457
649 0.619229 0.179673
652 0.621056 0.134276
655 0.622121 0.152828
658 0.623276 0.139446
661 0.623418 0.162616
664 0.625026 0.131614
667 0.625537 0.113277
670 0.624516 0.192646
673 0.625812 0.127425
676 0.626238 0.135969
679 0.627246 0.140163
682 0.629487 0.149963
685 0.629961 0.136666
688 0.629661 0.103504
691 0.629738 0.154886
694 0.630232 0.159083
697 0.633454 0.201455
700 0.633474 0.182955
703 0.634033 0.199243
706 0.6349 0.156223
709 0.635852 0.182015
712 0.63821 0.203185
715 0.638421 0.187003
718 0.63981 0.195033
721 0.642711 0.31166
724 0.643327 0.197136
727 0.643797 0.22638
730 0.64372 0.1827
733 0.644547 0.127595
736 0.645292 0.152828
739 0.646528 0.0963901
742 0.647249 0.132955
745 0.650802 0.278969
748 0.653869 0.165375
751 0.653561 0.224718
754 0.654278 0.186071
757 0.654278 0.172012
760 0.654923 0.164638
763 0.656004 0.186666
766 0.65664 0.162349
769 0.656632 0.173069
772 0.663119 0.280293
775 0.662904 0.233587
778 0.662973 0.186678
781 0.662037 0.128049
784 0.661701 0.106146
787 0.662649 0.110173
790 0.661709 0.109327
793 0.6616 0.105875
796 0.657362 0.202564
799 0.656596 0.170918
802 0.654185 0.146824
805 0.652674 0.11781
808 0.652042 0.120598
811 0.653675 0.129981
814 0.661146 0.134171
817 0.669301 0.159667
820 0.696678 0.268783
823 0.713082 0.193193
826 0.739032 0.148096
829 0.750907 0.160226
832 0.757973 0.1135
835 0.76098 0.124175
838 0.761794 0.124281
841 0.763317 0.118252
844 0.76371 0.101673
847 0.777494 0.183134
850 0.777202 0.152078
853 0.77721 0.122976
856 0.775444 0.120578
859 0.774994 0.127303
862 0.775306 0.122146
865 0.774386 0.126444
868 0.772859 0.0702698
871 0.777636 0.185147
874 0.778515 0.142764
877 0.778231 0.119281
880 0.780083 0.135058
883 0.779791 0.141642
886 0.779511 0.114796
889 0.779333 0.0789361
892 0.77657 0.0837938
895 0.779738 0.183867
898 0.773102 0.192651
901 0.772429 0.0814238
904 0.772587 0.0883437
907 0.766247 0.270999
910 0.76685 0.131796
913 0.768102 0.100567
916 0.77029 0.0998137
919 0.770464 0.0878413
922 0.771003 0.0756421
925 0.770946 0.0757353
928 0.771579 0.0717527
931 0.771899 0.232878
934 0.772117 0.161741
937 0.771797 0.0884977
940 0.771084 0.0845717
943 0.769715 0.113325
946 0.767102 0.115995
949 0.767535 0.10233
952 0.766713 0.110793
955 0.779236 0.241026
958 0.778592 0.169581
961 0.776132 0.136897
964 0.773252 0.124151
967 0.773483 0.104647
970 0.772482 0.0807633
973 0.770858 0.107491
976 0.770112 0.0775261
979 0.768349 0.0638076
982 0.758832 0.167511
985 0.756045 0.0995177
988 0.755713 0.0791063
991 0.761425 0.0944089
994 0.762989 0.108164
997 0.761806 0.0904261
1000 0.762398 0.0798841
1003 0.761948 0.112884
1006 0.759387 0.250466
1009 0.759805 0.121493
1012 0.752986 0.170647
1015 0.752411 0.0855644
1018 0.753926 0.0840166
1021 0.753189 0.0960092
1024 0.752646 0.0610202
1027 0.752536 0.0539826
1030 0.752504 0.165995
1033 0.752354 0.17326
1036 0.758233 0.235471
1039 0.757366 0.122855
1042 0.756247 0.102321
1045 0.756713 0.0895916
1048 0.757139 0.10348
1051 0.758156 0.0923022
1054 0.758208 0.0670731
1057 0.757921 0.0627056
1060 0.758545 0.0655943
1063 0.752455 0.228547
1066 0.752265 0.0773438
1069 0.751017 0.0847783
1072 0.752208 0.0749169
1075 0.751082 0.114995
1078 0.751925 0.0590025
1081 0.752212 0.0633741
1084 0.753448 0.0812251
1087 0.75737 0.162382
1090 0.756709 0.0913865
1093 0.757856 0.0525281
1096 0.758257 0.058415
1099 0.757957 0.0815616
1102 0.756438 0.0523904
1105 0.756138 0.0601329
1108 0.755279 0.0643303
1111 0.757674 0.165517
1114 0.755409 0.0768536
1117 0.756373 0.0626003
1120 0.754615 0.0758813
1123 0.755555 0.0719269
1126 0.755465 0.0515234
1129 0.756069 0.0535492
1132 0.759675 0.0692732
1135 0.757102 0.0690666
1138 0.763617 0.145681
1141 0.76525 0.109493
1144 0.762552 0.0795317
1147 0.761511 0.0901224
1150 0.760352 0.0751965
1153 0.758095 0.0652135
1156 0.75615 0.0828579
1159 0.757033 0.0631108
1162 0.756251 0.208083
1165 0.754744 0.116052
1168 0.754412 0.0776842
1171 0.755737 0.104825
1174 0.754664 0.085062
1177 0.754116 0.106308
1180 0.756 0.0848998
1183 0.758816 0.074451
1186 0.766226 0.190771
1189 0.766555 0.12249
1192 0.765615 0.129738
1195 0.766733 0.0912932
1198 0.76922 0.11021
1201 0.76935 0.0967627
1204 0.770249 0.0966777
1207 0.768438 0.0797869
1210 0.767183 0.0708006
1213 0.770776 0.240787
1216 0.770067 0.0942346
1219 0.768236 0.131898
1222 0.768264 0.184033
1225 0.767648 0.102443
1228 0.765995 0.0801637
1231 0.766846 0.0534884
1234 0.766644 0.0524755
1237 0.756904 0.169861
1240 0.754226 0.0743902
1243 0.759339 0.0908151
1246 0.761976 0.0800745
1249 0.761397 0.0718459
1252 0.75786 0.0658213
1255 0.754971 0.0587676
1258 0.754193 0.0760028
1261 0.755076 0.167243
1264 0.753261 0.11215
1267 0.753582 0.104765
1270 0.753768 0.117576
1273 0.751815 0.147326
1276 0.752796 0.111105
1279 0.75265 0.105911
1282 0.75286 0.0573454
1285 0.751155 0.0509278
1288 0.750851 0.169431
1291 0.749019 0.107913
1294 0.75079 0.0905681
1297 0.752131 0.0814358
1300 0.750879 0.126282
1303 0.752447 0.0673771
1306 0.752431 0.0547119
1309 0.748639 0.0847866
1312 0.742561 0.214184
1315 0.738198 0.146139
1318 0.734155 0.111786
1321 0.73272 0.0968196
1324 0.728336 0.123231
1327 0.727895 0.136606
1330 0.726744 0.0880682
1333 0.723831 0.117065
1336 0.72896 0.245061
1339 0.726108 0.160883
1342 0.726683 0.109639
1345 0.727611 0.0970019
1348 0.727992 0.132821
1351 0.727437 0.105907
1354 0.728551 0.11179
1357 0.730686 0.085536
1360 0.731343 0.0999718
1363 0.727789 0.22764
1366 0.727636 0.11017
1369 0.731375 0.119484
1372 0.733713 0.0976176
1375 0.731789 0.113386
1378 0.730844 0.109177
1381 0.731622 0.10831
1384 0.731468 0.0871931
1387 0.730208 0.234831
1390 0.731326 0.147504
1393 0.732445 0.122948
1396 0.733737 0.145843
1399 0.734458 0.119698
1402 0.735755 0.0909043
1405 0.73684 0.0878981
1408 0.73917 0.0708977
1411 0.755336 0.286982
1414 0.754748 0.187999
1417 0.754801 0.180901
1420 0.756037 0.152107
1423 0.756649 0.174629
1426 0.755109 0.114257
1429 0.755223 0.132461
1432 0.754805 0.165963
1435 0.756657 0.182307
1438 0.761016 0.198857
1441 0.760242 0.189952
1444 0.761713 0.237461
1447 0.764014 0.249733
1450 0.766943 0.208658
1453 0.767268 0.334057
1456 0.771712 0.200381
1459 0.778102 0.317422
1462 0.792841 0.359626
1465 0.79359 0.310494
1468 0.796471 0.437712
1471 0.798777 0.421951
1474 0.803395 0.418167
1477 0.804801 0.394198
1480 0.808042 0.364213
1483 0.809493 0.369719
1486 0.823653 0.38236
1489 0.828263 0.404343
1492 0.830123 0.399044
1495 0.829491 0.416012
1498 0.831254 0.469407
1501 0.834956 0.491524
1504 0.837124 0.464164
1507 0.839624 0.59936
1510 0.843834 0.530241
1513 0.849072 0.603667
1516 0.844899 0.579844
1519 0.846317 0.539348
1522 0.836067 0.455214
1525 0.829605 0.512167
1528 0.827798 0.481485
1531 0.822924 0.49872
1534 0.816939 0.514047
1537 0.807333 0.500255
1540 0.803334 0.508459
1543 0.798744 0.486115
1546 0.79432 0.490677
1549 0.79229 0.505097
1552 0.766733 0.492719
1555 0.761113 0.486541
1558 0.759858 0.482793
1561 0.752123 0.458784
1564 0.756734 0.428272
1567 0.754991 0.479738
1570 0.755486 0.424702
1573 0.753318 0.487063
1576 0.755166 0.49528
1579 0.767369 0.506118
1582 0.772936 0.507759
1585 0.770987 0.516826
1588 0.769743 0.469998
1591 0.759408 0.461292
1594 0.75617 0.495952
1597 0.756065 0.490981
1600 0.750341 0.533899
1603 0.750433 0.547763
1606 0.74654 0.539207
1609 0.752431 0.531351
1612 0.752763 0.463188
1615 0.73772 0.463727
1618 0.722518 0.447691
1621 0.707499 0.485807
1624 0.703339 0.469395
1627 0.706004 0.45786
1630 0.715858 0.429353
1633 0.725107 0.390321
1636 0.716161 0.400186
1639 0.723855 0.427858
1642 0.724062 0.471279
1645 0.721647 0.433559
1648 0.709383 0.435504
1651 0.706146 0.3921
1654 0.710084 0.407819
1657 0.716397 0.494968
1660 0.723944 0.491662
1663 0.730378 0.425573
1666 0.735058 0.391362
1669 0.74654 0.421218
1672 0.754967 0.410133
1675 0.748821 0.413176
1678 0.740216 0.422656
1681 0.724483 0.414265
1684 0.715153 0.390142
1687 0.703768 0.399559
1690 0.707463 0.448639
1693 0.714898 0.407998
1696 0.715218 0.445166
1699 0.716385 0.477473
1702 0.723709 0.428486
1705 0.723633 0.452557
1708 0.71072 0.438396
1711 0.69419 0.414914
1714 0.683304 0.42926
1717 0.676339 0.433004
1720 0.662689 0.425796
1723 0.655474 0.394506
1726 0.650466 0.378559
1729 0.646066 0.349097
1732 0.582574 0.403031
1735 0.545612 0.423758
1738 0.512361 0.390361
1741 0.486152 0.373389
1744 0.461134 0.404696
1747 0.445515 0.422595
1750 0.403561 0.415076
1753 0.383344 0.414217
1756 0.37676 0.378628
1759 0.368872 0.418025
1762 0.369188 0.391909
1765 0.366328 0.305899
1768 0.377036 0.366
1771 0.375063 0.370359
1774 0.381278 0.335342
1777 0.38238 0.419581
1780 0.373742 0.350308
1783 0.370671 0.330504
1786 0.362932 0.237254
1789 0.348136 0.259132
1792 0.333685 0.287201
1795 0.319622 0.295722
1798 0.32016 0.317264
1801 0.323138 0.318908
1804 0.322271 0.311089
1807 0.320529 0.32939
1810 0.316319 0.331335
1813 0.307795 0.341593
1816 0.298635 0.272036
1819 0.292606 0.327624
1822 0.288319 0.323997
1825 0.279422 0.271092
1828 0.27025 0.302937
1831 0.262961 0.302463
1834 0.25673 0.279187
1837 0.249643 0.283676
1840 0.236731 0.26243
1843 0.22371 0.239126
1846 0.210291 0.259396
1849 0.194162 0.26132
1852 0.1733 0.211794
1855 0.161822 0.183717
1858 0.159327 0.167794
1861 0.151754 0.18627
1864 0.141917 0.168074
1867 0.143903 0.181047
1870 0.160117 0.189207
1873 0.170801 0.191646
1876 0.185386 0.223252
1879 0.207824 0.231047
1882 0.219439 0.263743
1885 0.231784 0.277777
1888 0.24731 0.31858
1891 0.272028 0.334191
1894 0.292719 0.366263
1897 0.290074 0.374654
1900 0.298704 0.391237
1903 0.328936 0.416433
1906 0.371117 0.416478
1909 0.3824 0.430804
1912 0.374662 0.376898
1915 0.373527 0.361081
1918 0.358431 0.346941
1921 0.35767 0.359472
1924 0.352844 0.364136
1927 0.335467 0.363196
1930 0.317794 0.319662
1933 0.287542 0.335775
1936 0.272125 0.257106
1939 0.260206 0.277251
1942 0.253189 0.221822
1945 0.243258 0.294182
1948 0.221587 0.262219
1951 0.188672 0.269139
1954 0.159574 0.183786
1957 0.127336 0.221315
1960 0.111 0.161875
1963 0.089462 0.199437
1966 0.0671948 0.133822
1969 0.0443603 0.0874442
1972 0.0193825 0.102342
1975 0.00716717 0.103193
1978 0.00716717 0.125687
1981 0.0073738 0.119188
1984 0.00707398 0.1412
1987 0.00685113 0.134624
1990 0.00696053 0.102621
1993 0.00641764 0.0798194
1996 0.00654729 0.076112
1999 0.00768577 0.0804392
2002 0.0289927 0.0686126
2005 0.0687667 0.0825581
2008 0.10726 0.1022
2011 0.148023 0.147549
2014 0.187825 0.180455
2017 0.222575 0.197921
2020 0.244891 0.200689
2023 0.25865 0.259991
2026 0.289968 0.310433
2029 0.318317 0.340317
2032 0.310894 0.33368
2035 0.294834 0.303768
2038 0.282048 0.274787
2041 0.279556 0.289008
2044 0.248339 0.28885
2047 0.229524 0.244069
2050 0.222766 0.219674
2053 0.199781 0.172616
2056 0.169034 0.148055
2059 0.138303 0.149737
2062 0.105494 0.19026
2065 0.0804514 0.183117
2068 0.0698403 0.180075
2071 0.0625882 0.135062
2074 0.0504903 0.151422
2077 0.032854 0.147654
2080 0.0174864 0.146714
2083 0.0124787 0.140406
2086 0.0122924 0.139284
2089 0.0110445 0.139543
2092 0.00999109 0.121019
2095 0.00958998 0.106584
2098 0.0144235 0.0604571
2101 0.0270805 0.0691396
2104 0.0460295 0.0595292
2107 0.0691921 0.100138
2110 0.0969208 0.107925
2113 0.128847 0.198456
2116 0.161676 0.195333
2119 0.194202 0.131582
2122 0.227218 0.167965
2125 0.265695 0.148221
2128 0.301722 0.167879
2131 0.325987 0.181529
2134 0.340528 0.175873
2137 0.341541 0.216417
2140 0.338931 0.213775
2143 0.338121 0.228243
2146 0.332744 0.215529
2149 0.32294 0.214744
2152 0.299384 0.223576
2155 0.293542 0.163358
2158 0.292813 0.195422
2161 0.287355 0.21696
2164 0.282975 0.150859
2167 0.274103 0.151682
2170 0.260234 0.150243
2173 0.243364 0.157017
2176 0.212163 0.166307
2179 0.178114 0.187781
2182 0.142346 0.172097
2185 0.118358 0.12894
2188 0.0945749 0.136845
2191 0.0735355 0.118832
2194 0.0541528 0.183964
2197 0.0365124 0.152111
2200 0.0219877 0.145608
2203 0.0165586 0.17044
2206 0.0124747 0.170067
2209 0.00872295 0.134637
2212 0.00348432 0.237169
2215 0.0014545 0.182566
2218 0.0018394 0.160927
2221 0.00116279 0.118289
2224 0.00156794 0.164727
2227 0.00134511 0.160477
2230 0.00200956 0.150636
2233 0.00192853 0.129228
2236 0.00166923 0.181363
2239 0.00173811 0.150936
2242 0.00188801 0.13821
2245 0.00179888 0.147978
2248 0.00195689 0.181707
2251 0.00290496 0.231983
2254 0.00358967 0.118771
2257 0.00292521 0.103902
2260 0.00426222 0.112552
2263 0.00583421 0.215995
2266 0.00962646 0.105806
2269 0.0292561 0.103071
2272 0.046459 0.118297
2275 0.0603516 0.133466
2278 0.0683453 0.121056
2281 0.075229 0.113171
2284 0.0799084 0.138789
2287 0.0850822 0.19592
2290 0.087975 0.152852
2293 0.0891783 0.162823
2296 0.0895917 0.161421
2299 0.0959404 0.147419
2302 0.102261 0.198023
2305 0.104769 0.174581
2308 0.102281 0.151912
2311 0.091593 0.179803
2314 0.0782473 0.143128
2317 0.068876 0.161401
2320 0.0568957 0.136666
2323 0.053148 0.155648
2326 0.0486305 0.148387
2329 0.0462685 0.157175
2332 0.041119 0.150126
2335 0.0319828 0.163751
2338 0.0276112 0.168378
2341 0.0245158 0.133425
2344 0.0204927 0.157807
2347 0.015882 0.133518
2350 0.0132809 0.11653
2353 0.0136496 0.0997854
2356 0.0114051 0.14133
2359 0.0100964 0.114893
2362 0.0104611 0.132104
2365 0.0130905 0.116469
2368 0.0136861 0.108533
2371 0.0137307 0.0940767
2374 0.0159469 0.101702
2377 0.0140305 0.0946601
2380 0.0129082 0.110976
2383 0.0138157 0.0892148
2386 0.0376671 0.189827
2389 0.0567823 0.129669
2392 0.0633378 0.144243
2395 0.0675228 0.152163
2398 0.0687668 0.176651
2401 0.0686613 0.124779
2404 0.0708533 0.130545
2407 0.0757799 0.141658
2410 0.0781623 0.139782
2413 0.07217 0.158925
2416 0.0599465 0.145527
2419 0.0519244 0.224654
2422 0.0362897 0.211421
2425 0.0215136 0.190082
2428 0.0102747 0.16858
2431 0.00369095 0.0867799
2434 0.0189896 0.132773
2437 0.0310266 0.191605
2440 0.0361356 0.134438
2443 0.0409693 0.123357
2446 0.0449518 0.126068
2449 0.0488454 0.106661
2452 0.0505713 0.118625
2455 0.0511708 0.129536
2458 0.0504942 0.153476
2461 0.0584394 0.147318
2464 0.0472287 0.152382
2467 0.03396 0.11525
2470 0.0225711 0.159967
2473 0.0160158 0.14699
2476 0.0112552 0.11852
2479 0.00760068 0.132781
2482 0.00911596 0.116862
2485 0.0104813 0.0866015
2488 0.0120736 0.147796
2491 0.013366 0.112106
2494 0.0145207 0.0967183
2497 0.0151446 0.0671502
2500 0.0164898 0.0819383
2503 0.016899 0.116546
2506 0.0182967 0.10818
2509 0.0254923 0.101973
2512 0.0417835 0.182408
2515 0.0541204 0.138875
2518 0.0548173 0.172814
2521 0.0587636 0.17465
2524 0.0633052 0.165935
2527 0.0673081 0.193355
2530 0.0716636 0.141646
2533 0.0744065 0.185925
2536 0.0784337 0.172117
2539 0.0815573 0.180297
2542 0.0826918 0.172093
2545 0.0857021 0.201896
2548 0.0851229 0.236682
2551 0.0743173 0.204368
2554 0.068629 0.180699
2557 0.051572 0.208553
2560 0.0357061 0.172818
2563 0.0219876 0.212223
2566 0.00939146 0.158411
2569 0.00155984 0.104364
2572 0.000534803 0.0953124
2575 0.000530751 0.11916
2578 0.000538855 0.129665
2581 0.000542906 0.109189
2584 0.000514545 0.106288
2587 0.000704967 0.182461
2590 0.00060368 0.157921
2593 0.000615834 0.148797
2596 0.000660401 0.121976
2599 0.000555061 0.142035
2602 0.000526699 0.125776
2605 0.000530751 0.123977
2608 0.000591524 0.131059
2611 0.000822462 0.212321
2614 0.000704967 0.133385
2617 0.000709018 0.127595
2620 0.000656349 0.12896
2623 0.00068876 0.125979
2626 0.0123329 0.125598
2629 0.0250182 0.123977
2632 0.032388 0.132068
2635 0.0375496 0.106981
2638 0.0495016 0.193129
2641 0.0710274 0.141804
2644 0.0958471 0.15124
2647 0.120813 0.187003
2650 0.138542 0.206827
2653 0.150984 0.209939
2656 0.1582 0.202232
2659 0.16984 0.206061
2662 0.17802 0.24464
2665 0.169508 0.23368
2668 0.161766 0.212823
2671 0.154744 0.227332
2674 0.159391 0.216028
2677 0.16239 0.222093
2680 0.154732 0.234219
2683 0.138842 0.247804
2686 0.13142 0.213001
2689 0.119447 0.183073
2692 0.11102 0.242647
2695 0.0971842 0.183988
2698 0.0780893 0.1563
2701 0.0647921 0.19312
2704 0.050012 0.178336
2707 0.0420428 0.131954
2710 0.0425007 0.142938
2713 0.0432096 0.165011
2716 0.0452516 0.129827
2719 0.0459889 0.119103
2722 0.0446844 0.147832
2725 0.0459932 0.142391
2728 0.0522203 0.123949
2731 0.0655214 0.14133
2734 0.0751681 0.147889
2737 0.0808444 0.156831
2740 0.0845435 0.142326
2743 0.0862857 0.124897
2746 0.0884207 0.132931
2749 0.0944048 0.148776
2752 0.0962848 0.165595
2755 0.0986711 0.15867
2758 0.100588 0.162823
2761 0.102281 0.205085
2764 0.104242 0.208091
2767 0.106624 0.193587
2770 0.107694 0.167041
2773 0.109703 0.182777
2776 0.10991 0.197046
2779 0.111697 0.148177
2782 0.115327 0.181428
2785 0.116907 0.17281
2788 0.117029 0.217523
2791 0.118977 0.173495
2794 0.119322 0.194705
2797 0.119212 0.191374
2800 0.120189 0.201912
2803 0.120476 0.218058
2806 0.121789 0.202528
2809 0.12247 0.192756
2812 0.121558 0.217823
2815 0.123017 0.135074
2818 0.123211 0.157589
2821 0.124086 0.160883
2824 0.124159 0.150843
2827 0.123831 0.130066
2830 0.123361 0.10835
2833 0.123973 0.137465
2836 0.124641 0.210579
2839 0.12484 0.108877
2842 0.124974 0.09308
2845 0.123957 0.0933392
2848 0.12439 0.114391
2851 0.130998 0.117567
2854 0.136448 0.0867392
2857 0.132578 0.075241
2860 0.128503 0.0656268
2863 0.123795 0.134365
2866 0.125488 0.116834
2869 0.126858 0.0861802
2872 0.12815 0.107929
2875 0.127425 0.0968966
2878 0.126704 0.0981687
2881 0.13016 0.0853861
2884 0.133838 0.106333
2887 0.135236 0.140171
2890 0.13759 0.12439
2893 0.137189 0.102289
2896 0.135601 0.114444
2899 0.13663 0.119504
2902 0.13729 0.0944332
2905 0.136346 0.0935702
2908 0.137995 0.108221
2911 0.137979 0.129062
2914 0.138364 0.120448
2917 0.138182 0.110858
2920 0.136982 0.110319
2923 0.138234 0.0884855
2926 0.137643 0.137785
2929 0.137963 0.125828
2932 0.141674 0.127121
2935 0.143445 0.130913
2938 0.143558 0.142355
2941 0.148866 0.109173
2944 0.158399 0.127012
2947 0.171882 0.123969
2950 0.185435 0.13377
2953 0.198594 0.12943
2956 0.211709 0.124078
2959 0.227328 0.107058
2962 0.2469 0.15406
2965 0.261993 0.140049
2968 0.277846 0.196155
2971 0.295892 0.183632
2974 0.314857 0.190301
2977 0.329916 0.194648
2980 0.340491 0.214359
2983 0.355883 0.175444
2986 0.378219 0.250794
2989 0.385528 0.212386
2992 0.403359 0.196702
2995 0.420711 0.226347
2998 0.441403 0.223061
3001 0.466737 0.239596
3004 0.490544 0.268151
3007 0.512467 0.2758
3010 0.531027 0.272138
3013 0.561717 0.325144
3016 0.590758 0.34718
3019 0.613091 0.30207
3022 0.626489 0.340673
3025 0.639956 0.258589
3028 0.647273 0.299388
3031 0.663755 0.205972
3034 0.673118 0.207945
3037 0.694441 0.27924
3040 0.680642 0.159225
3043 0.656547 0.198951
3046 0.651657 0.149169
3049 0.648979 0.140783
3052 0.644802 0.148716
3055 0.641561 0.114622
3058 0.643817 0.130776
3061 0.649984 0.222749
3064 0.654173 0.16482
3067 0.657228 0.179641
3070 0.662102 0.197873
3073 0.661928 0.203176
3076 0.658614 0.185499
3079 0.657204 0.19494
3082 0.663787 0.168175
3085 0.66999 0.166417
3088 0.685269 0.209926
3091 0.681809 0.163913
3094 0.677769 0.185273
3097 0.673321 0.165631
3100 0.669755 0.137416
3103 0.668605 0.155579
3106 0.665931 0.141735
3109 0.66397 0.158447
3112 0.660396 0.218896
3115 0.659278 0.154834
3118 0.655117 0.155858
3121 0.655693 0.153233
3124 0.656138 0.172948
3127 0.660441 0.140443
3130 0.664865 0.138939
3133 0.664663 0.140054
3136 0.671096 0.238036
3139 0.67016 0.136241
3142 0.67031 0.126756
3145 0.666907 0.0988695
3148 0.664825 0.0866826
3151 0.663508 0.141468
3154 0.662928 0.084434
3157 0.663034 0.107779
3160 0.662333 0.0912608
3163 0.661486 0.199737
3166 0.660858 0.129819
3169 0.658054 0.150592
3172 0.658261 0.157046
3175 0.656896 0.138518
3178 0.657957 0.129284
3181 0.661247 0.106997
3184 0.662997 0.099615
3187 0.669472 0.205028
3190 0.666393 0.168653
3193 0.666303 0.162398
3196 0.665813 0.140754
3199 0.664176 0.156409
3202 0.663528 0.128904
3205 0.663338 0.119994
3208 0.661624 0.129418
3211 0.658399 0.249291
3214 0.661288 0.166234
3217 0.661186 0.157722
3220 0.660664 0.105757
3223 0.659359 0.0746779
3226 0.65869 0.08789
3229 0.658078 0.0971315
3232 0.655636 0.0875172
3235 0.654943 0.0868731
3238 0.655036 0.222895
3241 0.653602 0.0722227
3244 0.652994 0.0867434
3247 0.652115 0.134985
3250 0.651657 0.074913
3253 0.651215 0.138202
3256 0.64996 0.0819949
3259 0.651187 0.0756584
3262 0.65047 0.214776
3265 0.652528 0.120322
3268 0.651588 0.0543352
3271 0.653407 0.036403
3274 0.654797 0.064229
3277 0.658346 0.0574386
3280 0.658942 0.06856
3283 0.659181 0.0638279
3286 0.675622 0.180869
3289 0.67394 0.0936796
3292 0.674078 0.0958755
3295 0.675184 0.100332
3298 0.673009 0.0993842
3301 0.671011 0.0949639
3304 0.670724 0.10096
3307 0.670525 0.106154
3310 0.670331 0.0870999
3313 0.668455 0.229256
3316 0.667191 0.117284
3319 0.665234 0.131541
3322 0.664561 0.111194
3325 0.664282 0.126951
3328 0.663512 0.0910501
3331 0.661786 0.110688
3334 0.660574 0.0889475
3337 0.650433 0.192598
3340 0.649469 0.123969
3343 0.649295 0.0943887
3346 0.647768 0.104821
3349 0.645446 0.121056
3352 0.645426 0.081687
3355 0.646208 0.104076
3358 0.648505 0.0986306
3361 0.654489 0.164253
3364 0.654282 0.09545
3367 0.652005 0.0893728
3370 0.649088 0.0999432
3373 0.649129 0.0986387
3376 0.649716 0.0699336
3379 0.65043 0.0649502
3382 0.65051 0.0544405
3385 0.650685 0.0835386
3388 0.65107 0.187375
3391 0.65188 0.122377
3394 0.653043 0.0727656
3397 0.653663 0.0711086
3400 0.655899 0.0553561
3403 0.65756 0.0582003
3406 0.657584 0.0683778
3409 0.6563 0.0760392
3412 0.651568 0.225448
3415 0.65 0.131136
3418 0.648565 0.125983
3421 0.647853 0.101807
3424 0.647346 0.118366
3427 0.647488 0.0954218
3430 0.647731 0.05818
3433 0.651333 0.11416
3436 0.688178 0.296901
3439 0.688842 0.148148
3442 0.690556 0.110716
3445 0.697881 0.0864111
3448 0.706013 0.0839924
3451 0.709128 0.1069
3454 0.710003 0.0809132
3457 0.710595 0.0744996
3460 0.710761 0.106827
3463 0.706944 0.209647
3466 0.706726 0.12072
3469 0.706418 0.115558
3472 0.704829 0.107601
3475 0.705794 0.089936
3478 0.707431 0.115287
3481 0.709197 0.0908394
3484 0.710627 0.0677458
3487 0.706215 0.265019
3490 0.709817 0.137995
3493 0.711413 0.144048
3496 0.715732 0.115376
3499 0.716263 0.119131
3502 0.717122 0.144218
3505 0.717608 0.0825784
3508 0.717515 0.0570334
3511 0.72247 0.212333
3514 0.723698 0.105324
3517 0.724969 0.164626
3520 0.724386 0.115829
3523 0.725095 0.118718
3526 0.725569 0.117312
3529 0.725051 0.0745969
3532 0.725266 0.0754072
3535 0.725298 0.0589134
3538 0.716437 0.254173
3541 0.717223 0.153999
3544 0.717774 0.0744753
3547 0.717162 0.0933515
3550 0.717397 0.0995461
3553 0.716222 0.0907463
3556 0.718358 0.0853456
3559 0.71747 0.0779394
3562 0.705939 0.203752
3565 0.705822 0.145718
3568 0.70643 0.126452
3571 0.709148 0.183267
3574 0.708585 0.139689
3577 0.71147 0.0941333
3580 0.711778 0.114225
3583 0.71288 0.106969
3586 0.709821 0.203804
3589 0.709473 0.141698
3592 0.712779 0.140463
3595 0.706341 0.197067
3598 0.705344 0.116846
3601 0.7072 0.0643871
3604 0.706401 0.0799611
3607 0.706276 0.151515
3610 0.705737 0.120318
3613 0.706697 0.0828822
3616 0.707094 0.0927234
3619 0.708606 0.0510129
3622 0.702395 0.199866
3625 0.704364 0.115914
3628 0.70357 0.0740297
3631 0.702362 0.0942063
3634 0.703801 0.0992871
3637 0.708926 0.0850337
3640 0.713475 0.0815372
3643 0.713812 0.0901021
3646 0.710891 0.243481
3649 0.713593 0.1308
3652 0.712932 0.130654
3655 0.713755 0.101665
3658 0.716842 0.15406
3661 0.716842 0.163564
3664 0.718795 0.0914959
3667 0.720995 0.0894579
3670 0.712859 0.278976
3673 0.715444 0.110368
3676 0.716619 0.121591
3679 0.717114 0.100243
3682 0.717199 0.0706831
3685 0.716737 0.0789199
3688 0.71606 0.132279
3691 0.715651 0.0642736
3694 0.715619 0.0642046
3697 0.708654 0.213897
3700 0.70679 0.105219
3703 0.705664 0.153104
3706 0.703991 0.118625
3709 0.703298 0.107256
3712 0.703221 0.0979175
3715 0.703655 0.0864273
3718 0.703614 0.0948061
3721 0.694056 0.21937
3724 0.692464 0.127676
3727 0.69024 0.107665
3730 0.689932 0.106
3733 0.689604 0.121943
3736 0.689425 0.0935175
3739 0.692448 0.101904
3742 0.693117 0.119731
3745 0.684365 0.236006
3748 0.68503 0.142132
3751 0.684819 0.207978
3754 0.684624 0.148687
3757 0.684665 0.153213
3760 0.683012 0.131813
3763 0.681995 0.0663317
3766 0.680565 0.113706
3769 0.678341 0.079244
3772 0.679414 0.181651
3775 0.682684 0.0721943
3778 0.682485 0.0909935
3781 0.682578 0.0971233
3784 0.678964 0.0867028
3787 0.679418 0.107042
3790 0.679102 0.0611904
3793 0.678956 0.0593308
3796 0.671218 0.24231
3799 0.670136 0.16476
3802 0.667701 0.15694
3805 0.665979 0.150417
3808 0.66478 0.126465
3811 0.699441 0.158934
3814 0.719301 0.165209
3817 0.744482 0.170132
3820 0.787918 0.300778
3823 0.790147 0.181278
3826 0.791674 0.157864
3829 0.793793 0.14086
3832 0.795608 0.0951139
3835 0.796751 0.114938
3838 0.797371 0.104173
3841 0.797435 0.116915
3844 0.797739 0.0651852
3847 0.798335 0.258237
3850 0.798035 0.186679
3853 0.796795 0.129321
3856 0.795483 0.114391
3859 0.794546 0.124755
3862 0.794547 0.0830364
3865 0.794863 0.0977189
3868 0.794842 0.0947046
3871 0.793979 0.167377
3874 0.794668 0.168998
3877 0.795102 0.13347
3880 0.795069 0.108419
3883 0.794741 0.105194
3886 0.794936 0.0904018
3889 0.794697 0.0740985
3892 0.794393 0.0795762
3895 0.792185 0.126927
3898 0.792258 0.0799328
3901 0.792375 0.0933757
3904 0.792237 0.0768535
3907 0.792201 0.0785349
3910 0.791455 0.0807025
3913 0.791297 0.0747427
3916 0.791265 0.098813
3919 0.789089 0.066664
3922 0.790726 0.15643
3925 0.79167 0.0562879
3928 0.791553 0.0812009
3931 0.790807 0.0696864
3934 0.790321 0.0694028
3937 0.791792 0.119354
3940 0.792525 0.0605947
3943 0.792792 0.0644195
3946 0.792999 0.196593
3949 0.792821 0.137355
3952 0.792509 0.0774086
3955 0.792748 0.114727
3958 0.793149 0.0932947
3961 0.793473 0.0682359
3964 0.792699 0.0703874
3967 0.79321 0.0428774
3970 0.797083 0.214914
3973 0.79703 0.179609
3976 0.79652 0.142991
3979 0.796171 0.0518597
3982 0.793339 0.11151
3985 0.792225 0.111012
3988 0.791698 0.0757516
3991 0.794352 0.0575885
3994 0.794304 0.097018
3997 0.795381 0.185763
4000 0.795329 0.152674
4003 0.793874 0.129815
4006 0.793226 0.0875254
4009 0.792962 0.179066
4012 0.793173 0.125825
4015 0.793728 0.0634997
4018 0.794494 0.0868731
4021 0.79573 0.178093
4024 0.795507 0.124581
4027 0.795576 0.089859
4030 0.79526 0.1104
4033 0.795263 0.0965967
4036 0.795345 0.134227
4039 0.795341 0.0788509
4042 0.793927 0.101228
4045 0.782858 0.295754
4048 0.781035 0.153837
4051 0.783158 0.108241
4054 0.784782 0.167037
4057 0.782323 0.111389
4060 0.780723 0.126112
4063 0.785504 0.111308
4066 0.788684 0.0560975
4069 0.79056 0.0530508
4072 0.793838 0.243659
4075 0.794178 0.121327
4078 0.794093 0.129669
4081 0.79389 0.112925
4084 0.793866 0.0589984
4087 0.793979 0.121611
4090 0.793663 0.0902276
4093 0.795414 0.211916
4096 0.795175 0.187088
4099 0.794903 0.159343
4102 0.793538 0.139575
4105 0.79184 0.162467
4108 0.791512 0.14919
4111 0.793262 0.128596
4114 0.793635 0.0956973
4117 0.794303 0.0864031
4120 0.793963 0.216003
4123 0.793862 0.097565
4126 0.792991 0.11179
4129 0.792829 0.145033
4132 0.792225 0.212284
4135 0.79103 0.208294
4138 0.789851 0.22623
4141 0.789474 0.231642
4144 0.788769 0.272612
4147 0.787165 0.222822
4150 0.786423 0.250085
4153 0.784932 0.263921
4156 0.784041 0.226197
4159 0.782639 0.23911
4162 0.783263 0.282023
4165 0.784774 0.254943
4168 0.784511 0.296183
4171 0.794186 0.305356
4174 0.788486 0.306746
4177 0.792719 0.291208
4180 0.79338 0.256248
4183 0.797383 0.24107
4186 0.800952 0.285941
4189 0.804145 0.325298
4192 0.807325 0.256571
4195 0.805121 0.338348
4198 0.807167 0.363188
4201 0.806616 0.385431
4204 0.806122 0.403752
4207 0.808334 0.395855
4210 0.808095 0.544518
4213 0.810502 0.535038
4216 0.815424 0.532663
4219 0.81935 0.519399
4222 0.818775 0.431488
4225 0.820087 0.498448
4228 0.826416 0.427895
4231 0.833543 0.46903
4234 0.840746 0.381505
4237 0.845507 0.362013
4240 0.849842 0.440783
4243 0.841022 0.499149
4246 0.834709 0.475119
4249 0.817215 0.415967
4252 0.79902 0.500024
4255 0.760019 0.39686
4258 0.753039 0.434908
4261 0.721113 0.407362
4264 0.72266 0.423264
4267 0.726278 0.374196
4270 0.728583 0.370562
4273 0.746925 0.399469
4276 0.754359 0.422952
4279 0.759565 0.331424
4282 0.766907 0.44246
4285 0.760587 0.411717
4288 0.758124 0.476882
4291 0.75645 0.431618
4294 0.72108 0.419897
4297 0.709716 0.455863
4300 0.710672 0.430723
4303 0.705555 0.462908
4306 0.694733 0.528288
4309 0.691577 0.501118
4312 0.695402 0.506288
4315 0.698513 0.518969
4318 0.677705 0.531881
4321 0.659331 0.532907
4324 0.641074 0.561385
4327 0.635293 0.523276
4330 0.61414 0.432874
4333 0.608075 0.481711
4336 0.607301 0.501491
4339 0.604724 0.535491
4342 0.608216 0.467575
4345 0.604935 0.550989
4348 0.611012 0.485277
4351 0.616575 0.435828
4354 0.616518 0.547188
4357 0.614468 0.51841
4360 0.611656 0.492286
4363 0.607666 0.51491
4366 0.607001 0.491147
4369 0.596824 0.472798
4372 0.601402 0.474066
4375 0.597314 0.428908
4378 0.594032 0.455911
4381 0.589762 0.41852
4384 0.590673 0.417134
4387 0.590373 0.438749
4390 0.581821 0.427449
4393 0.5723 0.368823
4396 0.55081 0.438518
4399 0.52625 0.423872
4402 0.510639 0.414334
4405 0.494611 0.374216
4408 0.472612 0.429224
4411 0.459934 0.427218
4414 0.461668 0.423657
4417 0.475788 0.398708
4420 0.485463 0.343692
4423 0.501208 0.373313
4426 0.508622 0.414505
4429 0.494474 0.390309
4432 0.481987 0.36937
4435 0.473098 0.40833
4438 0.462872 0.37811
4441 0.459294 0.447435
4444 0.466141 0.478344
4447 0.479742 0.491658
4450 0.485613 0.493141
4453 0.483741 0.481525
4456 0.486496 0.456754
4459 0.48409 0.440673
4462 0.478527 0.489733
4465 0.476849 0.474098
4468 0.48172 0.451746
4471 0.496888 0.453586
4474 0.516846 0.438157
4477 0.512519 0.388093
4480 0.490317 0.423799
4483 0.467863 0.389632
4486 0.458204 0.388064
4489 0.442266 0.384086
4492 0.444158 0.363605
4495 0.441893 0.390807
4498 0.460368 0.350373
4501 0.482254 0.38345
4504 0.523118 0.38142
4507 0.557929 0.392906
4510 0.597217 0.357799
4513 0.63428 0.379325
4516 0.660894 0.41467
4519 0.672429 0.416004
4522 0.673758 0.389697
4525 0.70867 0.40942
4528 0.721408 0.379564
4531 0.766636 0.423928
4534 0.777522 0.419824
4537 0.779345 0.414671
4540 0.765558 0.39528
4543 0.757759 0.405992
4546 0.733113 0.392833
4549 0.718285 0.381148
4552 0.704675 0.378425
4555 0.697407 0.419155
4558 0.615546 0.437959
4561 0.598695 0.406559
4564 0.596775 0.46119
4567 0.555988 0.468682
4570 0.564918 0.440516
4573 0.532149 0.41386
4576 0.523134 0.432672
4579 0.507807 0.449761
4582 0.483838 0.409797
4585 0.479337 0.362649
4588 0.472964 0.360036
4591 0.471121 0.361912
4594 0.494425 0.349704
4597 0.501479 0.384803
4600 0.497727 0.345624
4603 0.489778 0.351596
4606 0.488935 0.377372
4609 0.481881 0.395304
4612 0.47704 0.393578
4615 0.45564 0.343899
4618 0.442622 0.334207
4621 0.430038 0.358363
4624 0.383518 0.351406
4627 0.360789 0.276598
4630 0.357005 0.286857
4633 0.372255 0.327875
4636 0.381699 0.371996
4639 0.397707 0.326566
4642 0.412187 0.330812
4645 0.425042 0.375476
4648 0.431351 0.341548
4651 0.446961 0.39039
4654 0.455016 0.33507
4657 0.459436 0.340228
4660 0.436322 0.374682
4663 0.427753 0.356977
4666 0.416652 0.327348
4669 0.405737 0.301851
4672 0.386018 0.304643
4675 0.361867 0.327311
4678 0.311834 0.320849
4681 0.273863 0.306195
4684 0.261466 0.292614
4687 0.253209 0.307013
4690 0.269946 0.326874
4693 0.278717 0.341779
4696 0.280277 0.345041
4699 0.286099 0.280516
4702 0.293068 0.345077
4705 0.296305 0.317811
4708 0.296119 0.355988
4711 0.313362 0.354505
4714 0.34026 0.355271
4717 0.357459 0.35442
4720 0.40329 0.315517
4723 0.408666 0.335694
4726 0.417369 0.341565
4729 0.426939 0.37559
4732 0.412187 0.392817
4735 0.404287 0.373689
4738 0.39011 0.356227
4741 0.371011 0.304019
4744 0.360173 0.323316
4747 0.337955 0.312637
4750 0.313641 0.319269
4753 0.286597 0.279297
4756 0.25737 0.262313
4759 0.234661 0.314703
4762 0.208245 0.291184
4765 0.186743 0.284787
4768 0.164488 0.281136
4771 0.149153 0.230168
4774 0.1308 0.191269
4777 0.105186 0.188457
4780 0.0874524 0.236914
4783 0.0698687 0.188919
4786 0.0494976 0.162406
4789 0.0316101 0.194522
4792 0.0166721 0.160429
4795 0.00711855 0.185147
4798 0.000320071 0.122344
4801 0.000299813 0.121866
4804 0.000251195 0.174184
4807 0.000194474 0.152954
4810 0.000153958 0.148068
4813 0.000117495 0.163796
4816 9.31853e-05 0.173734
4819 8.91337e-05 0.16431
4822 0.000174216 0.193303
4825 0.000125598 0.128199
4828 0.00010534 0.122838
4831 4.86184e-05 0.179183
4834 0.000769791 0.177498
4837 0.000704967 0.115218
4840 0.000960214 0.110003
4843 0.00122356 0.111239
4846 0.00134106 0.113431
4849 0.00135726 0.0740013
4852 0.00137752 0.0969532
4855 0.00175837 0.114115
4858 0.00164898 0.201074
4861 0.00174621 0.111733
4864 0.00121951 0.111279
4867 0.000846771 0.125942
4870 0.000858925 0.109335
4873 0.000478082 0.139644
4876 0.000700915 0.149376
4879 0.000575319 0.122243
4882 0.000522648 0.219767
4885 0.000559113 0.16935
4888 0.000433514 0.112378
4891 0.000506441 0.10346
4894 0.000583421 0.117393
4897 0.00183535 0.0682724
4900 0.004088 0.0829918
4903 0.00721173 0.105125
4906 0.00827324 0.130253
4909 0.00617454 0.217875
4912 0.00364639 0.108658
4915 0.00144235 0.0918564
4918 0.0152216 0.0732192
4921 0.0275544 0.152909
4924 0.033729 0.12339
4927 0.0492424 0.134791
4930 0.0719554 0.156916
4933 0.0845232 0.139936
4936 0.0918888 0.179374
4939 0.0975366 0.151835
4942 0.102427 0.165619
4945 0.111717 0.163714
4948 0.116486 0.209554
4951 0.10707 0.198023
4954 0.0986994 0.207613
4957 0.090329 0.187104
4960 0.0865124 0.224313
4963 0.0760148 0.19274
4966 0.0633499 0.172061
4969 0.0644517 0.1962
4972 0.0668018 0.166672
4975 0.0748035 0.147172
4978 0.0782271 0.191585
4981 0.0745564 0.184195
4984 0.0771169 0.194964
4987 0.0819828 0.150592
4990 0.0853617 0.169885
4993 0.0884005 0.18894
4996 0.0919942 0.200304
4999 0.0974515 0.217102
5002 0.089928 0.201633
5005 0.0869054 0.222174
5008 0.0854713 0.161725
5011 0.0724658 0.169277
5014 0.0556316 0.136427
5017 0.0409854 0.144514
5020 0.0271575 0.123539
5023 0.0231667 0.142805
5026 0.0163722 0.147034
5029 0.00980877 0.114646
5032 0.011166 0.116279
5035 0.012422 0.189523
5038 0.0138319 0.108099
5041 0.0148854 0.0852443
5044 0.0176931 0.0823961
5047 0.0304554 0.0964145
5050 0.0488655 0.101361
5053 0.0716797 0.112394
5056 0.091674 0.140236
5059 0.117928 0.187898
5062 0.141848 0.179135
5065 0.168374 0.160988
5068 0.190025 0.162993
5071 0.208293 0.188425
5074 0.223106 0.181193
5077 0.230796 0.194287
5080 0.223636 0.192922
5083 0.213686 0.211899
5086 0.199895 0.211652
5089 0.179714 0.186958
5092 0.158715 0.213257
5095 0.154882 0.194032
5098 0.14669 0.180208
5101 0.127518 0.203509
5104 0.109959 0.18396
5107 0.0908962 0.161774
5110 0.0796208 0.182056
5113 0.0694108 0.147042
5116 0.0607203 0.198416
5119 0.0462077 0.174877
5122 0.0277409 0.209379
5125 0.00824082 0.179503
5128 0.000283607 0.182635
5131 0.00167733 0.15143
5134 0.0010615 0.173572
5137 0.000174216 0.142691
5140 0.000121546 0.138364
5143 8.50822e-05 0.165586
5146 7.69792e-05 0.133239
5149 6.88761e-05 0.103841
5152 5.67214e-05 0.140552
5155 5.267e-05 0.129159
5158 5.67216e-05 0.127461
5161 0.00023499 0.22971
5164 0.000121546 0.18144
5167 8.50824e-05 0.147156
5170 5.67216e-05 0.184932
5173 5.26699e-05 0.146074
5176 5.26699e-05 0.120768
5179 6.48247e-05 0.153136
5182 4.45669e-05 0.142189
5185 0.000113443 0.229143
5188 9.72369e-05 0.17247
5191 4.45669e-05 0.179993
5194 8.10308e-06 0.129491
5197 1.21546e-05 0.219707
5200 0 0.165768
5203 0 0.14957
5206 0 0.152476
5209 0 0.173564
5212 0 0.169026
5215 0 0.146641
5218 0.000206628 0.221765
5221 0.000133701 0.13526
5224 6.8876e-05 0.151301
5227 6.8876e-05 0.159683
5230 4.86186e-05 0.204278
5233 5.26701e-05 0.158014
5236 4.05154e-05 0.145831
5239 3.64639e-05 0.140195
5242 3.64639e-05 0.135909
5245 8.10306e-05 0.205737
5248 5.67215e-05 0.146791
5251 9.72368e-05 0.181472
5254 3.64639e-05 0.131549
5257 0.0122194 0.123471
5260 0.0289887 0.155478
5263 0.0402116 0.135228
5266 0.0457499 0.129329
5269 0.0507657 0.182246
5272 0.053541 0.125338
5275 0.0570984 0.171619
5278 0.0598654 0.172243
5281 0.0620897 0.1192
5284 3.64638e-05 0.194283
5287 0.0673324 0.165846
5290 0.0828498 0.140276
5293 0.105879 0.130565
5296 0.125075 0.166275
5299 0.138858 0.169549
5302 0.149327 0.148934
5305 0.160959 0.164557
5308 0.168532 0.153517
5311 0.173049 0.177457
5314 0.173645 0.195831
5317 0.171218 0.190382
5320 0.167608 0.211024
5323 0.162685 0.138834
5326 0.158439 0.120946
5329 0.160651 0.142501
5332 0.168277 0.116583
5335 0.173872 0.114634
5338 0.179199 0.122693
5341 0.182979 0.120011
5344 0.188364 0.112394
5347 0.192553 0.148995
5350 0.195021 0.148015
5353 0.208358 0.14043
5356 0.225679 0.148833
5359 0.240122 0.17388
5362 0.249959 0.189879
5365 0.247954 0.164585
5368 0.245438 0.171339
5371 0.245653 0.20961
5374 0.247391 0.173628
5377 0.251398 0.179499
5380 0.254838 0.162203
5383 0.256231 0.173689
5386 0.26732 0.167896
5389 0.281517 0.213889
5392 0.291196 0.208399
5395 0.29733 0.215833
5398 0.29981 0.207864
5401 0.296706 0.204242
5404 0.29289 0.1896
5407 0.292638 0.192278
5410 0.296621 0.18001
5413 0.298335 0.146844
5416 0.302229 0.148748
5419 0.317774 0.157005
5422 0.332372 0.185212
5425 0.342424 0.150924
5428 0.347865 0.161875
5431 0.356896 0.154364
5434 0.362766 0.161972
5437 0.372077 0.185892
5440 0.385892 0.216271
5443 0.396419 0.222113
5446 0.402808 0.268131
5449 0.411263 0.278486
5452 0.414525 0.27371
5455 0.412612 0.222433
5458 0.410955 0.233036
5461 0.407832 0.217235
5464 0.404797 0.195
5467 0.401345 0.212203
5470 0.403857 0.240325
5473 0.401086 0.183142
5476 0.4003 0.205579
5479 0.409104 0.185978
5482 0.423718 0.165692
5485 0.438243 0.132299
5488 0.452265 0.134
5491 0.467057 0.137785
5494 0.478948 0.14477
5497 0.492403 0.182493
5500 0.50045 0.150851
5503 0.514314 0.163038
5506 0.522697 0.162693
5509 0.532817 0.134819
5512 0.538218 0.179357
5515 0.539259 0.181176
5518 0.540831 0.177939
5521 0.552609 0.263763
5524 0.560878 0.166834
5527 0.570497 0.191115
5530 0.594207 0.195154
5533 0.609809 0.153286
5536 0.621392 0.207349
5539 0.632441 0.161401
5542 0.639446 0.114132
5545 0.65282 0.214906
5548 0.657115 0.236573
5551 0.661717 0.139571
5554 0.669156 0.188251
5557 0.675857 0.183867
5560 0.682177 0.155701
5563 0.687456 0.143505
5566 0.691135 0.198561
5569 0.69184 0.170517
5572 0.690471 0.248651
5575 0.690114 0.193789
5578 0.690151 0.200073
5581 0.691626 0.228418
5584 0.690685 0.215509
5587 0.692233 0.217758
5590 0.695418 0.239579
5593 0.695572 0.199984
5596 0.703314 0.222271
5599 0.701045 0.212564
5602 0.699388 0.146864
5605 0.699684 0.147281
5608 0.700527 0.140406
5611 0.69987 0.112936
5614 0.699684 0.115473
5617 0.69983 0.124856
5620 0.710019 0.185739
5623 0.709351 0.156908
5626 0.709569 0.199534
5629 0.70675 0.176578
5632 0.703436 0.1679
5635 0.70156 0.178114
5638 0.707512 0.161316
5641 0.714529 0.147217
5644 0.74509 0.166672
5647 0.787837 0.182935
5650 0.790122 0.139705
5653 0.787675 0.196317
5656 0.786249 0.165675
5659 0.78304 0.190422
5662 0.784478 0.148554
5665 0.784215 0.143902
5668 0.784304 0.15679
5671 0.78445 0.291095
5674 0.785682 0.146362
5677 0.785192 0.190179
5680 0.786192 0.169168
5683 0.785868 0.171384
5686 0.784179 0.101908
5689 0.784122 0.159942
5692 0.784434 0.137388
5695 0.78507 0.163026
5698 0.785852 0.245418
5701 0.783932 0.153014
5704 0.78208 0.158034
5707 0.782108 0.175861
5710 0.779665 0.0851876
5713 0.774905 0.110546
5716 0.774354 0.129029
5719 0.773823 0.123377
5722 0.770558 0.238336
5725 0.770197 0.21038
5728 0.770533 0.184025
5731 0.770327 0.163577
5734 0.769925 0.17879
5737 0.769913 0.148748
