frame_number static_density dynamic_density
1 0.0700997 0.0987319
4 0.0700997 0.0987319
7 0.0775018 0.123495
10 0.0775018 0.123495
13 0.0905154 0.0586298
16 0.0905154 0.0586298
19 0.097091 0.0731788
22 0.097091 0.0731788
25 0.102824 0.0773114
28 0.102824 0.0773114
31 0.110684 0.0835994
34 0.110684 0.0835994
37 0.113642 0.0796978
40 0.113642 0.0796978
43 0.116303 0.0857305
46 0.116303 0.0857305
49 0.118208 0.100215
52 0.118208 0.100215
55 0.12766 0.0954177
58 0.12766 0.0954177
61 0.135078 0.0240459
64 0.135078 0.0240459
67 0.126692 0.0411717
70 0.126692 0.0411717
73 0.123385 0.0160643
76 0.123385 0.0160643
79 0.129686 0.0328498
82 0.129686 0.0328498
85 0.148805 0.0511466
88 0.148805 0.0511466
91 0.173543 0.0906693
94 0.173543 0.0906693
97 0.185532 0.0973543
100 0.185532 0.0973543
103 0.184381 0.0981241
106 0.184381 0.0981241
109 0.180439 0.0952313
112 0.180439 0.0952313
115 0.192586 0.107726
118 0.192586 0.107726
121 0.197354 0.120991
124 0.197354 0.120991
127 0.199575 0.126007
130 0.199575 0.126007
133 0.20583 0.131768
136 0.20583 0.131768
139 0.214772 0.156961
142 0.214772 0.156961
145 0.218276 0.162159
148 0.218276 0.162159
151 0.215347 0.139438
154 0.215347 0.139438
157 0.208865 0.160076
160 0.208865 0.160076
163 0.204331 0.140313
166 0.204331 0.140313
169 0.201155 0.128527
172 0.201155 0.128527
175 0.198367 0.137294
178 0.198367 0.137294
181 0.197982 0.125748
184 0.197982 0.125748
187 0.196147 0.0956122
190 0.196147 0.0956122
193 0.195782 0.0829025
196 0.195782 0.0829025
199 0.196167 0.0442873
202 0.196167 0.0442873
205 0.196803 0.0216433
208 0.196803 0.0216433
211 0.196637 0.0251681
214 0.196637 0.0251681
217 0.195705 0.0333765
220 0.195705 0.0333765
223 0.197306 0.0498582
226 0.197306 0.0498582
229 0.196799 0.0321935
232 0.196799 0.0321935
235 0.198242 0.0197796
238 0.198242 0.0197796
241 0.195713 0.0290414
244 0.195713 0.0290414
247 0.195187 0.0246698
250 0.195187 0.0246698
253 0.194194 0.0169759
256 0.194194 0.0169759
259 0.194502 0.00944818
262 0.194502 0.00944818
265 0.194595 0.0305769
268 0.194595 0.0305769
271 0.192991 0.0478162
274 0.192991 0.0478162
277 0.19673 0.0205899
280 0.19673 0.0205899
283 0.207244 0.030427
286 0.207244 0.030427
289 0.212548 0.0359695
292 0.212548 0.0359695
295 0.207657 0.0315128
298 0.207657 0.0315128
301 0.199955 0.0451989
304 0.199955 0.0451989
307 0.197261 0.0298315
310 0.197261 0.0298315
313 0.196512 0.037975
316 0.196512 0.037975
319 0.195146 0.0422008
322 0.195146 0.0422008
325 0.195973 0.0833684
328 0.195973 0.0833684
331 0.196216 0.0640386
334 0.196216 0.0640386
337 0.196115 0.0216717
340 0.196115 0.0216717
343 0.199259 0.0188194
346 0.199259 0.0188194
349 0.202492 0.028227
352 0.202492 0.028227
355 0.200932 0.0292116
358 0.200932 0.0292116
361 0.200912 0.017608
364 0.200912 0.017608
367 0.199935 0.0195243
370 0.199935 0.0195243
373 0.19767 0.0176525
376 0.19767 0.0176525
379 0.196479 0.015331
382 0.196479 0.015331
385 0.201037 0.0189328
388 0.201037 0.0189328
391 0.2072 0.0450774
394 0.2072 0.0450774
397 0.212268 0.0628839
400 0.212268 0.0628839
403 0.214934 0.0587594
406 0.214934 0.0587594
409 0.231553 0.0695203
412 0.231553 0.0695203
415 0.254023 0.0848797
418 0.254023 0.0848797
421 0.271668 0.117069
424 0.271668 0.117069
427 0.296775 0.145831
430 0.296775 0.145831
433 0.316769 0.162337
436 0.316769 0.162337
439 0.331784 0.222061
442 0.331784 0.222061
445 0.338409 0.238579
448 0.338409 0.238579
451 0.351613 0.275804
454 0.351613 0.275804
457 0.361652 0.28883
460 0.361652 0.28883
463 0.367337 0.282931
466 0.367337 0.282931
469 0.367016 0.280812
472 0.367016 0.280812
475 0.370152 0.299408
478 0.370152 0.299408
481 0.369168 0.288275
484 0.369168 0.288275
487 0.371007 0.266024
490 0.371007 0.266024
493 0.370987 0.27875
496 0.370987 0.27875
499 0.373807 0.28424
502 0.373807 0.28424
505 0.392865 0.0330605
508 0.392865 0.0330605
511 0.414987 0.0669638
514 0.414987 0.0669638
517 0.428567 0.0886881
520 0.428567 0.0886881
523 0.452078 0.0769751
526 0.452078 0.0769751
529 0.466449 0.0746374
532 0.466449 0.0746374
535 0.47217 0.0872741
538 0.47217 0.0872741
541 0.477761 0.0885342
544 0.477761 0.0885342
547 0.478405 0.113933
550 0.478405 0.113933
553 0.474577 0.10316
556 0.474577 0.10316
559 0.47121 0.0954785
562 0.47121 0.0954785
565 0.466182 0.140532
568 0.466182 0.140532
571 0.466842 0.144976
574 0.466842 0.144976
577 0.473693 0.0353942
580 0.473693 0.0353942
583 0.484839 0.0491735
586 0.484839 0.0491735
589 0.494798 0.054797
592 0.494798 0.054797
595 0.517774 0.0871283
598 0.517774 0.0871283
601 0.544166 0.0750344
604 0.544166 0.0750344
607 0.564816 0.0836521
610 0.564816 0.0836521
613 0.58554 0.0899562
616 0.58554 0.0899562
619 0.595179 0.102111
622 0.595179 0.102111
625 0.610299 0.127599
628 0.610299 0.127599
631 0.615149 0.107398
634 0.615149 0.107398
637 0.618183 0.117021
640 0.618183 0.117021
643 0.618037 0.0746293
646 0.618037 0.0746293
649 0.619229 0.091666
652 0.619229 0.091666
655 0.622121 0.0648489
658 0.622121 0.0648489
661 0.623418 0.0718661
664 0.623418 0.0718661
667 0.625537 0.0692975
670 0.625537 0.0692975
673 0.625812 0.102848
676 0.625812 0.102848
679 0.627247 0.100377
682 0.627247 0.100377
685 0.629961 0.110356
688 0.629961 0.110356
691 0.629738 0.105611
694 0.629738 0.105611
697 0.633454 0.169893
700 0.633454 0.169893
703 0.634033 0.122312
706 0.634033 0.122312
709 0.635852 0.110433
712 0.635852 0.110433
715 0.638421 0.0843287
718 0.638421 0.0843287
721 0.642711 0.123596
724 0.642711 0.123596
727 0.643797 0.117705
730 0.643797 0.117705
733 0.644547 0.118147
736 0.644547 0.118147
739 0.646528 0.0151284
742 0.646528 0.0151284
745 0.650802 0.120472
748 0.650802 0.120472
751 0.653561 0.00740216
754 0.653561 0.00740216
757 0.654278 0.091824
760 0.654278 0.091824
763 0.656004 0.0325257
766 0.656004 0.0325257
769 0.656632 0.0165424
772 0.656632 0.0165424
775 0.662904 0.102763
778 0.662904 0.102763
781 0.662037 0.0325095
784 0.662037 0.0325095
787 0.662649 0.037262
790 0.662649 0.037262
793 0.6616 0.0113605
796 0.6616 0.0113605
799 0.656596 0.021777
802 0.656596 0.021777
805 0.652674 0.026339
808 0.652674 0.026339
811 0.653675 0.0372134
814 0.653675 0.0372134
817 0.669302 0.0684345
820 0.669302 0.0684345
823 0.713082 0.096147
826 0.713082 0.096147
829 0.750908 0.0317195
832 0.750908 0.0317195
835 0.76098 0.0344624
838 0.76098 0.0344624
841 0.763317 0.0306539
844 0.763317 0.0306539
847 0.777494 0.0773924
850 0.777494 0.0773924
853 0.77721 0.0237217
856 0.77721 0.0237217
859 0.774994 0.0248238
862 0.774994 0.0248238
865 0.774386 0.0446722
868 0.774386 0.0446722
871 0.777636 0.071931
874 0.777636 0.071931
877 0.778231 0.0400494
880 0.778231 0.0400494
883 0.779791 0.0429463
886 0.779791 0.0429463
889 0.779333 0.0318775
892 0.779333 0.0318775
895 0.779738 0.0577465
898 0.779738 0.0577465
901 0.772429 0.0331416
904 0.772429 0.0331416
907 0.766247 0.0911879
910 0.766247 0.0911879
913 0.768102 0.0143019
916 0.768102 0.0143019
919 0.770464 0.0195689
922 0.770464 0.0195689
925 0.770946 0.02123
928 0.770946 0.02123
931 0.771899 0.0982902
934 0.771899 0.0982902
937 0.771797 0.021307
940 0.771797 0.021307
943 0.769715 0.028697
946 0.769715 0.028697
949 0.767535 0.0263147
952 0.767535 0.0263147
955 0.779236 0.0781379
958 0.779236 0.0781379
961 0.776132 0.0418726
964 0.776132 0.0418726
967 0.773483 0.0536261
970 0.773483 0.0536261
973 0.770857 0.0224941
976 0.770857 0.0224941
979 0.768349 0.0232194
982 0.768349 0.0232194
985 0.756045 0.0503889
988 0.756045 0.0503889
991 0.761425 0.0240256
994 0.761425 0.0240256
997 0.761806 0.0165505
1000 0.761806 0.0165505
1003 0.761948 0.0203468
1006 0.761948 0.0203468
1009 0.759805 0.0441212
1012 0.759805 0.0441212
1015 0.752411 0.0290374
1018 0.752411 0.0290374
1021 0.753189 0.0332428
1024 0.753189 0.0332428
1027 0.752536 0.0344299
1030 0.752536 0.0344299
1033 0.752354 0.0331294
1036 0.752354 0.0331294
1039 0.757366 0.0710275
1042 0.757366 0.0710275
1045 0.756713 0.0323677
1048 0.756713 0.0323677
1051 0.758156 0.0358034
1054 0.758156 0.0358034
1057 0.757921 0.0353375
1060 0.757921 0.0353375
1063 0.752455 0.0456365
1066 0.752455 0.0456365
1069 0.751017 0.0328012
1072 0.751017 0.0328012
1075 0.751082 0.031922
1078 0.751082 0.031922
1081 0.752212 0.029556
1084 0.752212 0.029556
1087 0.75737 0.0732072
1090 0.75737 0.0732072
1093 0.757856 0.0327445
1096 0.757856 0.0327445
1099 0.757957 0.0256341
1102 0.757957 0.0256341
1105 0.756138 0.0303946
1108 0.756138 0.0303946
1111 0.757674 0.0809902
1114 0.757674 0.0809902
1117 0.756373 0.0413824
1120 0.756373 0.0413824
1123 0.755555 0.0305891
1126 0.755555 0.0305891
1129 0.756069 0.0344826
1132 0.756069 0.0344826
1135 0.757102 0.0432907
1138 0.757102 0.0432907
1141 0.76525 0.0509967
1144 0.76525 0.0509967
1147 0.76151 0.0380196
1150 0.76151 0.0380196
1153 0.758095 0.0363747
1156 0.758095 0.0363747
1159 0.757033 0.0421481
1162 0.757033 0.0421481
1165 0.754744 0.0458755
1168 0.754744 0.0458755
1171 0.755737 0.0461065
1174 0.755737 0.0461065
1177 0.754116 0.0438862
1180 0.754116 0.0438862
1183 0.758816 0.0384329
1186 0.758816 0.0384329
1189 0.766555 0.0445264
1192 0.766555 0.0445264
1195 0.766733 0.0185439
1198 0.766733 0.0185439
1201 0.76935 0.021384
1204 0.76935 0.021384
1207 0.768439 0.0135119
1210 0.768439 0.0135119
1213 0.770776 0.0942711
1216 0.770776 0.0942711
1219 0.768236 0.0279556
1222 0.768236 0.0279556
1225 0.767649 0.0466818
1228 0.767649 0.0466818
1231 0.766846 0.0278097
1234 0.766846 0.0278097
1237 0.756904 0.0395551
1240 0.756904 0.0395551
1243 0.759339 0.0256867
1246 0.759339 0.0256867
1249 0.761397 0.0342436
1252 0.761397 0.0342436
1255 0.754971 0.0286241
1258 0.754971 0.0286241
1261 0.755077 0.0438741
1264 0.755077 0.0438741
1267 0.753582 0.0231545
1270 0.753582 0.0231545
1273 0.751815 0.0219067
1276 0.751815 0.0219067
1279 0.75265 0.028142
1282 0.75265 0.028142
1285 0.751155 0.0318532
1288 0.751155 0.0318532
1291 0.74902 0.0451382
1294 0.74902 0.0451382
1297 0.752131 0.0411555
1300 0.752131 0.0411555
1303 0.752447 0.029479
1306 0.752447 0.029479
1309 0.748639 0.0322178
1312 0.748639 0.0322178
1315 0.738198 0.042845
1318 0.738198 0.042845
1321 0.73272 0.0281177
1324 0.73272 0.0281177
1327 0.727895 0.0189369
1330 0.727895 0.0189369
1333 0.723831 0.0157483
1336 0.723831 0.0157483
1339 0.726108 0.0672109
1342 0.726108 0.0672109
1345 0.727611 0.0417389
1348 0.727611 0.0417389
1351 0.727437 0.0431205
1354 0.727437 0.0431205
1357 0.730686 0.0519974
1360 0.730686 0.0519974
1363 0.727789 0.0513127
1366 0.727789 0.0513127
1369 0.731375 0.0487967
1372 0.731375 0.0487967
1375 0.731788 0.044814
1378 0.731788 0.044814
1381 0.731622 0.0296005
1384 0.731622 0.0296005
1387 0.730208 0.0373471
1390 0.730208 0.0373471
1393 0.732445 0.0324569
1396 0.732445 0.0324569
1399 0.734458 0.0194676
1402 0.734458 0.0194676
1405 0.736841 0.018949
1408 0.736841 0.018949
1411 0.755336 0.0285512
1414 0.755336 0.0285512
1417 0.754801 0.0398833
1420 0.754801 0.0398833
1423 0.756649 0.0813427
1426 0.756649 0.0813427
1429 0.755222 0.100567
1432 0.755222 0.100567
1435 0.756657 0.216972
1438 0.756657 0.216972
1441 0.760242 0.249348
1444 0.760242 0.249348
1447 0.764014 0.288307
1450 0.764014 0.288307
1453 0.767268 0.192509
1456 0.767268 0.192509
1459 0.778101 0.385354
1462 0.778101 0.385354
1465 0.79359 0.391354
1468 0.79359 0.391354
1471 0.798776 0.384641
1474 0.798776 0.384641
1477 0.804801 0.307969
1480 0.804801 0.307969
1483 0.809493 0.251515
1486 0.809493 0.251515
1489 0.828264 0.201369
1492 0.828264 0.201369
1495 0.829491 0.443481
1498 0.829491 0.443481
1501 0.834957 0.374633
1504 0.834957 0.374633
1507 0.839624 0.36777
1510 0.839624 0.36777
1513 0.849072 0.698987
1516 0.849072 0.698987
1519 0.846317 0.564047
1522 0.846317 0.564047
1525 0.829605 0.583928
1528 0.829605 0.583928
1531 0.822924 0.588157
1534 0.822924 0.588157
1537 0.807333 0.652192
1540 0.807333 0.652192
1543 0.798744 0.535123
1546 0.798744 0.535123
1549 0.79229 0.646029
1552 0.79229 0.646029
1555 0.761113 0.629722
1558 0.761113 0.629722
1561 0.752123 0.675569
1564 0.752123 0.675569
1567 0.754991 0.683101
1570 0.754991 0.683101
1573 0.753318 0.662029
1576 0.753318 0.662029
1579 0.767369 0.651511
1582 0.767369 0.651511
1585 0.770987 0.631728
1588 0.770987 0.631728
1591 0.759408 0.565323
1594 0.759408 0.565323
1597 0.756065 0.671206
1600 0.756065 0.671206
1603 0.750434 0.664683
1606 0.750434 0.664683
1609 0.752431 0.717551
1612 0.752431 0.717551
1615 0.73772 0.714776
1618 0.73772 0.714776
1621 0.707499 0.643676
1624 0.707499 0.643676
1627 0.706004 0.66852
1630 0.706004 0.66852
1633 0.725107 0.660396
1636 0.725107 0.660396
1639 0.723855 0.65929
1642 0.723855 0.65929
1645 0.721647 0.646236
1648 0.721647 0.646236
1651 0.706146 0.59308
1654 0.706146 0.59308
1657 0.716397 0.583478
1660 0.716397 0.583478
1663 0.730378 0.44462
1666 0.730378 0.44462
1669 0.74654 0.531132
1672 0.74654 0.531132
1675 0.748821 0.4899
1678 0.748821 0.4899
1681 0.724483 0.563135
1684 0.724483 0.563135
1687 0.703768 0.523629
1690 0.703768 0.523629
1693 0.714898 0.336265
1696 0.714898 0.336265
1699 0.716384 0.53631
1702 0.716384 0.53631
1705 0.723633 0.609396
1708 0.723633 0.609396
1711 0.69419 0.599392
1714 0.69419 0.599392
1717 0.676339 0.535807
1720 0.676339 0.535807
1723 0.655474 0.509359
1726 0.655474 0.509359
1729 0.646066 0.495053
1732 0.646066 0.495053
1735 0.545612 0.503752
1738 0.545612 0.503752
1741 0.486152 0.499218
1744 0.486152 0.499218
1747 0.445515 0.491974
1750 0.445515 0.491974
1753 0.383344 0.524196
1756 0.383344 0.524196
1759 0.368872 0.550438
1762 0.368872 0.550438
1765 0.366328 0.503922
1768 0.366328 0.503922
1771 0.375063 0.496925
1774 0.375063 0.496925
1777 0.38238 0.56006
1780 0.38238 0.56006
1783 0.370671 0.390135
1786 0.370671 0.390135
1789 0.348136 0.273612
1792 0.348136 0.273612
1795 0.319622 0.436541
1798 0.319622 0.436541
1801 0.323138 0.457333
1804 0.323138 0.457333
1807 0.320529 0.450057
1810 0.320529 0.450057
1813 0.307795 0.495414
1816 0.307795 0.495414
1819 0.292606 0.486067
1822 0.292606 0.486067
1825 0.279422 0.477749
1828 0.279422 0.477749
1831 0.262961 0.490353
1834 0.262961 0.490353
1837 0.249643 0.418759
1840 0.249643 0.418759
1843 0.22371 0.411587
1846 0.22371 0.411587
1849 0.194162 0.390365
1852 0.194162 0.390365
1855 0.161822 0.271149
1858 0.161822 0.271149
1861 0.151754 0.275399
1864 0.151754 0.275399
1867 0.143902 0.227899
1870 0.143902 0.227899
1873 0.170801 0.276299
1876 0.170801 0.276299
1879 0.207824 0.344368
1882 0.207824 0.344368
1885 0.231784 0.356572
1888 0.231784 0.356572
1891 0.272028 0.308067
1894 0.272028 0.308067
1897 0.290074 0.456134
1900 0.290074 0.456134
1903 0.328936 0.464934
1906 0.328936 0.464934
1909 0.3824 0.475148
1912 0.3824 0.475148
1915 0.373527 0.368771
1918 0.373527 0.368771
1921 0.35767 0.428397
1924 0.35767 0.428397
1927 0.335467 0.397942
1930 0.335467 0.397942
1933 0.287542 0.34434
1936 0.287542 0.34434
1939 0.260206 0.277692
1942 0.260206 0.277692
1945 0.243258 0.17975
1948 0.243258 0.17975
1951 0.188672 0.228413
1954 0.188672 0.228413
1957 0.127336 0.128794
1960 0.127336 0.128794
1963 0.089462 0.106616
1966 0.089462 0.106616
1969 0.0443603 0.0770156
1972 0.0443603 0.0770156
1975 0.00716717 0.024058
1978 0.00716717 0.024058
1981 0.00737379 0.0248521
1984 0.00737379 0.0248521
1987 0.00685115 0.0288186
1990 0.00685115 0.0288186
1993 0.00641763 0.0113524
1996 0.00641763 0.0113524
1999 0.00768576 0.0194717
2002 0.00768576 0.0194717
2005 0.0687667 0.043161
2008 0.0687667 0.043161
2011 0.148023 0.138084
2014 0.148023 0.138084
2017 0.222575 0.211721
2020 0.222575 0.211721
2023 0.25865 0.259363
2026 0.25865 0.259363
2029 0.318317 0.271801
2032 0.318317 0.271801
2035 0.294834 0.342326
2038 0.294834 0.342326
2041 0.279556 0.353448
2044 0.279556 0.353448
2047 0.229524 0.288007
2050 0.229524 0.288007
2053 0.199781 0.278571
2056 0.199781 0.278571
2059 0.138303 0.242574
2062 0.138303 0.242574
2065 0.0804513 0.182647
2068 0.0804513 0.182647
2071 0.0625881 0.0986954
2074 0.0625881 0.0986954
2077 0.0328539 0.062268
2080 0.0328539 0.062268
2083 0.0124787 0.0232112
2086 0.0124787 0.0232112
2089 0.0110445 0.0250304
2092 0.0110445 0.0250304
2095 0.00958999 0.0255125
2098 0.00958999 0.0255125
2101 0.0270805 0.0423183
2104 0.0270805 0.0423183
2107 0.0691921 0.0605664
2110 0.0691921 0.0605664
2113 0.128847 0.0864679
2116 0.128847 0.0864679
2119 0.194202 0.142156
2122 0.194202 0.142156
2125 0.265696 0.170513
2128 0.265696 0.170513
2131 0.325987 0.242355
2134 0.325987 0.242355
2137 0.34154 0.228746
2140 0.34154 0.228746
2143 0.338121 0.235289
2146 0.338121 0.235289
2149 0.32294 0.253695
2152 0.32294 0.253695
2155 0.293542 0.253249
2158 0.293542 0.253249
2161 0.287355 0.306187
2164 0.287355 0.306187
2167 0.274103 0.168341
2170 0.274103 0.168341
2173 0.243364 0.0808362
2176 0.243364 0.0808362
2179 0.178114 0.213536
2182 0.178114 0.213536
2185 0.118358 0.185718
2188 0.118358 0.185718
2191 0.0735354 0.148683
2194 0.0735354 0.148683
2197 0.0365124 0.0681266
2200 0.0365124 0.0681266
2203 0.0165586 0.0493963
2206 0.0165586 0.0493963
2209 0.00872296 0.030897
2212 0.00872296 0.030897
2215 0.0014545 0.0188153
2218 0.0014545 0.0188153
2221 0.00116279 0.0117332
2224 0.00116279 0.0117332
2227 0.00134511 0.0131432
2230 0.00134511 0.0131432
2233 0.00192853 0.0131634
2236 0.00192853 0.0131634
2239 0.00173811 0.0148124
2242 0.00173811 0.0148124
2245 0.00179888 0.0160886
2248 0.00179888 0.0160886
2251 0.00290495 0.0175026
2254 0.00290495 0.0175026
2257 0.00292521 0.0200186
2260 0.00292521 0.0200186
2263 0.00583421 0.0263066
2266 0.00583421 0.0263066
2269 0.0292561 0.0691597
2272 0.0292561 0.0691597
2275 0.0603517 0.119172
2278 0.0603517 0.119172
2281 0.0752289 0.168933
2284 0.0752289 0.168933
2287 0.0850822 0.166166
2290 0.0850822 0.166166
2293 0.0891783 0.171736
2296 0.0891783 0.171736
2299 0.0959404 0.202941
2302 0.0959404 0.202941
2305 0.104769 0.212325
2308 0.104769 0.212325
2311 0.0915931 0.219135
2314 0.0915931 0.219135
2317 0.0688761 0.181999
2320 0.0688761 0.181999
2323 0.053148 0.17559
2326 0.053148 0.17559
2329 0.0462685 0.11681
2332 0.0462685 0.11681
2335 0.0319828 0.10156
2338 0.0319828 0.10156
2341 0.0245158 0.104996
2344 0.0245158 0.104996
2347 0.015882 0.086715
2350 0.015882 0.086715
2353 0.0136496 0.0549631
2356 0.0136496 0.0549631
2359 0.0100964 0.0492464
2362 0.0100964 0.0492464
2365 0.0130905 0.047954
2368 0.0130905 0.047954
2371 0.0137307 0.0635078
2374 0.0137307 0.0635078
2377 0.0140305 0.0691759
2380 0.0140305 0.0691759
2383 0.0138157 0.0551819
2386 0.0138157 0.0551819
2389 0.0567823 0.104526
2392 0.0567823 0.104526
2395 0.0675229 0.118001
2398 0.0675229 0.118001
2401 0.0686614 0.142764
2404 0.0686614 0.142764
2407 0.0757799 0.109639
2410 0.0757799 0.109639
2413 0.07217 0.129009
2416 0.07217 0.129009
2419 0.0519245 0.135735
2422 0.0519245 0.135735
2425 0.0215137 0.0536869
2428 0.0215137 0.0536869
2431 0.00369095 0.0182805
2434 0.00369095 0.0182805
2437 0.0310267 0.0392675
2440 0.0310267 0.0392675
2443 0.0409691 0.074609
2446 0.0409691 0.074609
2449 0.0488453 0.108099
2452 0.0488453 0.108099
2455 0.0511709 0.111284
2458 0.0511709 0.111284
2461 0.0584393 0.106823
2464 0.0584393 0.106823
2467 0.03396 0.117255
2470 0.03396 0.117255
2473 0.0160157 0.0328093
2476 0.0160157 0.0328093
2479 0.00760068 0.0364922
2482 0.00760068 0.0364922
2485 0.0104813 0.0322664
2488 0.0104813 0.0322664
2491 0.013366 0.0464346
2494 0.013366 0.0464346
2497 0.0151446 0.0524633
2500 0.0151446 0.0524633
2503 0.016899 0.0574427
2506 0.016899 0.0574427
2509 0.0254923 0.0646949
2512 0.0254923 0.0646949
2515 0.0541204 0.0961348
2518 0.0541204 0.0961348
2521 0.0587635 0.129714
2524 0.0587635 0.129714
2527 0.0673082 0.131853
2530 0.0673082 0.131853
2533 0.0744065 0.181902
2536 0.0744065 0.181902
2539 0.0815574 0.200883
2542 0.0815574 0.200883
2545 0.0857021 0.209513
2548 0.0857021 0.209513
2551 0.0743173 0.239247
2554 0.0743173 0.239247
2557 0.051572 0.13996
2560 0.051572 0.13996
2563 0.0219877 0.0654242
2566 0.0219877 0.0654242
2569 0.00155984 0.0181833
2572 0.00155984 0.0181833
2575 0.000530751 0.00205008
2578 0.000530751 0.00205008
2581 0.000542906 0.0667571
2584 0.000542906 0.0667571
2587 0.000704967 0.109724
2590 0.000704967 0.109724
2593 0.000615833 0.0901993
2596 0.000615833 0.0901993
2599 0.00055506 0.0650028
2602 0.00055506 0.0650028
2605 0.000530751 0.0370959
2608 0.000530751 0.0370959
2611 0.000822462 0.115927
2614 0.000822462 0.115927
2617 0.000709019 0.00678227
2620 0.000709019 0.00678227
2623 0.000688761 0.0694352
2626 0.000688761 0.0694352
2629 0.0250182 0.021773
2632 0.0250182 0.021773
2635 0.0375496 0.0563447
2638 0.0375496 0.0563447
2641 0.0710275 0.106632
2644 0.0710275 0.106632
2647 0.120813 0.220513
2650 0.120813 0.220513
2653 0.150985 0.288178
2656 0.150985 0.288178
2659 0.16984 0.289778
2662 0.16984 0.289778
2665 0.169508 0.311215
2668 0.169508 0.311215
2671 0.154744 0.337627
2674 0.154744 0.337627
2677 0.16239 0.342752
2680 0.16239 0.342752
2683 0.138842 0.307398
2686 0.138842 0.307398
2689 0.119447 0.27362
2692 0.119447 0.27362
2695 0.0971842 0.164606
2698 0.0971842 0.164606
2701 0.0647922 0.109752
2704 0.0647922 0.109752
2707 0.0420428 0.0717932
2710 0.0420428 0.0717932
2713 0.0432096 0.0659347
2716 0.0432096 0.0659347
2719 0.045989 0.0764444
2722 0.045989 0.0764444
2725 0.045993 0.0714083
2728 0.045993 0.0714083
2731 0.0655214 0.0779718
2734 0.0655214 0.0779718
2737 0.0808443 0.0916822
2740 0.0808443 0.0916822
2743 0.0862856 0.0739932
2746 0.0862856 0.0739932
2749 0.0944048 0.0895349
2752 0.0944048 0.0895349
2755 0.0986711 0.0924844
2758 0.0986711 0.0924844
2761 0.102281 0.110959
2764 0.102281 0.110959
2767 0.106624 0.125585
2770 0.106624 0.125585
2773 0.109703 0.158828
2776 0.109703 0.158828
2779 0.111697 0.149814
2782 0.111697 0.149814
2785 0.116907 0.158451
2788 0.116907 0.158451
2791 0.118977 0.190507
2794 0.118977 0.190507
2797 0.119212 0.179114
2800 0.119212 0.179114
2803 0.120476 0.162888
2806 0.120476 0.162888
2809 0.12247 0.105972
2812 0.12247 0.105972
2815 0.123017 0.102431
2818 0.123017 0.102431
2821 0.124086 0.0348027
2824 0.124086 0.0348027
2827 0.123831 0.0378656
2830 0.123831 0.0378656
2833 0.123973 0.0276234
2836 0.123973 0.0276234
2839 0.12484 0.0426789
2842 0.12484 0.0426789
2845 0.123957 0.0278097
2848 0.123957 0.0278097
2851 0.130998 0.0396321
2854 0.130998 0.0396321
2857 0.132578 0.0576088
2860 0.132578 0.0576088
2863 0.123795 0.0422008
2866 0.123795 0.0422008
2869 0.126858 0.0429908
2872 0.126858 0.0429908
2875 0.127425 0.0362086
2878 0.127425 0.0362086
2881 0.13016 0.0464103
2884 0.13016 0.0464103
2887 0.135236 0.0667977
2890 0.135236 0.0667977
2893 0.137189 0.0558545
2896 0.137189 0.0558545
2899 0.13663 0.0648732
2902 0.13663 0.0648732
2905 0.136346 0.0593631
2908 0.136346 0.0593631
2911 0.137979 0.0696216
2914 0.137979 0.0696216
2917 0.138182 0.0548578
2920 0.138182 0.0548578
2923 0.138234 0.0632769
2926 0.138234 0.0632769
2929 0.137963 0.0614213
2932 0.137963 0.0614213
2935 0.143445 0.0650596
2938 0.143445 0.0650596
2941 0.148866 0.090094
2944 0.148866 0.090094
2947 0.171882 0.0666842
2950 0.171882 0.0666842
2953 0.198594 0.0745402
2956 0.198594 0.0745402
2959 0.227328 0.102739
2962 0.227328 0.102739
2965 0.261993 0.113038
2968 0.261993 0.113038
2971 0.295892 0.133324
2974 0.295892 0.133324
2977 0.329917 0.16762
2980 0.329917 0.16762
2983 0.355883 0.189993
2986 0.355883 0.189993
2989 0.385528 0.221287
2992 0.385528 0.221287
2995 0.420711 0.257742
2998 0.420711 0.257742
3001 0.466737 0.282311
3004 0.466737 0.282311
3007 0.512467 0.319934
3010 0.512467 0.319934
3013 0.561717 0.334276
3016 0.561717 0.334276
3019 0.613091 0.346167
3022 0.613091 0.346167
3025 0.639956 0.228413
3028 0.639956 0.228413
3031 0.663755 0.157098
3034 0.663755 0.157098
3037 0.694441 0.168337
3040 0.694441 0.168337
3043 0.656547 0.168046
3046 0.656547 0.168046
3049 0.648979 0.153424
3052 0.648979 0.153424
3055 0.641561 0.142954
3058 0.641561 0.142954
3061 0.649984 0.172753
3064 0.649984 0.172753
3067 0.657228 0.16401
3070 0.657228 0.16401
3073 0.661928 0.17561
3076 0.661928 0.17561
3079 0.657204 0.152411
3082 0.657204 0.152411
3085 0.66999 0.14259
3088 0.66999 0.14259
3091 0.681809 0.147755
3094 0.681809 0.147755
3097 0.673321 0.13772
3100 0.673321 0.13772
3103 0.668605 0.167657
3106 0.668605 0.167657
3109 0.66397 0.148918
3112 0.66397 0.148918
3115 0.659278 0.142189
3118 0.659278 0.142189
3121 0.655692 0.110267
3124 0.655692 0.110267
3127 0.660441 0.111693
3130 0.660441 0.111693
3133 0.664662 0.123653
3136 0.664662 0.123653
3139 0.67016 0.0595576
3142 0.67016 0.0595576
3145 0.666907 0.0652824
3148 0.666907 0.0652824
3151 0.663508 0.076258
3154 0.663508 0.076258
3157 0.663034 0.077437
3160 0.663034 0.077437
3163 0.661486 0.116348
3166 0.661486 0.116348
3169 0.658054 0.0811036
3172 0.658054 0.0811036
3175 0.656896 0.0707114
3178 0.656896 0.0707114
3181 0.661247 0.0926951
3184 0.661247 0.0926951
3187 0.669472 0.120282
3190 0.669472 0.120282
3193 0.666303 0.137922
3196 0.666303 0.137922
3199 0.664176 0.116684
3202 0.664176 0.116684
3205 0.663338 0.094024
3208 0.663338 0.094024
3211 0.658399 0.085532
3214 0.658399 0.085532
3217 0.661186 0.0470221
3220 0.661186 0.0470221
3223 0.659359 0.0596224
3226 0.659359 0.0596224
3229 0.658079 0.0295762
3232 0.658079 0.0295762
3235 0.654943 0.0480066
3238 0.654943 0.0480066
3241 0.653602 0.0398266
3244 0.653602 0.0398266
3247 0.652115 0.0290657
3250 0.652115 0.0290657
3253 0.651215 0.036476
3256 0.651215 0.036476
3259 0.651187 0.036792
3262 0.651187 0.036792
3265 0.652528 0.0565837
3268 0.652528 0.0565837
3271 0.653407 0.0229519
3274 0.653407 0.0229519
3277 0.658346 0.0220768
3280 0.658346 0.0220768
3283 0.659181 0.0282635
3286 0.659181 0.0282635
3289 0.673941 0.0269225
3292 0.673941 0.0269225
3295 0.675184 0.0219229
3298 0.675184 0.0219229
3301 0.671011 0.0124909
3304 0.671011 0.0124909
3307 0.670525 0.0282676
3310 0.670525 0.0282676
3313 0.668455 0.0481809
3316 0.668455 0.0481809
3319 0.665234 0.0439186
3322 0.665234 0.0439186
3325 0.664282 0.0534965
3328 0.664282 0.0534965
3331 0.661786 0.0517016
3334 0.661786 0.0517016
3337 0.650434 0.0800178
3340 0.650434 0.0800178
3343 0.649295 0.0697472
3346 0.649295 0.0697472
3349 0.645446 0.0618913
3352 0.645446 0.0618913
3355 0.646208 0.0471842
3358 0.646208 0.0471842
3361 0.654489 0.0610364
3364 0.654489 0.0610364
3367 0.652005 0.0483267
3370 0.652005 0.0483267
3373 0.649129 0.0419739
3376 0.649129 0.0419739
3379 0.650429 0.0279596
3382 0.650429 0.0279596
3385 0.650685 0.0212057
3388 0.650685 0.0212057
3391 0.65188 0.0299246
3394 0.65188 0.0299246
3397 0.653663 0.0348837
3400 0.653663 0.0348837
3403 0.65756 0.0235151
3406 0.65756 0.0235151
3409 0.6563 0.01745
3412 0.6563 0.01745
3415 0.65 0.0544729
3418 0.65 0.0544729
3421 0.647853 0.0256503
3424 0.647853 0.0256503
3427 0.647488 0.0435054
3430 0.647488 0.0435054
3433 0.651333 0.0360222
3436 0.651333 0.0360222
3439 0.688842 0.0944575
3442 0.688842 0.0944575
3445 0.697881 0.0194555
3448 0.697881 0.0194555
3451 0.709128 0.0245847
3454 0.709128 0.0245847
3457 0.710595 0.0333482
3460 0.710595 0.0333482
3463 0.706944 0.0425492
3466 0.706944 0.0425492
3469 0.706418 0.0225103
3472 0.706418 0.0225103
3475 0.705794 0.0146058
3478 0.705794 0.0146058
3481 0.709197 0.0118791
3484 0.709197 0.0118791
3487 0.706215 0.0338668
3490 0.706215 0.0338668
3493 0.711413 0.112677
3496 0.711413 0.112677
3499 0.716263 0.0423507
3502 0.716263 0.0423507
3505 0.717608 0.0355684
3508 0.717608 0.0355684
3511 0.72247 0.0646868
3514 0.72247 0.0646868
3517 0.72497 0.0119966
3520 0.72497 0.0119966
3523 0.725095 0.0560125
3526 0.725095 0.0560125
3529 0.725051 0.0597358
3532 0.725051 0.0597358
3535 0.725298 0.0272263
3538 0.725298 0.0272263
3541 0.717223 0.0854509
3544 0.717223 0.0854509
3547 0.717162 0.00728061
3550 0.717162 0.00728061
3553 0.716222 0.0218094
3556 0.716222 0.0218094
3559 0.71747 0.0186897
3562 0.71747 0.0186897
3565 0.705822 0.0195
3568 0.705822 0.0195
3571 0.709148 0.0367677
3574 0.709148 0.0367677
3577 0.71147 0.0216514
3580 0.71147 0.0216514
3583 0.71288 0.0256543
3586 0.71288 0.0256543
3589 0.709472 0.0405154
3592 0.709472 0.0405154
3595 0.706341 0.0238028
3598 0.706341 0.0238028
3601 0.7072 0.0225833
3604 0.7072 0.0225833
3607 0.706276 0.0208127
3610 0.706276 0.0208127
3613 0.706697 0.0114253
3616 0.706697 0.0114253
3619 0.708605 0.0120695
3622 0.708605 0.0120695
3625 0.704364 0.0246779
3628 0.704364 0.0246779
3631 0.702362 0.0358885
3634 0.702362 0.0358885
3637 0.708926 0.0407503
3640 0.708926 0.0407503
3643 0.713812 0.0347055
3646 0.713812 0.0347055
3649 0.713593 0.0366461
3652 0.713593 0.0366461
3655 0.713755 0.0200592
3658 0.713755 0.0200592
3661 0.716842 0.0170043
3664 0.716842 0.0170043
3667 0.720995 0.0158618
3670 0.720995 0.0158618
3673 0.715444 0.0257516
3676 0.715444 0.0257516
3679 0.717114 0.0164087
3682 0.717114 0.0164087
3685 0.716737 0.0268617
3688 0.716737 0.0268617
3691 0.715651 0.0233085
3694 0.715651 0.0233085
3697 0.708654 0.0538976
3700 0.708654 0.0538976
3703 0.705664 0.0854226
3706 0.705664 0.0854226
3709 0.703298 0.0866421
3712 0.703298 0.0866421
3715 0.703654 0.0710599
3718 0.703654 0.0710599
3721 0.694056 0.0804797
3724 0.694056 0.0804797
3727 0.69024 0.0689977
3730 0.69024 0.0689977
3733 0.689604 0.0746779
3736 0.689604 0.0746779
3739 0.692448 0.0670489
3742 0.692448 0.0670489
3745 0.684365 0.121919
3748 0.684365 0.121919
3751 0.684819 0.0893688
3754 0.684819 0.0893688
3757 0.684665 0.0925614
3760 0.684665 0.0925614
3763 0.681995 0.00803014
3766 0.681995 0.00803014
3769 0.67834 0.0231059
3772 0.67834 0.0231059
3775 0.682684 0.0320355
3778 0.682684 0.0320355
3781 0.682578 0.0467831
3784 0.682578 0.0467831
3787 0.679418 0.0397132
3790 0.679418 0.0397132
3793 0.678956 0.0354752
3796 0.678956 0.0354752
3799 0.670136 0.0670286
3802 0.670136 0.0670286
3805 0.665979 0.0649015
3808 0.665979 0.0649015
3811 0.699441 0.0824001
3814 0.699441 0.0824001
3817 0.744482 0.0898144
3820 0.744482 0.0898144
3823 0.790147 0.0987886
3826 0.790147 0.0987886
3829 0.793793 0.0154809
3832 0.793793 0.0154809
3835 0.796751 0.0120452
3838 0.796751 0.0120452
3841 0.797435 0.0171664
3844 0.797435 0.0171664
3847 0.798335 0.028065
3850 0.798335 0.028065
3853 0.796795 0.023588
3856 0.796795 0.023588
3859 0.794547 0.0272142
3862 0.794547 0.0272142
3865 0.794863 0.0449356
3868 0.794863 0.0449356
3871 0.793979 0.075237
3874 0.793979 0.075237
3877 0.795102 0.0504619
3880 0.795102 0.0504619
3883 0.794741 0.0316384
3886 0.794741 0.0316384
3889 0.794697 0.0253869
3892 0.794697 0.0253869
3895 0.792185 0.0408476
3898 0.792185 0.0408476
3901 0.792375 0.0343003
3904 0.792375 0.0343003
3907 0.792201 0.0585447
3910 0.792201 0.0585447
3913 0.791297 0.0268131
3916 0.791297 0.0268131
3919 0.789089 0.0243295
3922 0.789089 0.0243295
3925 0.79167 0.0391865
3928 0.79167 0.0391865
3931 0.790807 0.0272587
3934 0.790807 0.0272587
3937 0.791792 0.0287902
3940 0.791792 0.0287902
3943 0.792792 0.0226927
3946 0.792792 0.0226927
3949 0.792821 0.0431205
3952 0.792821 0.0431205
3955 0.792748 0.0368041
3958 0.792748 0.0368041
3961 0.793473 0.0282797
3964 0.793473 0.0282797
3967 0.79321 0.0310226
3970 0.79321 0.0310226
3973 0.79703 0.0878454
3976 0.79703 0.0878454
3979 0.796171 0.0179524
3982 0.796171 0.0179524
3985 0.792225 0.0317883
3988 0.792225 0.0317883
3991 0.794352 0.0245928
3994 0.794352 0.0245928
3997 0.795381 0.0295478
4000 0.795381 0.0295478
4003 0.793874 0.0302771
4006 0.793874 0.0302771
4009 0.792962 0.0274532
4012 0.792962 0.0274532
4015 0.793728 0.0129852
4018 0.793728 0.0129852
4021 0.79573 0.0409246
4024 0.79573 0.0409246
4027 0.795576 0.0220404
4030 0.795576 0.0220404
4033 0.795264 0.0156754
4036 0.795264 0.0156754
4039 0.795341 0.0194717
4042 0.795341 0.0194717
4045 0.782858 0.0483591
4048 0.782858 0.0483591
4051 0.783158 0.0410502
4054 0.783158 0.0410502
4057 0.782323 0.0175067
4060 0.782323 0.0175067
4063 0.785504 0.012896
4066 0.785504 0.012896
4069 0.79056 0.0160441
4072 0.79056 0.0160441
4075 0.794178 0.0651811
4078 0.794178 0.0651811
4081 0.79389 0.0165546
4084 0.79389 0.0165546
4087 0.793979 0.0295762
4090 0.793979 0.0295762
4093 0.795414 0.0326027
4096 0.795414 0.0326027
4099 0.794903 0.0755571
4102 0.794903 0.0755571
4105 0.79184 0.0827162
4108 0.79184 0.0827162
4111 0.793262 0.0688761
4114 0.793262 0.0688761
4117 0.794304 0.0118345
4120 0.794304 0.0118345
4123 0.793862 0.0348837
4126 0.793862 0.0348837
4129 0.792829 0.0117657
4132 0.792829 0.0117657
4135 0.79103 0.211308
4138 0.79103 0.211308
4141 0.789474 0.221169
4144 0.789474 0.221169
4147 0.787165 0.269488
4150 0.787165 0.269488
4153 0.784932 0.253569
4156 0.784932 0.253569
4159 0.782639 0.292557
4162 0.782639 0.292557
4165 0.784774 0.286148
4168 0.784774 0.286148
4171 0.794186 0.350276
4174 0.794186 0.350276
4177 0.792719 0.338635
4180 0.792719 0.338635
4183 0.797383 0.185074
4186 0.797383 0.185074
4189 0.804145 0.206466
4192 0.804145 0.206466
4195 0.805121 0.184791
4198 0.805121 0.184791
4201 0.806616 0.226777
4204 0.806616 0.226777
4207 0.808334 0.315995
4210 0.808334 0.315995
4213 0.810502 0.430042
4216 0.810502 0.430042
4219 0.81935 0.616226
4222 0.81935 0.616226
4225 0.820087 0.594996
4228 0.820087 0.594996
4231 0.833543 0.473479
4234 0.833543 0.473479
4237 0.845507 0.576363
4240 0.845507 0.576363
4243 0.841022 0.589393
4246 0.841022 0.589393
4249 0.817215 0.575897
4252 0.817215 0.575897
4255 0.760019 0.488883
4258 0.760019 0.488883
4261 0.721113 0.367515
4264 0.721113 0.367515
4267 0.726278 0.465019
4270 0.726278 0.465019
4273 0.746925 0.513119
4276 0.746925 0.513119
4279 0.759566 0.403148
4282 0.759566 0.403148
4285 0.760587 0.534722
4288 0.760587 0.534722
4291 0.75645 0.549287
4294 0.75645 0.549287
4297 0.709716 0.538883
4300 0.709716 0.538883
4303 0.705555 0.683433
4306 0.705555 0.683433
4309 0.691577 0.658115
4312 0.691577 0.658115
4315 0.698513 0.713953
4318 0.698513 0.713953
4321 0.659331 0.723365
4324 0.659331 0.723365
4327 0.635293 0.714298
4330 0.635293 0.714298
4333 0.608075 0.531715
4336 0.608075 0.531715
4339 0.604724 0.621497
4342 0.604724 0.621497
4345 0.604935 0.705384
4348 0.604935 0.705384
4351 0.616575 0.67849
4354 0.616575 0.67849
4357 0.614468 0.685297
4360 0.614468 0.685297
4363 0.607665 0.681728
4366 0.607665 0.681728
4369 0.596824 0.574848
4372 0.596824 0.574848
4375 0.597314 0.613196
4378 0.597314 0.613196
4381 0.589762 0.546807
4384 0.589762 0.546807
4387 0.590374 0.382834
4390 0.590374 0.382834
4393 0.5723 0.486804
4396 0.5723 0.486804
4399 0.52625 0.550292
4402 0.52625 0.550292
4405 0.494611 0.508456
4408 0.494611 0.508456
4411 0.459934 0.501252
4414 0.459934 0.501252
4417 0.475788 0.540317
4420 0.475788 0.540317
4423 0.501207 0.548647
4426 0.501207 0.548647
4429 0.494474 0.574573
4432 0.494474 0.574573
4435 0.473098 0.498205
4438 0.473098 0.498205
4441 0.459294 0.452787
4444 0.459294 0.452787
4447 0.479742 0.625026
4450 0.479742 0.625026
4453 0.483741 0.646358
4456 0.483741 0.646358
4459 0.48409 0.583697
4462 0.48409 0.583697
4465 0.47685 0.584896
4468 0.47685 0.584896
4471 0.496888 0.571558
4474 0.496888 0.571558
4477 0.512519 0.467644
4480 0.512519 0.467644
4483 0.467863 0.436241
4486 0.467863 0.436241
4489 0.442266 0.47469
4492 0.442266 0.47469
4495 0.441893 0.44951
4498 0.441893 0.44951
4501 0.482254 0.464282
4504 0.482254 0.464282
4507 0.557929 0.438473
4510 0.557929 0.438473
4513 0.63428 0.439049
4516 0.63428 0.439049
4519 0.672429 0.477984
4522 0.672429 0.477984
4525 0.70867 0.455384
4528 0.70867 0.455384
4531 0.766636 0.473572
4534 0.766636 0.473572
4537 0.779345 0.497731
4540 0.779345 0.497731
4543 0.757759 0.562774
4546 0.757759 0.562774
4549 0.718285 0.562953
4552 0.718285 0.562953
4555 0.697407 0.541707
4558 0.697407 0.541707
4561 0.598695 0.633474
4564 0.598695 0.633474
4567 0.555988 0.518511
4570 0.555988 0.518511
4573 0.532149 0.524735
4576 0.532149 0.524735
4579 0.507807 0.495539
4582 0.507807 0.495539
4585 0.479337 0.593931
4588 0.479337 0.593931
4591 0.471121 0.508577
4594 0.471121 0.508577
4597 0.501479 0.541399
4600 0.501479 0.541399
4603 0.489778 0.555583
4606 0.489778 0.555583
4609 0.481882 0.474281
4612 0.481882 0.474281
4615 0.45564 0.492999
4618 0.45564 0.492999
4621 0.430038 0.444356
4624 0.430038 0.444356
4627 0.360789 0.405611
4630 0.360789 0.405611
4633 0.372255 0.418815
4636 0.372255 0.418815
4639 0.397707 0.460874
4642 0.397707 0.460874
4645 0.425043 0.516611
4648 0.425043 0.516611
4651 0.446961 0.501515
4654 0.446961 0.501515
4657 0.459436 0.542189
4660 0.459436 0.542189
4663 0.427753 0.435143
4666 0.427753 0.435143
4669 0.405737 0.415015
4672 0.405737 0.415015
4675 0.361867 0.34622
4678 0.361867 0.34622
4681 0.273864 0.287667
4684 0.273864 0.287667
4687 0.253209 0.385232
4690 0.253209 0.385232
4693 0.278717 0.34951
4696 0.278717 0.34951
4699 0.286099 0.352322
4702 0.286099 0.352322
4705 0.296305 0.413937
4708 0.296305 0.413937
4711 0.313362 0.41476
4714 0.313362 0.41476
4717 0.357459 0.455498
4720 0.357459 0.455498
4723 0.408666 0.371072
4726 0.408666 0.371072
4729 0.426939 0.503059
4732 0.426939 0.503059
4735 0.404287 0.47894
4738 0.404287 0.47894
4741 0.371011 0.50581
4744 0.371011 0.50581
4747 0.337955 0.479074
4750 0.337955 0.479074
4753 0.286598 0.426671
4756 0.286598 0.426671
4759 0.234661 0.301114
4762 0.234661 0.301114
4765 0.186743 0.36638
4768 0.186743 0.36638
4771 0.149153 0.301847
4774 0.149153 0.301847
4777 0.105186 0.207572
4780 0.105186 0.207572
4783 0.0698687 0.198497
4786 0.0698687 0.198497
4789 0.0316101 0.126335
4792 0.0316101 0.126335
4795 0.00711855 0.0473625
4798 0.00711855 0.0473625
4801 0.000299814 0.00928207
4804 0.000299814 0.00928207
4807 0.000194474 0.11935
4810 0.000194474 0.11935
4813 0.000117495 0.0793777
4816 0.000117495 0.0793777
4819 8.91338e-05 0.0976825
4822 8.91338e-05 0.0976825
4825 0.000125598 0.0835305
4828 0.000125598 0.0835305
4831 4.86184e-05 0.0461551
4834 4.86184e-05 0.0461551
4837 0.000704967 0.110441
4840 0.000704967 0.110441
4843 0.00122356 0.00393404
4846 0.00122356 0.00393404
4849 0.00135726 0.00337088
4852 0.00135726 0.00337088
4855 0.00175837 0.0088445
4858 0.00175837 0.0088445
4861 0.00174621 0.0116563
4864 0.00174621 0.0116563
4867 0.000846771 0.0065878
4870 0.000846771 0.0065878
4873 0.000478081 0.0075156
4876 0.000478081 0.0075156
4879 0.000575318 0.00263755
4882 0.000575318 0.00263755
4885 0.000559112 0.0470586
4888 0.000559112 0.0470586
4891 0.000506442 0.00202982
4894 0.000506442 0.00202982
4897 0.00183535 0.0047484
4900 0.00183535 0.0047484
4903 0.00721173 0.00794506
4906 0.00721173 0.00794506
4909 0.00617454 0.0134916
4912 0.00617454 0.0134916
4915 0.00144235 0.0116806
4918 0.00144235 0.0116806
4921 0.0275545 0.0407584
4924 0.0275545 0.0407584
4927 0.0492424 0.0921846
4930 0.0492424 0.0921846
4933 0.0845231 0.150883
4936 0.0845231 0.150883
4939 0.0975367 0.167053
4942 0.0975367 0.167053
4945 0.111717 0.195584
4948 0.111717 0.195584
4951 0.10707 0.210939
4954 0.10707 0.210939
4957 0.090329 0.155927
4960 0.090329 0.155927
4963 0.0760149 0.180374
4966 0.0760149 0.180374
4969 0.0644518 0.166867
4972 0.0644518 0.166867
4975 0.0748035 0.131873
4978 0.0748035 0.131873
4981 0.0745564 0.171303
4984 0.0745564 0.171303
4987 0.0819828 0.179495
4990 0.0819828 0.179495
4993 0.0884005 0.178871
4996 0.0884005 0.178871
4999 0.0974516 0.232469
5002 0.0974516 0.232469
5005 0.0869054 0.201005
5008 0.0869054 0.201005
5011 0.0724658 0.159667
5014 0.0724658 0.159667
5017 0.0409853 0.118572
5020 0.0409853 0.118572
5023 0.0231667 0.072875
5026 0.0231667 0.072875
5029 0.00980877 0.0424641
5032 0.00980877 0.0424641
5035 0.012422 0.039936
5038 0.012422 0.039936
5041 0.0148853 0.0408962
5044 0.0148853 0.0408962
5047 0.0304554 0.0722389
5050 0.0304554 0.0722389
5053 0.0716798 0.108391
5056 0.0716798 0.108391
5059 0.117928 0.119411
5062 0.117928 0.119411
5065 0.168374 0.126959
5068 0.168374 0.126959
5071 0.208293 0.156669
5074 0.208293 0.156669
5077 0.230796 0.190989
5080 0.230796 0.190989
5083 0.213686 0.145466
5086 0.213686 0.145466
5089 0.179714 0.19293
5092 0.179714 0.19293
5095 0.154882 0.191188
5098 0.154882 0.191188
5101 0.127518 0.163273
5104 0.127518 0.163273
5107 0.0908962 0.186796
5110 0.0908962 0.186796
5113 0.0694109 0.152617
5116 0.0694109 0.152617
5119 0.0462078 0.101118
5122 0.0462078 0.101118
5125 0.00824082 0.0375415
5128 0.00824082 0.0375415
5131 0.00167734 0.0143262
5134 0.00167734 0.0143262
5137 0.000174216 0.020752
5140 0.000174216 0.020752
5143 8.50822e-05 0.131545
5146 8.50822e-05 0.131545
5149 6.88761e-05 0.0362815
5152 6.88761e-05 0.0362815
5155 5.267e-05 0.085613
5158 5.267e-05 0.085613
5161 0.000234989 0.0884288
5164 0.000234989 0.0884288
5167 8.50822e-05 0.0583137
5170 8.50822e-05 0.0583137
5173 5.267e-05 0.0650839
5176 5.267e-05 0.0650839
5179 6.48246e-05 0.0811887
5182 6.48246e-05 0.0811887
5185 0.000113443 0.1044
5188 0.000113443 0.1044
5191 4.45669e-05 0.128389
5194 4.45669e-05 0.128389
5197 1.21546e-05 0.106094
5200 1.21546e-05 0.106094
5203 0 0.0815777
5206 0 0.0815777
5209 0 0.0283121
5212 0 0.0283121
5215 0 0.0838101
5218 0 0.0838101
5221 0.000133701 0.117337
5224 0.000133701 0.117337
5227 6.88761e-05 0.067219
5230 6.88761e-05 0.067219
5233 5.267e-05 0.0409894
5236 5.267e-05 0.0409894
5239 3.64638e-05 0.0896767
5242 3.64638e-05 0.0896767
5245 8.10307e-05 0.0893404
5248 8.10307e-05 0.0893404
5251 9.72369e-05 0.109444
5254 9.72369e-05 0.109444
5257 0.0122194 0.0125071
5260 0.0122194 0.0125071
5263 0.0402115 0.0569241
5266 0.0402115 0.0569241
5269 0.0507657 0.0975043
5272 0.0507657 0.0975043
5275 0.0570983 0.100122
5278 0.0570983 0.100122
5281 0.0620898 0.104842
5284 0.0620898 0.104842
5287 0.0673325 0.137951
5290 0.0673325 0.137951
5293 0.105879 0.187975
5296 0.105879 0.187975
5299 0.138858 0.17328
5302 0.138858 0.17328
5305 0.160959 0.231651
5308 0.160959 0.231651
5311 0.173049 0.237477
5314 0.173049 0.237477
5317 0.171218 0.133012
5320 0.171218 0.133012
5323 0.162685 0.0835143
5326 0.162685 0.0835143
5329 0.160651 0.0723199
5332 0.160651 0.0723199
5335 0.173872 0.124682
5338 0.173872 0.124682
5341 0.182979 0.146633
5344 0.182979 0.146633
5347 0.192553 0.147565
5350 0.192553 0.147565
5353 0.208358 0.142213
5356 0.208358 0.142213
5359 0.240122 0.162629
5362 0.240122 0.162629
5365 0.247954 0.206166
5368 0.247954 0.206166
5371 0.245653 0.205518
5374 0.245653 0.205518
5377 0.251398 0.20899
5380 0.251398 0.20899
5383 0.256231 0.192391
5386 0.256231 0.192391
5389 0.281517 0.225715
5392 0.281517 0.225715
5395 0.29733 0.259165
5398 0.29733 0.259165
5401 0.296706 0.250867
5404 0.296706 0.250867
5407 0.292638 0.196807
5410 0.292638 0.196807
5413 0.298335 0.113605
5416 0.298335 0.113605
5419 0.317774 0.139972
5422 0.317774 0.139972
5425 0.342424 0.130399
5428 0.342424 0.130399
5431 0.356896 0.183474
5434 0.356896 0.183474
5437 0.372077 0.15931
5440 0.372077 0.15931
5443 0.396418 0.243003
5446 0.396418 0.243003
5449 0.411263 0.259635
5452 0.411263 0.259635
5455 0.412612 0.196937
5458 0.412612 0.196937
5461 0.407832 0.182809
5464 0.407832 0.182809
5467 0.401345 0.180942
5470 0.401345 0.180942
5473 0.401086 0.1786
5476 0.401086 0.1786
5479 0.409104 0.124949
5482 0.409104 0.124949
5485 0.438242 0.122178
5488 0.438242 0.122178
5491 0.467057 0.110891
5494 0.467057 0.110891
5497 0.492403 0.126882
5500 0.492403 0.126882
5503 0.514314 0.146139
5506 0.514314 0.146139
5509 0.532817 0.143534
5512 0.532817 0.143534
5515 0.539259 0.117628
5518 0.539259 0.117628
5521 0.552609 0.148485
5524 0.552609 0.148485
5527 0.570497 0.13661
5530 0.570497 0.13661
5533 0.609809 0.0722348
5536 0.609809 0.0722348
5539 0.632441 0.209314
5542 0.632441 0.209314
5545 0.65282 0.093157
5548 0.65282 0.093157
5551 0.661717 0.0776801
5554 0.661717 0.0776801
5557 0.675857 0.0824001
5560 0.675857 0.0824001
5563 0.687456 0.0920225
5566 0.687456 0.0920225
5569 0.69184 0.109631
5572 0.69184 0.109631
5575 0.690114 0.138635
5578 0.690114 0.138635
5581 0.691625 0.164496
5584 0.691625 0.164496
5587 0.692233 0.163334
5590 0.692233 0.163334
5593 0.695572 0.140195
5596 0.695572 0.140195
5599 0.701045 0.141492
5602 0.701045 0.141492
5605 0.699684 0.115967
5608 0.699684 0.115967
5611 0.69987 0.0698606
5614 0.69987 0.0698606
5617 0.69983 0.0545661
5620 0.69983 0.0545661
5623 0.709351 0.0836156
5626 0.709351 0.0836156
5629 0.70675 0.062969
5632 0.70675 0.062969
5635 0.70156 0.0476055
5638 0.70156 0.0476055
5641 0.714529 0.0832996
5644 0.714529 0.0832996
5647 0.787837 0.0858439
5650 0.787837 0.0858439
5653 0.787675 0.0691435
5656 0.787675 0.0691435
5659 0.78304 0.0606798
5662 0.78304 0.0606798
5665 0.784215 0.0776517
5668 0.784215 0.0776517
5671 0.78445 0.120327
5674 0.78445 0.120327
5677 0.785192 0.0386314
5680 0.785192 0.0386314
5683 0.785868 0.0338303
5686 0.785868 0.0338303
5689 0.784122 0.052751
5692 0.784122 0.052751
5695 0.78507 0.0607001
5698 0.78507 0.0607001
5701 0.783932 0.00786403
5704 0.783932 0.00786403
5707 0.782108 0.0680293
5710 0.782108 0.0680293
5713 0.774905 0.0532898
5716 0.774905 0.0532898
5719 0.773823 0.0404465
5722 0.773823 0.0404465
5725 0.770197 0.166174
5728 0.770197 0.166174
5731 0.770327 0.0324285
5734 0.770327 0.0324285
5737 0.769913 0.0252289
