frame_number static_density dynamic_density
1 0.144972 0.0998543
4 0.140399 0.0853359
7 0.149495 0.0320468
10 0.159752 0.0448414
13 0.162797 0.0553143
16 0.16534 0.064948
19 0.167069 0.0657872
22 0.165767 0.0709835
25 0.169687 0.0704608
28 0.175607 0.0784512
31 0.179225 0.0830997
34 0.180326 0.0960551
37 0.18128 0.0932911
40 0.182195 0.0919996
43 0.184512 0.0874768
46 0.184004 0.0825318
49 0.184939 0.0737826
52 0.187537 0.0723202
55 0.193507 0.029901
58 0.199111 0.0258003
61 0.204844 0.0305845
64 0.201638 0.0141866
67 0.194794 0.0279964
70 0.189567 0.0213026
73 0.191442 0.0183225
76 0.195075 0.026534
79 0.199181 0.0410021
82 0.208985 0.0451882
85 0.2237 0.0598171
88 0.240816 0.0616915
91 0.252847 0.0740037
94 0.258289 0.0868637
97 0.256757 0.0895623
100 0.258616 0.0842304
103 0.258717 0.0785065
106 0.250163 0.0955174
109 0.245243 0.0956983
112 0.250977 0.0961958
115 0.258048 0.114498
118 0.264114 0.125107
121 0.262641 0.134967
124 0.260772 0.131559
127 0.260988 0.128162
130 0.262174 0.133982
133 0.26341 0.139173
136 0.266405 0.151691
139 0.26926 0.141118
142 0.269581 0.150319
145 0.27032 0.157953
148 0.270918 0.1366
151 0.268687 0.133414
154 0.267028 0.113493
157 0.263365 0.137504
160 0.260882 0.126388
163 0.259028 0.128951
166 0.25747 0.127529
169 0.256611 0.12379
172 0.252455 0.145766
175 0.251993 0.106563
178 0.250721 0.127886
181 0.251415 0.104654
184 0.250736 0.0969596
187 0.249565 0.0848535
190 0.25044 0.0841148
193 0.249269 0.035047
196 0.251922 0.0551033
199 0.25239 0.0443439
202 0.253003 0.0221519
205 0.254033 0.028318
208 0.253952 0.0158752
211 0.254651 0.0441932
214 0.253902 0.0345997
217 0.252927 0.0260063
220 0.25338 0.10392
223 0.252696 0.0318257
226 0.252741 0.029906
229 0.253168 0.0400121
232 0.253279 0.0283381
235 0.254581 0.0364189
238 0.253505 0.0181667
241 0.249907 0.0223931
244 0.250902 0.0131564
247 0.247852 0.0267049
250 0.248676 0.019207
253 0.248103 0.0140409
256 0.248329 0.0108196
259 0.247806 0.00993015
262 0.248068 0.0288658
265 0.248907 0.0380421
268 0.249148 0.01981
271 0.247671 0.116423
274 0.24759 0.0223981
277 0.251897 0.0241268
280 0.257862 0.0140108
283 0.264184 0.0228353
286 0.270833 0.033459
289 0.271582 0.0390422
292 0.266456 0.0318609
295 0.260676 0.0258355
298 0.25538 0.0411227
301 0.252616 0.0151766
304 0.251882 0.030288
307 0.252686 0.0253983
310 0.25536 0.0375044
313 0.255149 0.0222775
316 0.25244 0.0367054
319 0.24851 0.0416805
322 0.247842 0.0978793
325 0.248872 0.0500879
328 0.248636 0.0737374
331 0.249188 0.0541836
334 0.248862 0.0391226
337 0.248249 0.0280416
340 0.249565 0.0112166
343 0.252264 0.0206292
346 0.254752 0.0189658
349 0.256013 0.0197598
352 0.253053 0.0254334
355 0.252671 0.0215136
358 0.253093 0.0200111
361 0.252927 0.0180612
364 0.252696 0.0187246
367 0.252736 0.0174984
370 0.251008 0.0341374
373 0.250691 0.0178451
376 0.250425 0.01684
379 0.25058 0.0174381
382 0.251726 0.0203176
385 0.255701 0.0181818
388 0.260561 0.0250766
391 0.264988 0.0383788
394 0.265722 0.0395296
397 0.264998 0.0372381
400 0.264471 0.0376351
403 0.265626 0.037615
406 0.272295 0.0477461
409 0.282024 0.0630986
412 0.29307 0.0825117
415 0.306111 0.0977738
418 0.316719 0.11884
421 0.321001 0.142223
424 0.331816 0.173039
427 0.34458 0.19105
430 0.35438 0.204794
433 0.365405 0.220252
436 0.377346 0.233323
439 0.383864 0.230574
442 0.386572 0.248002
445 0.38419 0.272401
448 0.387658 0.275325
451 0.390326 0.280451
454 0.394879 0.287673
457 0.39699 0.284512
460 0.399065 0.293573
463 0.402483 0.297849
466 0.402457 0.284472
469 0.400709 0.286602
472 0.401628 0.307206
475 0.400583 0.300734
478 0.398161 0.289025
481 0.396648 0.273813
484 0.395653 0.267023
487 0.395135 0.243535
490 0.393427 0.258737
493 0.393839 0.29117
496 0.392924 0.181069
499 0.394467 0.00781949
502 0.404357 0.0132972
505 0.417941 0.0329363
508 0.431052 0.0511232
511 0.440801 0.0659179
514 0.446912 0.0694005
517 0.455797 0.0648374
520 0.473401 0.0822604
523 0.480974 0.0660536
526 0.487331 0.0719684
529 0.490512 0.0774059
532 0.494452 0.0770491
535 0.49703 0.0782351
538 0.498015 0.0855018
541 0.499196 0.0863661
544 0.500859 0.100779
547 0.501618 0.134575
550 0.498809 0.108377
553 0.495653 0.103794
556 0.493155 0.0930599
559 0.491301 0.109614
562 0.488874 0.133263
565 0.484512 0.213981
568 0.482301 0.243123
571 0.485321 0.104447
574 0.488633 0.0274134
577 0.49307 0.0333032
580 0.498613 0.0421026
583 0.505116 0.0346952
586 0.510599 0.0579376
589 0.515307 0.0592743
592 0.519664 0.0665059
595 0.534479 0.0835871
598 0.545053 0.0684909
601 0.553952 0.0711242
604 0.560415 0.0755113
607 0.570551 0.0902709
610 0.585009 0.0930901
613 0.594975 0.0963214
616 0.60195 0.102166
619 0.607031 0.1148
622 0.623931 0.150013
625 0.626313 0.130419
628 0.628343 0.125755
631 0.634203 0.125001
634 0.637806 0.131383
637 0.639499 0.129991
640 0.640354 0.106327
643 0.640007 0.0848636
646 0.646022 0.151274
649 0.647279 0.0776722
652 0.650465 0.0806322
655 0.652068 0.0814262
658 0.653143 0.0825418
661 0.654158 0.0959998
664 0.656053 0.0968742
667 0.65638 0.0837077
670 0.654169 0.152118
673 0.655113 0.10891
676 0.656008 0.112131
679 0.65837 0.116383
682 0.66033 0.10799
685 0.661501 0.109026
688 0.661139 0.108704
691 0.661661 0.11284
694 0.662857 0.105724
697 0.668355 0.223378
700 0.668265 0.150701
703 0.668461 0.0931253
706 0.669034 0.108161
709 0.670365 0.116287
712 0.672647 0.0903814
715 0.673657 0.0232022
718 0.676667 0.082974
721 0.687472 0.214312
724 0.687422 0.0781597
727 0.68721 0.121499
730 0.686557 0.126459
733 0.685788 0.0997437
736 0.6871 0.0509975
739 0.687894 0.0145535
742 0.689135 0.0218855
745 0.693603 0.180728
748 0.693889 0.00910599
751 0.696105 0.0353937
754 0.698306 0.0516709
757 0.697703 0.0667823
760 0.697372 0.0707422
763 0.699764 0.0319212
766 0.701402 0.0325041
769 0.702447 0.0179456
772 0.715513 0.136308
775 0.715684 0.0964973
778 0.716604 0.0344841
781 0.715418 0.0218956
784 0.715262 0.00890497
787 0.71494 0.0197146
790 0.714066 0.0108548
793 0.714227 0.0126841
796 0.708845 0.0507764
799 0.710116 0.0265591
802 0.709382 0.0341575
805 0.708428 0.0408563
808 0.706804 0.0504196
811 0.706819 0.067124
814 0.718026 0.0603749
817 0.724479 0.0867632
820 0.741359 0.114599
823 0.74259 0.0201518
826 0.74856 0.0397809
829 0.75249 0.0478567
832 0.754535 0.0193427
835 0.755385 0.0147445
838 0.75551 0.0406704
841 0.756405 0.0284587
844 0.75747 0.0367556
847 0.759812 0.153495
850 0.759872 0.0227951
853 0.759882 0.0330017
856 0.758943 0.0259109
859 0.75834 0.0230162
862 0.758038 0.0347203
865 0.757656 0.0670436
868 0.756601 0.0410875
871 0.756978 0.112845
874 0.757028 0.0567817
877 0.756154 0.0525655
880 0.753701 0.0516257
883 0.754028 0.0625408
886 0.754189 0.0200513
889 0.754837 0.0220966
892 0.754405 0.0185889
895 0.754214 0.049706
898 0.756023 0.0485502
901 0.756701 0.0215488
904 0.757174 0.03465
907 0.758103 0.180698
910 0.758299 0.0185386
913 0.756857 0.0139555
916 0.755576 0.0166491
919 0.753073 0.01783
922 0.752952 0.0195035
925 0.753113 0.0235891
928 0.753611 0.0288859
931 0.751585 0.105111
934 0.751802 0.0581537
937 0.752746 0.0120408
940 0.754746 0.019016
943 0.755902 0.0202121
946 0.756807 0.0229107
949 0.756676 0.0355093
952 0.756174 0.0304035
955 0.756681 0.0787276
958 0.756043 0.0365395
961 0.754882 0.0569024
964 0.754214 0.0665159
967 0.7544 0.0784361
970 0.753354 0.0119353
973 0.752686 0.0152973
976 0.752867 0.0203628
979 0.753535 0.0139002
982 0.756063 0.0419921
985 0.756842 0.0266747
988 0.755671 0.0228001
991 0.754143 0.0330971
994 0.753978 0.0302377
997 0.753485 0.00704055
1000 0.754194 0.013664
1003 0.754958 0.0246143
1006 0.754003 0.0710639
1009 0.754138 0.0425951
1012 0.751907 0.0404945
1015 0.750535 0.0325946
1018 0.750641 0.0336349
1021 0.750118 0.0341927
1024 0.749038 0.0400774
1027 0.748992 0.0347706
1030 0.751033 0.0301422
1033 0.748535 0.0402784
1036 0.749857 0.0880798
1039 0.749631 0.0585356
1042 0.749259 0.0445098
1045 0.749475 0.0384843
1048 0.750188 0.0418564
1051 0.75052 0.0354792
1054 0.749827 0.0416001
1057 0.74957 0.0335746
1060 0.750028 0.0309161
1063 0.746646 0.14054
1066 0.746857 0.0255038
1069 0.747028 0.0333786
1072 0.74753 0.0281371
1075 0.747208 0.0327102
1078 0.747229 0.0247299
1081 0.747153 0.0257902
1084 0.748239 0.0330519
1087 0.752168 0.0804261
1090 0.75153 0.0251621
1093 0.75253 0.0308357
1096 0.752641 0.0355093
1099 0.752787 0.0296397
1102 0.752304 0.0296497
1105 0.751555 0.0268204
1108 0.751173 0.0289914
1111 0.751656 0.0902005
1114 0.751234 0.0377255
1117 0.751033 0.0322579
1120 0.750993 0.0345444
1123 0.750616 0.0347053
1126 0.750465 0.0288457
1129 0.748796 0.0303834
1132 0.74747 0.0308005
1135 0.746857 0.0464043
1138 0.747832 0.0454143
1141 0.74955 0.0359214
1144 0.748349 0.0302075
1147 0.746681 0.0280316
1150 0.747028 0.0286748
1153 0.748962 0.0324187
1156 0.749098 0.0393789
1159 0.747987 0.0424192
1162 0.744334 0.0688929
1165 0.745781 0.0401427
1168 0.747917 0.0330821
1171 0.749138 0.0283482
1174 0.749842 0.0421026
1177 0.749666 0.0391929
1180 0.749751 0.0373788
1183 0.750279 0.0341123
1186 0.754535 0.0795819
1189 0.755852 0.0317805
1192 0.754902 0.0316247
1195 0.75551 0.017619
1198 0.755943 0.0266245
1201 0.756405 0.0145233
1204 0.756465 0.0552792
1207 0.754505 0.0130208
1210 0.754108 0.00982964
1213 0.753058 0.099211
1216 0.75252 0.0209709
1219 0.752666 0.115669
1222 0.753078 0.0887683
1225 0.753018 0.0324288
1228 0.752606 0.0211568
1231 0.752189 0.0245439
1234 0.752239 0.0315946
1237 0.752284 0.0404744
1240 0.751068 0.0242022
1243 0.751631 0.0285592
1246 0.753837 0.0337102
1249 0.75437 0.0258455
1252 0.753073 0.0281723
1255 0.753033 0.0346048
1258 0.751993 0.0330469
1261 0.754656 0.11986
1264 0.755159 0.0216745
1267 0.754556 0.0231469
1270 0.754224 0.0197045
1273 0.752877 0.0167144
1276 0.7535 0.0354138
1279 0.752465 0.031293
1282 0.752078 0.0343786
1285 0.752289 0.0254033
1288 0.751068 0.0492487
1291 0.751485 0.0372079
1294 0.751807 0.0247902
1297 0.751309 0.0463189
1300 0.75143 0.0310619
1303 0.750696 0.0303131
1306 0.749872 0.0281421
1309 0.749304 0.0156239
1312 0.7475 0.0189356
1315 0.747264 0.0286999
1318 0.747429 0.0244183
1321 0.746786 0.0287351
1324 0.746088 0.0483592
1327 0.74552 0.0249259
1330 0.74547 0.0185889
1333 0.745264 0.0254988
1336 0.748882 0.133831
1339 0.748415 0.08713
1342 0.747419 0.0478316
1345 0.747701 0.0533796
1348 0.746902 0.0470727
1351 0.746042 0.0388713
1354 0.746399 0.0460274
1357 0.746435 0.0428765
1360 0.746907 0.0430323
1363 0.741263 0.0745716
1366 0.740806 0.0468818
1369 0.741203 0.0452033
1372 0.742615 0.0434997
1375 0.742681 0.0374994
1378 0.741816 0.0274285
1381 0.74252 0.0366149
1384 0.741791 0.0321725
1387 0.746384 0.0432132
1390 0.745711 0.0300769
1393 0.744932 0.0284286
1396 0.744223 0.00752299
1399 0.742997 0.0261822
1402 0.743103 0.00280919
1405 0.743007 0.0201518
1408 0.742299 0.0232977
1411 0.740655 0.0341273
1414 0.740982 0.0377758
1417 0.741721 0.061792
1420 0.74164 0.0728931
1423 0.741927 0.122514
1426 0.742133 0.0956933
1429 0.743138 0.0538419
1432 0.743208 0.0866727
1435 0.74267 0.129303
1438 0.742138 0.213428
1441 0.740721 0.206588
1444 0.73963 0.262435
1447 0.739952 0.327675
1450 0.741148 0.11783
1453 0.740459 0.33563
1456 0.741912 0.343027
1459 0.744173 0.356324
1462 0.740871 0.375099
1465 0.741047 0.336283
1468 0.743706 0.304759
1471 0.744088 0.325449
1474 0.750812 0.105352
1477 0.750661 0.170486
1480 0.753847 0.161591
1483 0.751766 0.0621388
1486 0.753716 0.043364
1489 0.756852 0.253008
1492 0.756324 0.391005
1495 0.757807 0.449214
1498 0.76429 0.361576
1501 0.772481 0.330353
1504 0.778738 0.0972612
1507 0.782461 0.423222
1510 0.789954 0.614966
1513 0.794186 0.574984
1516 0.776185 0.486492
1519 0.775526 0.214528
1522 0.752716 0.23963
1525 0.749611 0.515961
1528 0.750591 0.520845
1531 0.750028 0.241806
1534 0.745585 0.574773
1537 0.745108 0.654123
1540 0.74055 0.638766
1543 0.737725 0.35443
1546 0.740444 0.62665
1549 0.747681 0.637394
1552 0.716569 0.626725
1555 0.707629 0.559762
1558 0.699553 0.679994
1561 0.694618 0.657224
1564 0.696206 0.685668
1567 0.69006 0.670933
1570 0.688929 0.636781
1573 0.682321 0.654093
1576 0.690175 0.62188
1579 0.699829 0.631981
1582 0.70202 0.628298
1585 0.711377 0.52476
1588 0.712815 0.368119
1591 0.71297 0.385065
1594 0.710186 0.630373
1597 0.708764 0.677019
1600 0.704518 0.717594
1603 0.697171 0.697945
1606 0.684527 0.713368
1609 0.6693 0.718081
1612 0.670707 0.665652
1615 0.664003 0.672406
1618 0.662174 0.662541
1621 0.652204 0.678753
1624 0.634273 0.653676
1627 0.630911 0.669868
1630 0.630589 0.6584
1633 0.631253 0.685637
1636 0.621484 0.685135
1639 0.623664 0.675486
1642 0.631484 0.653686
1645 0.637761 0.65141
1648 0.63954 0.622951
1651 0.644304 0.631559
1654 0.647932 0.620473
1657 0.640193 0.596502
1660 0.634514 0.59811
1663 0.63161 0.600598
1666 0.631193 0.632871
1669 0.632172 0.589954
1672 0.631394 0.483647
1675 0.628529 0.651681
1678 0.628504 0.516463
1681 0.639474 0.493105
1684 0.647259 0.497588
1687 0.647138 0.618745
1690 0.647997 0.508689
1693 0.65245 0.0565908
1696 0.653802 0.61495
1699 0.660526 0.633544
1702 0.668606 0.62762
1705 0.674361 0.618162
1708 0.672622 0.627192
1711 0.675501 0.602065
1714 0.677391 0.60392
1717 0.677215 0.615644
1720 0.667908 0.597739
1723 0.664662 0.587944
1726 0.656314 0.555892
1729 0.639645 0.555304
1732 0.571315 0.574396
1735 0.519604 0.579275
1738 0.474265 0.510659
1741 0.445213 0.576632
1744 0.416765 0.563762
1747 0.400156 0.559098
1750 0.379642 0.57036
1753 0.365395 0.476597
1756 0.361973 0.554555
1759 0.35542 0.537715
1762 0.347585 0.488391
1765 0.339645 0.531323
1768 0.342369 0.523544
1771 0.34747 0.51188
1774 0.348656 0.399724
1777 0.345696 0.52878
1780 0.338982 0.499523
1783 0.33571 0.432434
1786 0.329127 0.300307
1789 0.32575 0.442701
1792 0.318383 0.429489
1795 0.312423 0.400749
1798 0.319705 0.402628
1801 0.330137 0.402347
1804 0.331926 0.437203
1807 0.332886 0.434911
1810 0.332032 0.45742
1813 0.325353 0.452671
1816 0.323328 0.407995
1819 0.328926 0.417825
1822 0.332338 0.437524
1825 0.327604 0.436725
1828 0.315116 0.442469
1831 0.303045 0.455626
1834 0.281401 0.439449
1837 0.263275 0.416353
1840 0.247384 0.434424
1843 0.238479 0.423911
1846 0.237379 0.387175
1849 0.231705 0.324127
1852 0.216604 0.333268
1855 0.209563 0.287803
1858 0.218418 0.259299
1861 0.214749 0.241982
1864 0.203603 0.233967
1867 0.200874 0.213724
1870 0.220705 0.229866
1873 0.232856 0.259822
1876 0.233946 0.282919
1879 0.252264 0.316358
1882 0.281682 0.333519
1885 0.306161 0.321383
1888 0.323358 0.349007
1891 0.331177 0.400131
1894 0.334424 0.409649
1897 0.338665 0.441233
1900 0.360686 0.454721
1903 0.386653 0.498658
1906 0.392653 0.567214
1909 0.37029 0.593457
1912 0.356732 0.520674
1915 0.341087 0.521599
1918 0.324393 0.433323
1921 0.319026 0.461184
1924 0.313644 0.431549
1927 0.306402 0.4287
1930 0.295236 0.4238
1933 0.276069 0.375994
1936 0.262782 0.363958
1939 0.244902 0.329047
1942 0.236158 0.315845
1945 0.22678 0.304447
1948 0.224996 0.30784
1951 0.205789 0.284582
1954 0.19107 0.180607
1957 0.172144 0.177557
1960 0.158727 0.123509
1963 0.147786 0.0900296
1966 0.133198 0.0544299
1969 0.118775 0.0332027
1972 0.0996985 0.0193477
1975 0.0895874 0.0136942
1978 0.0849038 0.012674
1981 0.0820343 0.0194482
1984 0.0791095 0.0139856
1987 0.0758279 0.0113121
1990 0.0766471 0.00914619
1993 0.0763807 0.0123825
1996 0.0768431 0.00815619
1999 0.0755415 0.0110408
2002 0.0973165 0.0311021
2005 0.137856 0.0359717
2008 0.17424 0.0551234
2011 0.210171 0.108076
2014 0.25143 0.156631
2017 0.29804 0.184994
2020 0.334454 0.199598
2023 0.362707 0.257194
2026 0.353058 0.306096
2029 0.319659 0.28214
2032 0.293251 0.35244
2035 0.292246 0.353194
2038 0.261053 0.365631
2041 0.229439 0.303774
2044 0.20788 0.257832
2047 0.212965 0.291296
2050 0.205468 0.296206
2053 0.192532 0.262089
2056 0.177225 0.211594
2059 0.167089 0.217162
2062 0.159189 0.223996
2065 0.145439 0.146294
2068 0.136665 0.111463
2071 0.136736 0.0991407
2074 0.131896 0.0700638
2077 0.11387 0.0145585
2080 0.0957485 0.0145284
2083 0.0873511 0.0201065
2086 0.0843007 0.0226795
2089 0.0832203 0.016629
2092 0.0822001 0.0144882
2095 0.0828032 0.0105382
2098 0.0871803 0.0143274
2101 0.101874 0.0222323
2104 0.1217 0.0444897
2107 0.14464 0.0709483
2110 0.170456 0.0900849
2113 0.196965 0.121413
2116 0.231881 0.155566
2119 0.273979 0.191547
2122 0.30999 0.223986
2125 0.347234 0.243836
2128 0.38718 0.268978
2131 0.410825 0.322775
2134 0.42381 0.303442
2137 0.421212 0.319805
2140 0.403709 0.314453
2143 0.381547 0.310744
2146 0.362857 0.311905
2149 0.348967 0.329062
2152 0.330489 0.31888
2155 0.316348 0.281426
2158 0.310639 0.298432
2161 0.291241 0.291869
2164 0.274541 0.286743
2167 0.260998 0.234338
2170 0.250746 0.0525856
2173 0.238253 0.275732
2176 0.220071 0.306749
2179 0.20198 0.251701
2182 0.184441 0.198688
2185 0.168395 0.163868
2188 0.155716 0.146103
2191 0.142168 0.121825
2194 0.130388 0.0917232
2197 0.116539 0.0608674
2200 0.102548 0.0436153
2203 0.0967586 0.0541987
2206 0.0928087 0.0297703
2209 0.086145 0.0237248
2212 0.0815116 0.0165636
2215 0.0797125 0.00972411
2218 0.0813156 0.0104076
2221 0.0810644 0.00558822
2224 0.0817126 0.0104628
2227 0.0827931 0.0117694
2230 0.0842002 0.013277
2233 0.0849138 0.0105181
2236 0.0846223 0.0133826
2239 0.0855772 0.00906578
2242 0.0859691 0.0121212
2245 0.0869491 0.0150661
2248 0.0874516 0.0176994
2251 0.087331 0.014066
2254 0.0853812 0.0161666
2257 0.0842454 0.0134881
2260 0.084562 0.0166139
2263 0.0819539 0.026534
2266 0.0848234 0.0276597
2269 0.10388 0.0501583
2272 0.12477 0.0745163
2275 0.138922 0.120227
2278 0.143902 0.110714
2281 0.147656 0.143505
2284 0.147992 0.155736
2287 0.145836 0.160566
2290 0.147148 0.175577
2293 0.150842 0.200518
2296 0.153128 0.202553
2299 0.154033 0.199181
2302 0.152003 0.198543
2305 0.142072 0.235153
2308 0.141957 0.223011
2311 0.137921 0.217192
2314 0.130866 0.204447
2317 0.126931 0.220559
2320 0.124433 0.195362
2323 0.126951 0.1684
2326 0.12874 0.114272
2329 0.125619 0.158098
2332 0.115403 0.118433
2335 0.106397 0.0900548
2338 0.101995 0.0755968
2341 0.104201 0.0742299
2344 0.0990653 0.117071
2347 0.0942007 0.0827881
2350 0.0936881 0.0674758
2353 0.0958541 0.0684356
2356 0.089909 0.0490125
2359 0.0870044 0.0411729
2362 0.0854616 0.0401025
2365 0.0891201 0.039595
2368 0.0907181 0.0425298
2371 0.0876526 0.0627067
2374 0.0879994 0.0492286
2377 0.0889844 0.0704307
2380 0.087914 0.0780592
2383 0.0873612 0.0668275
2386 0.115121 0.0816121
2389 0.138082 0.0966079
2392 0.145761 0.118257
2395 0.155319 0.13364
2398 0.152957 0.141515
2401 0.149545 0.168928
2404 0.151073 0.199417
2407 0.154259 0.157174
2410 0.153505 0.151269
2413 0.144253 0.132132
2416 0.128062 0.0894166
2419 0.123051 0.141831
2422 0.109609 0.0854767
2425 0.0980652 0.0521232
2428 0.0823659 0.017433
2431 0.0755867 0.00785969
2434 0.0932057 0.0163174
2437 0.110518 0.0413639
2440 0.113282 0.0648927
2443 0.117348 0.0822504
2446 0.120926 0.0822051
2449 0.123112 0.123207
2452 0.125534 0.114383
2455 0.126047 0.116071
2458 0.129906 0.0927383
2461 0.12869 0.0942459
2464 0.11682 0.0838082
2467 0.107588 0.0717624
2470 0.101799 0.0667119
2473 0.0974722 0.0411428
2476 0.0905774 0.0295995
2479 0.0865521 0.0329615
2482 0.0868235 0.0261169
2485 0.086738 0.0290869
2488 0.0876275 0.0344289
2491 0.08911 0.0381778
2494 0.0901653 0.046143
2497 0.0903161 0.0566159
2500 0.091281 0.0464898
2503 0.0920549 0.0401327
2506 0.0922207 0.0547615
2509 0.0993316 0.0724057
2512 0.11581 0.0778481
2515 0.133816 0.105955
2518 0.134047 0.134268
2521 0.135434 0.145344
2524 0.138313 0.139409
2527 0.141258 0.127484
2530 0.146223 0.131554
2533 0.149515 0.177753
2536 0.153234 0.212674
2539 0.156495 0.211438
2542 0.155063 0.209347
2545 0.157475 0.240193
2548 0.146168 0.240972
2551 0.129579 0.243314
2554 0.126916 0.215704
2557 0.118599 0.161646
2560 0.110186 0.111604
2563 0.103563 0.0652194
2566 0.091874 0.0364943
2569 0.0836223 0.0159505
2572 0.080602 0.00268355
2575 0.0807026 0.0203578
2578 0.0808081 0.0448264
2581 0.0808985 0.0499975
2584 0.0809639 0.0328006
2587 0.0802553 0.122639
2590 0.0809789 0.0653249
2593 0.0808181 0.0476456
2596 0.080793 0.0581989
2599 0.0805769 0.0845017
2602 0.0807227 0.0258907
2605 0.0809287 0.0561435
2608 0.080994 0.0649832
2611 0.0795718 0.137504
2614 0.0796422 0.0712749
2617 0.0797075 0.0505955
2620 0.0802 0.0600281
2623 0.0803005 0.0372431
2626 0.0917182 0.00956329
2629 0.10787 0.0277853
2632 0.113589 0.0552691
2635 0.114845 0.0708277
2638 0.121006 0.0786673
2641 0.143826 0.109257
2644 0.167888 0.160435
2647 0.188597 0.214734
2650 0.207809 0.280984
2653 0.221865 0.305875
2656 0.227911 0.325835
2659 0.225971 0.348827
2662 0.21973 0.360641
2665 0.223077 0.351977
2668 0.220061 0.361063
2671 0.223479 0.292949
2674 0.226825 0.351621
2677 0.225107 0.360862
2680 0.210694 0.328931
2683 0.191608 0.249681
2686 0.173712 0.266566
2689 0.172757 0.280924
2692 0.161516 0.232052
2695 0.157862 0.191723
2698 0.145203 0.158913
2701 0.131042 0.125217
2704 0.11876 0.0894769
2707 0.112579 0.0680336
2710 0.111689 0.0674908
2713 0.11189 0.0768079
2716 0.11387 0.0697874
2719 0.115589 0.0657169
2722 0.116292 0.0703302
2725 0.117353 0.0678426
2728 0.122629 0.0757123
2731 0.136188 0.0713855
2734 0.147485 0.0705764
2737 0.156917 0.0550128
2740 0.160782 0.0766672
2743 0.162119 0.0687019
2746 0.162481 0.0650284
2749 0.168405 0.0909543
2752 0.168883 0.0878587
2755 0.17137 0.0965827
2758 0.172345 0.0896276
2761 0.174758 0.091281
2764 0.175461 0.0991256
2767 0.177099 0.11486
2770 0.176707 0.119534
2773 0.179451 0.148791
2776 0.180391 0.145088
2779 0.180672 0.149203
2782 0.184175 0.157209
2785 0.186462 0.158923
2788 0.185261 0.166435
2791 0.187824 0.161797
2794 0.188386 0.155752
2797 0.190251 0.157139
2800 0.191191 0.14249
2803 0.191226 0.141756
2806 0.192748 0.135746
2809 0.193743 0.105362
2812 0.192241 0.12968
2815 0.193824 0.0457561
2818 0.193874 0.050897
2821 0.194743 0.0406553
2824 0.195186 0.0336751
2827 0.19407 0.0367858
2830 0.193618 0.0286698
2833 0.193899 0.0254184
2836 0.193387 0.0807729
2839 0.193176 0.0366702
2842 0.193452 0.0236243
2845 0.192914 0.0322278
2848 0.193522 0.0315946
2851 0.2 0.0367204
2854 0.206262 0.0356098
2857 0.203231 0.0425599
2860 0.19708 0.0369818
2863 0.192286 0.0314589
2866 0.19509 0.0326599
2869 0.196377 0.0426303
2872 0.19892 0.0338208
2875 0.197538 0.0344741
2878 0.196125 0.0381879
2881 0.200573 0.0433841
2884 0.203925 0.0519473
2887 0.202271 0.0521282
2890 0.203915 0.0437861
2893 0.203437 0.0564651
2896 0.200683 0.0488266
2899 0.202065 0.0500427
2902 0.201648 0.0574753
2905 0.201824 0.0497161
2908 0.203588 0.0514398
2911 0.202603 0.0726167
2914 0.202749 0.0575908
2917 0.202146 0.0575205
2920 0.201146 0.0713202
2923 0.201749 0.0623499
2926 0.201482 0.0647269
2929 0.200955 0.0610533
2932 0.204126 0.0664305
2935 0.204086 0.0665008
2938 0.204287 0.0698276
2941 0.210096 0.0669079
2944 0.22075 0.037419
2947 0.233504 0.0398261
2950 0.248349 0.0597869
2953 0.261712 0.084753
2956 0.275079 0.102819
2959 0.293366 0.105623
2962 0.309458 0.118363
2965 0.327263 0.126665
2968 0.344681 0.135766
2971 0.360606 0.147168
2974 0.377934 0.170501
2977 0.392402 0.181929
2980 0.402623 0.184773
2983 0.417167 0.197543
2986 0.43368 0.219619
2989 0.442495 0.242821
2992 0.459707 0.246811
2995 0.478989 0.258882
2998 0.499849 0.274667
3001 0.527418 0.28715
3004 0.549972 0.300668
3007 0.569797 0.312061
3010 0.582507 0.317378
3013 0.611805 0.32578
3016 0.636605 0.345892
3019 0.663254 0.263672
3022 0.682909 0.269843
3025 0.700457 0.200523
3028 0.712734 0.131891
3031 0.72669 0.146208
3034 0.738178 0.150922
3037 0.749023 0.197734
3040 0.727916 0.170637
3043 0.717594 0.166028
3046 0.717559 0.145902
3049 0.711996 0.163033
3052 0.709292 0.16042
3055 0.706845 0.153993
3058 0.70698 0.0911202
3061 0.714463 0.085542
3064 0.721257 0.103618
3067 0.724011 0.110664
3070 0.732444 0.123921
3073 0.739796 0.130132
3076 0.751098 0.139615
3079 0.762551 0.116096
3082 0.766777 0.0985477
3085 0.774089 0.100407
3088 0.782471 0.134781
3091 0.789135 0.125107
3094 0.790311 0.116684
3097 0.788964 0.141414
3100 0.786125 0.141419
3103 0.783321 0.142294
3106 0.780426 0.128499
3109 0.777255 0.12473
3112 0.771767 0.154912
3115 0.768551 0.109272
3118 0.766667 0.110392
3121 0.764204 0.0992311
3124 0.76432 0.101885
3127 0.764767 0.109578
3130 0.764858 0.0927785
3133 0.765621 0.0690487
3136 0.768657 0.086929
3139 0.76839 0.0694055
3142 0.770466 0.088919
3145 0.77029 0.0802151
3148 0.770863 0.0650887
3151 0.771446 0.0752199
3154 0.772089 0.0746872
3157 0.772732 0.0834866
3160 0.77333 0.0803407
3163 0.77223 0.089693
3166 0.771798 0.0874466
3169 0.769948 0.0744409
3172 0.768938 0.0373536
3175 0.769059 0.0208
3178 0.768245 0.0575506
3181 0.766772 0.0734007
3184 0.764234 0.054254
3187 0.766737 0.0715061
3190 0.765234 0.0597467
3193 0.763933 0.0751244
3196 0.765129 0.0547063
3199 0.764707 0.0944771
3202 0.76426 0.0884416
3205 0.764812 0.0325443
3208 0.764767 0.0962963
3211 0.762511 0.0410071
3214 0.76344 0.0104327
3217 0.763013 0.0721544
3220 0.763179 0.055244
3223 0.762998 0.013865
3226 0.763079 0.0239409
3229 0.762506 0.0263229
3232 0.761093 0.048314
3235 0.76047 0.026333
3238 0.761998 0.0919946
3241 0.760958 0.0291572
3244 0.761179 0.030303
3247 0.760405 0.030504
3250 0.760083 0.028127
3253 0.760516 0.0422685
3256 0.759631 0.0294236
3259 0.759114 0.0320619
3262 0.759279 0.0284386
3265 0.759184 0.0124579
3268 0.759506 0.0111865
3271 0.758727 0.0179356
3274 0.75848 0.0176491
3277 0.759395 0.0308407
3280 0.758968 0.0224685
3283 0.759882 0.0278406
3286 0.765848 0.100166
3289 0.765858 0.0163626
3292 0.766441 0.0082969
3295 0.765546 0.0101714
3298 0.764591 0.0433439
3301 0.764822 0.0140007
3304 0.764581 0.0205638
3307 0.764425 0.0300568
3310 0.764481 0.0351525
3313 0.760651 0.0446706
3316 0.759918 0.0431027
3319 0.760415 0.0444595
3322 0.758134 0.0442183
3325 0.757274 0.0524599
3328 0.757013 0.0478366
3331 0.757053 0.0564601
3334 0.755882 0.052676
3337 0.753063 0.0741243
3340 0.753309 0.0715564
3343 0.753681 0.0741947
3346 0.75146 0.0587065
3349 0.750309 0.0638273
3352 0.750249 0.05149
3355 0.750676 0.0558822
3358 0.751505 0.0571938
3361 0.756139 0.0657169
3364 0.75639 0.0541635
3367 0.757159 0.0592241
3370 0.756003 0.0537514
3373 0.756591 0.0381577
3376 0.757636 0.0331876
3379 0.758651 0.0298658
3382 0.759068 0.0256596
3385 0.759219 0.0258405
3388 0.759601 0.0379517
3391 0.759239 0.0256747
3394 0.759827 0.0219157
3397 0.759013 0.0298457
3400 0.759681 0.0216292
3403 0.761305 0.0147344
3406 0.76337 0.0161013
3409 0.763847 0.019207
3412 0.761325 0.0998945
3415 0.761355 0.0592291
3418 0.761832 0.034449
3421 0.761872 0.0456053
3424 0.761958 0.0602493
3427 0.761903 0.0372531
3430 0.762099 0.0381929
3433 0.763259 0.0589226
3436 0.770963 0.152334
3439 0.770174 0.0386954
3442 0.770275 0.0112217
3445 0.769712 0.0244083
3448 0.771064 0.0125936
3451 0.77223 0.0184281
3454 0.772325 0.0611639
3457 0.77223 0.0238052
3460 0.772044 0.0304437
3463 0.771265 0.0565958
3466 0.771637 0.022368
3469 0.770672 0.0230213
3472 0.768878 0.0335544
3475 0.767702 0.0161817
3478 0.768054 0.0305995
3481 0.768179 0.00547766
3484 0.768551 0.00830695
3487 0.767707 0.099211
3490 0.76742 0.0142872
3493 0.767797 0.0309664
3496 0.768787 0.0411478
3499 0.769642 0.0486004
3502 0.770411 0.025343
3505 0.769868 0.0206091
3508 0.769632 0.0150008
3511 0.770401 0.108528
3514 0.769571 0.0147746
3517 0.76931 0.0885874
3520 0.769154 0.0263079
3523 0.7693 0.0717222
3526 0.769431 0.114956
3529 0.768878 0.0727574
3532 0.768702 0.0401075
3535 0.769003 0.0144279
3538 0.76928 0.102759
3541 0.768883 0.101879
3544 0.769431 0.0114277
3547 0.771235 0.0126237
3550 0.772386 0.0221921
3553 0.772054 0.0190261
3556 0.772582 0.0202824
3559 0.772089 0.0191869
3562 0.770496 0.0450224
3565 0.769828 0.0217699
3568 0.770084 0.0239409
3571 0.769632 0.058425
3574 0.769084 0.0473441
3577 0.770265 0.0419569
3580 0.770245 0.0302729
3583 0.770436 0.0313433
3586 0.769767 0.067727
3589 0.76939 0.054852
3592 0.770712 0.0330419
3595 0.769124 0.0751093
3598 0.768787 0.0142369
3601 0.768697 0.00784462
3604 0.768893 0.0154983
3607 0.769501 0.00603045
3610 0.769988 0.00835218
3613 0.770828 0.0104729
3616 0.772094 0.01288
3619 0.773592 0.0173074
3622 0.773813 0.0603498
3625 0.772958 0.0300518
3628 0.769988 0.0313182
3631 0.769295 0.0262375
3634 0.768923 0.0244133
3637 0.768642 0.0240464
3640 0.768968 0.0298256
3643 0.768702 0.0227851
3646 0.766822 0.0577265
3649 0.766878 0.0251018
3652 0.767345 0.0270868
3655 0.767647 0.0253179
3658 0.768159 0.0221468
3661 0.768421 0.0174883
3664 0.768561 0.0127243
3667 0.768054 0.017227
3670 0.768737 0.0543344
3673 0.768697 0.01783
3676 0.768044 0.0261772
3679 0.767064 0.0242776
3682 0.76734 0.0252475
3685 0.767436 0.0250867
3688 0.770064 0.0283582
3691 0.77036 0.0285743
3694 0.770426 0.0167697
3697 0.769903 0.0374089
3700 0.768556 0.0596412
3703 0.768908 0.0684004
3706 0.769375 0.0803508
3709 0.768431 0.0683753
3712 0.769627 0.0727021
3715 0.770104 0.0639731
3718 0.770019 0.0633047
3721 0.767657 0.154093
3724 0.768225 0.078612
3727 0.7683 0.0755013
3730 0.76825 0.080793
3733 0.768003 0.0886678
3736 0.768139 0.0720086
3739 0.767807 0.0793206
3742 0.767938 0.0898638
3745 0.76738 0.192336
3748 0.767647 0.0882507
3751 0.76739 0.0652797
3754 0.766973 0.0834062
3757 0.766209 0.0482436
3760 0.766461 0.0164732
3763 0.76634 0.00654304
3766 0.765631 0.0132067
3769 0.763692 0.0252927
3772 0.763365 0.0351626
3775 0.764868 0.0308608
3778 0.76526 0.0294889
3781 0.765903 0.0242776
3784 0.767365 0.0462988
3787 0.768335 0.0356199
3790 0.768581 0.0377406
3793 0.768993 0.040987
3796 0.769496 0.121132
3799 0.767863 0.0701844
3802 0.766958 0.0808031
3805 0.764837 0.0809237
3808 0.763777 0.0924167
3811 0.766692 0.0816322
3814 0.768084 0.0909041
3817 0.770225 0.101317
3820 0.778426 0.14257
3823 0.777868 0.020599
3826 0.778054 0.0166843
3829 0.778567 0.0157244
3832 0.778783 0.0157897
3835 0.779396 0.0149053
3838 0.779919 0.0241118
3841 0.7801 0.0243279
3844 0.779904 0.0231017
3847 0.780522 0.0708779
3850 0.7802 0.0306347
3853 0.780321 0.0267601
3856 0.780185 0.0315393
3859 0.779351 0.0374692
3862 0.779602 0.0381677
3865 0.780024 0.041776
3868 0.779446 0.0367707
3871 0.779481 0.0673149
3874 0.78029 0.0494447
3877 0.780773 0.0568219
3880 0.781512 0.0244133
3883 0.781326 0.0340771
3886 0.782054 0.0304337
3889 0.780989 0.0279009
3892 0.78015 0.0361073
3895 0.777542 0.0373084
3898 0.779336 0.0425298
3901 0.778305 0.0443238
3904 0.779361 0.0494648
3907 0.778788 0.0303382
3910 0.778622 0.0254586
3913 0.777939 0.0269712
3916 0.778125 0.0352932
3919 0.778331 0.0324941
3922 0.779828 0.120076
3925 0.779456 0.0339917
3928 0.779321 0.0232977
3931 0.778974 0.0211367
3934 0.779597 0.0273582
3937 0.779808 0.0216694
3940 0.779773 0.0212222
3943 0.780145 0.0252576
3946 0.779622 0.0512991
3949 0.779637 0.0487009
3952 0.779567 0.0372582
3955 0.77919 0.0423036
3958 0.777888 0.0327906
3961 0.779381 0.0293432
3964 0.780225 0.025549
3967 0.781235 0.0183527
3970 0.782949 0.108262
3973 0.783954 0.0840042
3976 0.782647 0.0407257
3979 0.782461 0.0148651
3982 0.779019 0.0216644
3985 0.777999 0.0280868
3988 0.778994 0.0230765
3991 0.780768 0.0185436
3994 0.78027 0.0113021
3997 0.780944 0.0977637
4000 0.781803 0.0898789
4003 0.781647 0.014654
4006 0.78116 0.0190814
4009 0.781089 0.00419619
4012 0.781135 0.00944269
4015 0.780783 0.00900045
4018 0.780331 0.0149354
4021 0.780265 0.0460023
4024 0.780446 0.0189557
4027 0.780632 0.0203327
4030 0.78022 0.0246595
4033 0.779275 0.023559
4036 0.778974 0.0239811
4039 0.777356 0.0273582
4042 0.776933 0.0240866
4045 0.773069 0.0675361
4048 0.775386 0.032881
4051 0.774567 0.0878939
4054 0.77519 0.105056
4057 0.776531 0.0340821
4060 0.776476 0.0163827
4063 0.776687 0.0123172
4066 0.779386 0.0163476
4069 0.780522 0.0174431
4072 0.783085 0.051284
4075 0.782788 0.00892507
4078 0.780672 0.0542691
4081 0.780863 0.0114076
4084 0.78012 0.0119001
4087 0.779486 0.0216946
4090 0.780024 0.0128097
4093 0.780753 0.0305995
4096 0.780125 0.0143927
4099 0.779456 0.0658576
4102 0.779909 0.0980904
4105 0.780185 0.0914167
4108 0.780863 0.0803005
4111 0.780949 0.0161164
4114 0.780496 0.00889994
4117 0.780195 0.010689
4120 0.782215 0.0237097
4123 0.781833 0.030097
4126 0.780672 0.0164028
4129 0.78019 0.00870898
4132 0.77919 0.049103
4135 0.778612 0.0761194
4138 0.777155 0.19011
4141 0.77829 0.211297
4144 0.779396 0.261712
4147 0.780451 0.23757
4150 0.780883 0.170712
4153 0.78017 0.15845
4156 0.780064 0.199271
4159 0.779185 0.112589
4162 0.778275 0.204035
4165 0.779069 0.216483
4168 0.779004 0.161486
4171 0.783879 0.346505
4174 0.778054 0.327996
4177 0.777336 0.13561
4180 0.773677 0.129192
4183 0.773089 0.134188
4186 0.774124 0.0829991
4189 0.779275 0.125393
4192 0.781401 0.176652
4195 0.783502 0.086929
4198 0.790251 0.163898
4201 0.797653 0.241957
4204 0.802674 0.189065
4207 0.803699 0.138695
4210 0.803241 0.11294
4213 0.807221 0.170893
4216 0.807131 0.549957
4219 0.807397 0.577717
4222 0.810126 0.565049
4225 0.816443 0.393417
4228 0.822323 0.578069
4231 0.831464 0.565873
4234 0.834972 0.591562
4237 0.835097 0.566345
4240 0.827685 0.427016
4243 0.806191 0.627499
4246 0.794276 0.619961
4249 0.755581 0.603508
4252 0.736027 0.580768
4255 0.687648 0.373732
4258 0.676537 0.597925
4261 0.644258 0.50985
4264 0.63758 0.570149
4267 0.636967 0.529052
4270 0.641118 0.597824
4273 0.638791 0.564792
4276 0.63556 0.43767
4279 0.637911 0.404468
4282 0.647123 0.621413
4285 0.65253 0.672391
4288 0.6584 0.656792
4291 0.659973 0.648058
4294 0.634293 0.539118
4297 0.621433 0.562199
4300 0.618378 0.670456
4303 0.607895 0.630298
4306 0.604161 0.723991
4309 0.612629 0.681064
4312 0.619735 0.694135
4315 0.632363 0.755058
4318 0.625343 0.750676
4321 0.625333 0.763883
4324 0.614523 0.759083
4327 0.618498 0.693427
4330 0.599568 0.254299
4333 0.58514 0.74748
4336 0.583135 0.7268
4339 0.57135 0.698322
4342 0.569069 0.726685
4345 0.551415 0.707568
4348 0.561978 0.703086
4351 0.572863 0.721182
4354 0.579793 0.719137
4357 0.584256 0.706794
4360 0.579652 0.684853
4363 0.574059 0.683291
4366 0.570898 0.614131
4369 0.568747 0.561712
4372 0.568883 0.64943
4375 0.56527 0.633228
4378 0.561073 0.617966
4381 0.550334 0.549304
4384 0.547088 0.478587
4387 0.548525 0.532509
4390 0.543595 0.476687
4393 0.534163 0.53671
4396 0.52281 0.577506
4399 0.50588 0.582446
4402 0.485974 0.617071
4405 0.46925 0.595658
4408 0.457199 0.563948
4411 0.449721 0.585567
4414 0.446535 0.601256
4417 0.458124 0.613146
4420 0.46333 0.596603
4423 0.458742 0.567747
4426 0.470245 0.580919
4429 0.469747 0.563013
4432 0.474602 0.0750188
4435 0.471672 0.259415
4438 0.472974 0.549314
4441 0.478682 0.626167
4444 0.483884 0.635303
4447 0.484281 0.645183
4450 0.487829 0.536615
4453 0.486823 0.662878
4456 0.486256 0.627283
4459 0.49507 0.629775
4462 0.512971 0.531554
4465 0.533323 0.632253
4468 0.543655 0.62962
4471 0.533846 0.617921
4474 0.53671 0.661475
4477 0.511774 0.624775
4480 0.480954 0.635148
4483 0.452696 0.60199
4486 0.429986 0.549304
4489 0.398231 0.595362
4492 0.397045 0.499553
4495 0.404895 0.560501
4498 0.420549 0.432303
4501 0.433921 0.481346
4504 0.469581 0.560269
4507 0.507623 0.582577
4510 0.540786 0.530323
4513 0.567551 0.539459
4516 0.592583 0.593306
4519 0.606071 0.594573
4522 0.61576 0.526358
4525 0.634394 0.532559
4528 0.637545 0.551716
4531 0.663491 0.554787
4534 0.667139 0.579858
4537 0.666104 0.391371
4540 0.660189 0.518599
4543 0.648208 0.565425
4546 0.627906 0.434459
4549 0.620433 0.506443
4552 0.626594 0.52086
4555 0.632831 0.544937
4558 0.592598 0.449379
4561 0.576652 0.594231
4564 0.566626 0.6277
4567 0.533796 0.610418
4570 0.527263 0.6416
4573 0.504503 0.634851
4576 0.490361 0.608588
4579 0.479703 0.628328
4582 0.461707 0.611719
4585 0.456058 0.591045
4588 0.451586 0.591567
4591 0.448882 0.582522
4594 0.465109 0.576969
4597 0.473682 0.565094
4600 0.470888 0.499859
4603 0.458249 0.399618
4606 0.45156 0.539329
4609 0.441268 0.518282
4612 0.434992 0.498382
4615 0.436313 0.5139
4618 0.434524 0.479381
4621 0.424941 0.501578
4624 0.402724 0.491422
4627 0.392085 0.45651
4630 0.385426 0.461903
4633 0.399925 0.456797
4636 0.416885 0.475667
4639 0.419086 0.477205
4642 0.417905 0.497749
4645 0.413825 0.493115
4648 0.42277 0.481205
4651 0.433886 0.504955
4654 0.438665 0.503216
4657 0.443419 0.502834
4660 0.428027 0.496593
4663 0.423499 0.476848
4666 0.396593 0.419855
4669 0.378225 0.402764
4672 0.361159 0.384215
4675 0.341399 0.438238
4678 0.319348 0.457661
4681 0.305437 0.394658
4684 0.304819 0.420227
4687 0.297904 0.439067
4690 0.298623 0.4109
4693 0.309438 0.381748
4696 0.318956 0.34461
4699 0.32482 0.3397
4702 0.327147 0.424413
4705 0.332253 0.442414
4708 0.337545 0.435529
4711 0.353289 0.460445
4714 0.383009 0.447264
4717 0.397578 0.450098
4720 0.425805 0.467044
4723 0.424308 0.461496
4726 0.416544 0.513227
4729 0.418116 0.560681
4732 0.404231 0.402357
4735 0.390743 0.487155
4738 0.379341 0.486974
4741 0.368421 0.49118
4744 0.35548 0.496874
4747 0.336283 0.456726
4750 0.308312 0.459269
4753 0.285612 0.4753
4756 0.266084 0.404895
4759 0.248068 0.439731
4762 0.230187 0.412187
4765 0.214935 0.363189
4768 0.201689 0.353269
4771 0.190733 0.324353
4774 0.167089 0.295065
4777 0.143158 0.278466
4780 0.131574 0.221951
4783 0.123348 0.179094
4786 0.110377 0.130775
4789 0.0961254 0.0928288
4792 0.0842655 0.0535605
4795 0.0806573 0.0206493
4798 0.0771094 0.0110558
4801 0.0756169 0.0741545
4804 0.0764008 0.122232
4807 0.0773205 0.0540228
4810 0.077225 0.0539876
4813 0.077617 0.1099
4816 0.0777175 0.108729
4819 0.0776622 0.0786723
4822 0.0801447 0.0865722
4825 0.080401 0.0241218
4828 0.0810091 0.0208654
4831 0.0814312 0.109865
4834 0.0808181 0.0962963
4837 0.081185 0.00519122
4840 0.0817478 0.0367154
4843 0.0819187 0.0043168
4846 0.0822403 0.00555807
4849 0.0824413 0.00349264
4852 0.0826976 0.0063169
4855 0.0832203 0.00759335
4858 0.0814915 0.0231268
4861 0.0820745 0.00864365
4864 0.0820544 0.00375898
4867 0.0823408 0.00920649
4870 0.0826273 0.042977
4873 0.0826775 0.00493492
4876 0.0826624 0.00377406
4879 0.0828685 0.00230162
4882 0.0823157 0.0498266
4885 0.0823157 0.117835
4888 0.0822303 0.00342731
4891 0.0823911 0.00316096
4894 0.0831047 0.00453792
4897 0.0846173 0.00365345
4900 0.0874416 0.00542741
4903 0.0912659 0.00951807
4906 0.0929243 0.0115131
4909 0.0886075 0.0159707
4912 0.0852455 0.00758832
4915 0.082582 0.007327
4918 0.0957385 0.0167546
4921 0.110126 0.0384843
4924 0.11486 0.0602844
4927 0.129092 0.0852706
4930 0.150209 0.11879
4933 0.163476 0.143615
4936 0.166953 0.181125
4939 0.177054 0.170551
4942 0.183059 0.168018
4945 0.185678 0.185105
4948 0.182969 0.210277
4951 0.176878 0.228484
4954 0.177989 0.180034
4957 0.167355 0.154239
4960 0.151485 0.19106
4963 0.142444 0.184969
4966 0.128042 0.176989
4969 0.137525 0.143495
4972 0.145917 0.165641
4975 0.154023 0.150585
4978 0.15547 0.168385
4981 0.148028 0.169496
4984 0.149842 0.184401
4987 0.15252 0.209116
4990 0.153475 0.186567
4993 0.157259 0.196538
4996 0.157375 0.197663
4999 0.160621 0.225871
5002 0.15541 0.249585
5005 0.153209 0.26441
5008 0.148284 0.246696
5011 0.144756 0.241535
5014 0.128318 0.185125
5017 0.12174 0.139655
5020 0.110724 0.111578
5023 0.108598 0.0899643
5026 0.0979295 0.0562943
5029 0.089507 0.0341324
5032 0.0894769 0.0343083
5035 0.0913765 0.0259561
5038 0.0929695 0.0379768
5041 0.0946932 0.0586311
5044 0.0951354 0.0556008
5047 0.10691 0.0595306
5050 0.125222 0.0689331
5053 0.151123 0.0949043
5056 0.176602 0.113674
5059 0.205136 0.124157
5062 0.231695 0.144354
5065 0.257872 0.158772
5068 0.275526 0.191216
5071 0.293758 0.177582
5074 0.300276 0.214207
5077 0.279507 0.272134
5080 0.261274 0.195105
5083 0.243354 0.196246
5086 0.223644 0.224438
5089 0.194718 0.263209
5092 0.17728 0.259164
5095 0.158923 0.244037
5098 0.143269 0.247073
5101 0.126715 0.234705
5104 0.122087 0.209201
5107 0.119433 0.211955
5110 0.121277 0.18421
5113 0.120222 0.135183
5116 0.119388 0.127157
5119 0.120217 0.0803106
5122 0.11098 0.0432032
5125 0.0940801 0.0158953
5128 0.0859289 0.0789085
5131 0.0841148 0.0168853
5134 0.0853209 0.0385245
5137 0.0821499 0.123433
5140 0.0820896 0.0950701
5143 0.0824162 0.0920951
5146 0.0826675 0.0816021
5149 0.0827278 0.0277853
5152 0.0826926 0.0702648
5155 0.0827981 0.0673903
5158 0.0831399 0.0597769
5161 0.0816523 0.152983
5164 0.0820795 0.0529675
5167 0.082371 0.0442937
5170 0.0826172 0.0767325
5173 0.0824966 0.0453088
5176 0.0826524 0.0854616
5179 0.0828635 0.0484044
5182 0.0831499 0.060204
5185 0.0810945 0.131017
5188 0.0814061 0.0944269
5191 0.0815619 0.0936831
5194 0.081979 0.0290165
5197 0.0827278 0.128821
5200 0.0832002 0.0597718
5203 0.0831147 0.0454746
5206 0.0831248 0.0869591
5209 0.0831951 0.026147
5212 0.0834967 0.0781949
5215 0.0836223 0.0533042
5218 0.0813961 0.116528
5221 0.081989 0.069104
5224 0.0823961 0.0537514
5227 0.0825519 0.0428313
5230 0.0826122 0.0418463
5233 0.0826926 0.0712297
5236 0.0831047 0.0652194
5239 0.083366 0.0408714
5242 0.0835369 0.0781095
5245 0.0824464 0.0791045
5248 0.082572 0.0576059
5251 0.0826222 0.0837379
5254 0.0826474 0.0475853
5257 0.0946027 0.0139253
5260 0.111965 0.0299362
5263 0.124313 0.0460777
5266 0.128499 0.0692296
5269 0.128303 0.0838937
5272 0.131348 0.0815468
5275 0.133474 0.082778
5278 0.136062 0.090497
5281 0.136555 0.113177
5284 0.0827027 0.0781999
5287 0.14164 0.099397
5290 0.156887 0.136771
5293 0.183487 0.173044
5296 0.200101 0.188482
5299 0.213644 0.196231
5302 0.221639 0.210367
5305 0.232228 0.212639
5308 0.236233 0.221619
5311 0.235399 0.206272
5314 0.233896 0.13969
5317 0.232278 0.120488
5320 0.231193 0.0939394
5323 0.22764 0.103171
5326 0.216986 0.100045
5329 0.2129 0.100945
5332 0.2198 0.11081
5335 0.227524 0.112041
5338 0.231941 0.112619
5341 0.235328 0.0669883
5344 0.238263 0.123614
5347 0.238851 0.140349
5350 0.240565 0.143258
5353 0.252289 0.113267
5356 0.267129 0.140932
5359 0.282492 0.13558
5362 0.291809 0.147043
5365 0.28811 0.162651
5368 0.280451 0.164646
5371 0.274637 0.182532
5374 0.276637 0.190412
5377 0.279828 0.195171
5380 0.284753 0.183165
5383 0.285421 0.181788
5386 0.290236 0.196889
5389 0.304784 0.189562
5392 0.316358 0.142067
5395 0.32382 0.179718
5398 0.321102 0.161229
5401 0.313357 0.153204
5404 0.309131 0.135464
5407 0.309277 0.139097
5410 0.311654 0.117549
5413 0.313855 0.120875
5416 0.317599 0.137816
5419 0.331976 0.107025
5422 0.350575 0.12475
5425 0.362486 0.137268
5428 0.363611 0.140168
5431 0.370441 0.154872
5434 0.374954 0.162189
5437 0.385145 0.163636
5440 0.398729 0.187628
5443 0.410347 0.215428
5446 0.41982 0.221257
5449 0.429745 0.192929
5452 0.43871 0.198487
5455 0.440097 0.19595
5458 0.438278 0.197975
5461 0.431544 0.199397
5464 0.425876 0.198558
5467 0.417297 0.19304
5470 0.41394 0.203674
5473 0.40898 0.173757
5476 0.406051 0.166702
5479 0.412202 0.0917031
5482 0.424031 0.105623
5485 0.435901 0.121408
5488 0.452731 0.100462
5491 0.468446 0.0633549
5494 0.482703 0.139942
5497 0.496085 0.152937
5500 0.504613 0.141997
5503 0.51975 0.153224
5506 0.525881 0.148691
5509 0.537454 0.134147
5512 0.544515 0.109609
5515 0.549053 0.115172
5518 0.550028 0.137746
5521 0.556279 0.177677
5524 0.564732 0.145249
5527 0.573933 0.131439
5530 0.592321 0.0616714
5533 0.608488 0.0459973
5536 0.621403 0.0562842
5539 0.63274 0.0589728
5542 0.642429 0.0666667
5545 0.655013 0.0864214
5548 0.660184 0.074843
5551 0.664586 0.0726067
5554 0.667601 0.0804915
5557 0.668677 0.0872154
5560 0.669436 0.0963164
5563 0.672456 0.103086
5566 0.675783 0.107623
5569 0.67633 0.121599
5572 0.67121 0.139032
5575 0.675938 0.144379
5578 0.682758 0.148002
5581 0.687477 0.130976
5584 0.694507 0.155435
5587 0.703161 0.130881
5590 0.712081 0.11971
5593 0.717719 0.126775
5596 0.728217 0.154264
5599 0.731303 0.119267
5602 0.734992 0.0641238
5605 0.738489 0.0994874
5608 0.742796 0.0561787
5611 0.74251 0.062782
5614 0.74365 0.0626212
5617 0.743218 0.0710387
5620 0.748379 0.0941806
5623 0.749148 0.0788331
5626 0.750329 0.0763707
5629 0.749555 0.0506307
5632 0.74646 0.0523293
5635 0.746821 0.0446957
5638 0.750394 0.0660284
5641 0.752339 0.060993
5644 0.758897 0.0724006
5647 0.769948 0.130162
5650 0.772712 0.0575406
5653 0.772471 0.082768
5656 0.771999 0.0695663
5659 0.770813 0.0841148
5662 0.772984 0.0854867
5665 0.770883 0.0725715
5668 0.771049 0.0818232
5671 0.767998 0.21971
5674 0.769199 0.0472788
5677 0.769566 0.0566712
5680 0.770627 0.040585
5683 0.770853 0.0496005
5686 0.769144 0.0359063
5689 0.768868 0.0201719
5692 0.769405 0.0159103
5695 0.772019 0.0175637
5698 0.774466 0.00634203
5701 0.776672 0.100302
5704 0.778687 0.065737
5707 0.780753 0.0667621
5710 0.781833 0.0205437
5713 0.779999 0.0185537
5716 0.780914 0.0439218
5719 0.781512 0.0532188
5722 0.780361 0.115423
5725 0.780783 0.129303
5728 0.780954 0.0090105
5731 0.780662 0.0199558
5734 0.779939 0.0189306
5737 0.780386 0.0228755
