frame_number static_density dynamic_density
1 0.0700997 0.0987319
4 0.0700997 0.0987319
7 0.0700997 0.0987319
10 0.0700997 0.0987319
13 0.0700997 0.0987319
16 0.0700997 0.0987319
19 0.0700997 0.0987319
22 0.0997893 0.134795
25 0.0997893 0.134795
28 0.0997893 0.134795
31 0.0997893 0.134795
34 0.0997893 0.134795
37 0.0997893 0.134795
40 0.0997893 0.134795
43 0.116303 0.108067
46 0.116303 0.108067
49 0.116303 0.108067
52 0.116303 0.108067
55 0.116303 0.108067
58 0.116303 0.108067
61 0.116303 0.108067
64 0.130646 0.0951989
67 0.130646 0.0951989
70 0.130646 0.0951989
73 0.130646 0.0951989
76 0.130646 0.0951989
79 0.130646 0.0951989
82 0.130646 0.0951989
85 0.148805 0.0529414
88 0.148805 0.0529414
91 0.148805 0.0529414
94 0.148805 0.0529414
97 0.148805 0.0529414
100 0.148805 0.0529414
103 0.148805 0.0529414
106 0.179102 0.113232
109 0.179102 0.113232
112 0.179102 0.113232
115 0.179102 0.113232
118 0.179102 0.113232
121 0.179102 0.113232
124 0.179102 0.113232
127 0.199575 0.182185
130 0.199575 0.182185
133 0.199575 0.182185
136 0.199575 0.182185
139 0.199575 0.182185
142 0.199575 0.182185
145 0.199575 0.182185
148 0.216632 0.183287
151 0.216632 0.183287
154 0.216632 0.183287
157 0.216632 0.183287
160 0.216632 0.183287
163 0.216632 0.183287
166 0.216632 0.183287
169 0.201155 0.172048
172 0.201155 0.172048
175 0.201155 0.172048
178 0.201155 0.172048
181 0.201155 0.172048
184 0.201155 0.172048
187 0.201155 0.172048
190 0.196439 0.125727
193 0.196439 0.125727
196 0.196439 0.125727
199 0.196439 0.125727
202 0.196439 0.125727
205 0.196439 0.125727
208 0.196439 0.125727
211 0.196637 0.0285714
214 0.196637 0.0285714
217 0.196637 0.0285714
220 0.196637 0.0285714
223 0.196637 0.0285714
226 0.196637 0.0285714
229 0.196637 0.0285714
232 0.197156 0.0581274
235 0.197156 0.0581274
238 0.197156 0.0581274
241 0.197156 0.0581274
244 0.197156 0.0581274
247 0.197156 0.0581274
250 0.197156 0.0581274
253 0.194194 0.0347986
256 0.194194 0.0347986
259 0.194194 0.0347986
262 0.194194 0.0347986
265 0.194194 0.0347986
268 0.194194 0.0347986
271 0.194194 0.0347986
274 0.192768 0.0195284
277 0.192768 0.0195284
280 0.192768 0.0195284
283 0.192768 0.0195284
286 0.192768 0.0195284
289 0.192768 0.0195284
292 0.192768 0.0195284
295 0.207657 0.0314602
298 0.207657 0.0314602
301 0.207657 0.0314602
304 0.207657 0.0314602
307 0.207657 0.0314602
310 0.207657 0.0314602
313 0.207657 0.0314602
316 0.197059 0.0608176
319 0.197059 0.0608176
322 0.197059 0.0608176
325 0.197059 0.0608176
328 0.197059 0.0608176
331 0.197059 0.0608176
334 0.197059 0.0608176
337 0.196115 0.0631756
340 0.196115 0.0631756
343 0.196115 0.0631756
346 0.196115 0.0631756
349 0.196115 0.0631756
352 0.196115 0.0631756
355 0.196115 0.0631756
358 0.20098 0.0231019
361 0.20098 0.0231019
364 0.20098 0.0231019
367 0.20098 0.0231019
370 0.20098 0.0231019
373 0.20098 0.0231019
376 0.20098 0.0231019
379 0.196479 0.0327364
382 0.196479 0.0327364
385 0.196479 0.0327364
388 0.196479 0.0327364
391 0.196479 0.0327364
394 0.196479 0.0327364
397 0.196479 0.0327364
400 0.21303 0.0372134
403 0.21303 0.0372134
406 0.21303 0.0372134
409 0.21303 0.0372134
412 0.21303 0.0372134
415 0.21303 0.0372134
418 0.21303 0.0372134
421 0.271668 0.142695
424 0.271668 0.142695
427 0.271668 0.142695
430 0.271668 0.142695
433 0.271668 0.142695
436 0.271668 0.142695
439 0.271668 0.142695
442 0.334053 0.229852
445 0.334053 0.229852
448 0.334053 0.229852
451 0.334053 0.229852
454 0.334053 0.229852
457 0.334053 0.229852
460 0.334053 0.229852
463 0.367337 0.277473
466 0.367337 0.277473
469 0.367337 0.277473
472 0.367337 0.277473
475 0.367337 0.277473
478 0.367337 0.277473
481 0.367337 0.277473
484 0.369788 0.278292
487 0.369788 0.278292
490 0.369788 0.278292
493 0.369788 0.278292
496 0.369788 0.278292
499 0.369788 0.278292
502 0.369788 0.278292
505 0.392865 0.272069
508 0.392865 0.272069
511 0.392865 0.272069
514 0.392865 0.272069
517 0.392865 0.272069
520 0.392865 0.272069
523 0.392865 0.272069
526 0.461134 0.125415
529 0.461134 0.125415
532 0.461134 0.125415
535 0.461134 0.125415
538 0.461134 0.125415
541 0.461134 0.125415
544 0.461134 0.125415
547 0.478405 0.103707
550 0.478405 0.103707
553 0.478405 0.103707
556 0.478405 0.103707
559 0.478405 0.103707
562 0.478405 0.103707
565 0.478405 0.103707
568 0.464667 0.17392
571 0.464667 0.17392
574 0.464667 0.17392
577 0.464667 0.17392
580 0.464667 0.17392
583 0.464667 0.17392
586 0.464667 0.17392
589 0.494798 0.073981
592 0.494798 0.073981
595 0.494798 0.073981
598 0.494798 0.073981
601 0.494798 0.073981
604 0.494798 0.073981
607 0.494798 0.073981
610 0.57802 0.0997488
613 0.57802 0.0997488
616 0.57802 0.0997488
619 0.57802 0.0997488
622 0.57802 0.0997488
625 0.57802 0.0997488
628 0.57802 0.0997488
631 0.615149 0.124856
634 0.615149 0.124856
637 0.615149 0.124856
640 0.615149 0.124856
643 0.615149 0.124856
646 0.615149 0.124856
649 0.615149 0.124856
652 0.621056 0.14122
655 0.621056 0.14122
658 0.621056 0.14122
661 0.621056 0.14122
664 0.621056 0.14122
667 0.621056 0.14122
670 0.621056 0.14122
673 0.625812 0.0877846
676 0.625812 0.0877846
679 0.625812 0.0877846
682 0.625812 0.0877846
685 0.625812 0.0877846
688 0.625812 0.0877846
691 0.625812 0.0877846
694 0.630233 0.109655
697 0.630233 0.109655
700 0.630233 0.109655
703 0.630233 0.109655
706 0.630233 0.109655
709 0.630233 0.109655
712 0.630233 0.109655
715 0.638421 0.0896524
718 0.638421 0.0896524
721 0.638421 0.0896524
724 0.638421 0.0896524
727 0.638421 0.0896524
730 0.638421 0.0896524
733 0.638421 0.0896524
736 0.645292 0.0975326
739 0.645292 0.0975326
742 0.645292 0.0975326
745 0.645292 0.0975326
748 0.645292 0.0975326
751 0.645292 0.0975326
754 0.645292 0.0975326
757 0.654278 0.0814804
760 0.654278 0.0814804
763 0.654278 0.0814804
766 0.654278 0.0814804
769 0.654278 0.0814804
772 0.654278 0.0814804
775 0.654278 0.0814804
778 0.662973 0.038996
781 0.662973 0.038996
784 0.662973 0.038996
787 0.662973 0.038996
790 0.662973 0.038996
793 0.662973 0.038996
796 0.662973 0.038996
799 0.656596 0.0231626
802 0.656596 0.0231626
805 0.656596 0.0231626
808 0.656596 0.0231626
811 0.656596 0.0231626
814 0.656596 0.0231626
817 0.656596 0.0231626
820 0.696678 0.0489993
823 0.696678 0.0489993
826 0.696678 0.0489993
829 0.696678 0.0489993
832 0.696678 0.0489993
835 0.696678 0.0489993
838 0.696678 0.0489993
841 0.763317 0.0447168
844 0.763317 0.0447168
847 0.763317 0.0447168
850 0.763317 0.0447168
853 0.763317 0.0447168
856 0.763317 0.0447168
859 0.763317 0.0447168
862 0.775306 0.0352524
865 0.775306 0.0352524
868 0.775306 0.0352524
871 0.775306 0.0352524
874 0.775306 0.0352524
877 0.775306 0.0352524
880 0.775306 0.0352524
883 0.779791 0.0229195
886 0.779791 0.0229195
889 0.779791 0.0229195
892 0.779791 0.0229195
895 0.779791 0.0229195
898 0.779791 0.0229195
901 0.779791 0.0229195
904 0.772587 0.0241674
907 0.772587 0.0241674
910 0.772587 0.0241674
913 0.772587 0.0241674
916 0.772587 0.0241674
919 0.772587 0.0241674
922 0.772587 0.0241674
925 0.770946 0.0324406
928 0.770946 0.0324406
931 0.770946 0.0324406
934 0.770946 0.0324406
937 0.770946 0.0324406
940 0.770946 0.0324406
943 0.770946 0.0324406
946 0.767102 0.0405275
949 0.767102 0.0405275
952 0.767102 0.0405275
955 0.767102 0.0405275
958 0.767102 0.0405275
961 0.767102 0.0405275
964 0.767102 0.0405275
967 0.773483 0.0416336
970 0.773483 0.0416336
973 0.773483 0.0416336
976 0.773483 0.0416336
979 0.773483 0.0416336
982 0.773483 0.0416336
985 0.773483 0.0416336
988 0.755713 0.0479459
991 0.755713 0.0479459
994 0.755713 0.0479459
997 0.755713 0.0479459
1000 0.755713 0.0479459
1003 0.755713 0.0479459
1006 0.755713 0.0479459
1009 0.759805 0.0466291
1012 0.759805 0.0466291
1015 0.759805 0.0466291
1018 0.759805 0.0466291
1021 0.759805 0.0466291
1024 0.759805 0.0466291
1027 0.759805 0.0466291
1030 0.752504 0.0468358
1033 0.752504 0.0468358
1036 0.752504 0.0468358
1039 0.752504 0.0468358
1042 0.752504 0.0468358
1045 0.752504 0.0468358
1048 0.752504 0.0468358
1051 0.758156 0.044101
1054 0.758156 0.044101
1057 0.758156 0.044101
1060 0.758156 0.044101
1063 0.758156 0.044101
1066 0.758156 0.044101
1069 0.758156 0.044101
1072 0.752208 0.049607
1075 0.752208 0.049607
1078 0.752208 0.049607
1081 0.752208 0.049607
1084 0.752208 0.049607
1087 0.752208 0.049607
1090 0.752208 0.049607
1093 0.757856 0.0671785
1096 0.757856 0.0671785
1099 0.757856 0.0671785
1102 0.757856 0.0671785
1105 0.757856 0.0671785
1108 0.757856 0.0671785
1111 0.757856 0.0671785
1114 0.755409 0.0322705
1117 0.755409 0.0322705
1120 0.755409 0.0322705
1123 0.755409 0.0322705
1126 0.755409 0.0322705
1129 0.755409 0.0322705
1132 0.755409 0.0322705
1135 0.757102 0.0450976
1138 0.757102 0.0450976
1141 0.757102 0.0450976
1144 0.757102 0.0450976
1147 0.757102 0.0450976
1150 0.757102 0.0450976
1153 0.757102 0.0450976
1156 0.75615 0.0435459
1159 0.75615 0.0435459
1162 0.75615 0.0435459
1165 0.75615 0.0435459
1168 0.75615 0.0435459
1171 0.75615 0.0435459
1174 0.75615 0.0435459
1177 0.754116 0.0411595
1180 0.754116 0.0411595
1183 0.754116 0.0411595
1186 0.754116 0.0411595
1189 0.754116 0.0411595
1192 0.754116 0.0411595
1195 0.754116 0.0411595
1198 0.76922 0.0459282
1201 0.76922 0.0459282
1204 0.76922 0.0459282
1207 0.76922 0.0459282
1210 0.76922 0.0459282
1213 0.76922 0.0459282
1216 0.76922 0.0459282
1219 0.768236 0.0430435
1222 0.768236 0.0430435
1225 0.768236 0.0430435
1228 0.768236 0.0430435
1231 0.768236 0.0430435
1234 0.768236 0.0430435
1237 0.768236 0.0430435
1240 0.754226 0.0405599
1243 0.754226 0.0405599
1246 0.754226 0.0405599
1249 0.754226 0.0405599
1252 0.754226 0.0405599
1255 0.754226 0.0405599
1258 0.754226 0.0405599
1261 0.755077 0.0435864
1264 0.755077 0.0435864
1267 0.755077 0.0435864
1270 0.755077 0.0435864
1273 0.755077 0.0435864
1276 0.755077 0.0435864
1279 0.755077 0.0435864
1282 0.75286 0.0352281
1285 0.75286 0.0352281
1288 0.75286 0.0352281
1291 0.75286 0.0352281
1294 0.75286 0.0352281
1297 0.75286 0.0352281
1300 0.75286 0.0352281
1303 0.752447 0.0362329
1306 0.752447 0.0362329
1309 0.752447 0.0362329
1312 0.752447 0.0362329
1315 0.752447 0.0362329
1318 0.752447 0.0362329
1321 0.752447 0.0362329
1324 0.728336 0.0368123
1327 0.728336 0.0368123
1330 0.728336 0.0368123
1333 0.728336 0.0368123
1336 0.728336 0.0368123
1339 0.728336 0.0368123
1342 0.728336 0.0368123
1345 0.727611 0.0465359
1348 0.727611 0.0465359
1351 0.727611 0.0465359
1354 0.727611 0.0465359
1357 0.727611 0.0465359
1360 0.727611 0.0465359
1363 0.727611 0.0465359
1366 0.727636 0.0452394
1369 0.727636 0.0452394
1372 0.727636 0.0452394
1375 0.727636 0.0452394
1378 0.727636 0.0452394
1381 0.727636 0.0452394
1384 0.727636 0.0452394
1387 0.730208 0.0283972
1390 0.730208 0.0283972
1393 0.730208 0.0283972
1396 0.730208 0.0283972
1399 0.730208 0.0283972
1402 0.730208 0.0283972
1405 0.730208 0.0283972
1408 0.73917 0.029325
1411 0.73917 0.029325
1414 0.73917 0.029325
1417 0.73917 0.029325
1420 0.73917 0.029325
1423 0.73917 0.029325
1426 0.73917 0.029325
1429 0.755222 0.148679
1432 0.755222 0.148679
1435 0.755222 0.148679
1438 0.755222 0.148679
1441 0.755222 0.148679
1444 0.755222 0.148679
1447 0.755222 0.148679
1450 0.766944 0.363001
1453 0.766944 0.363001
1456 0.766944 0.363001
1459 0.766944 0.363001
1462 0.766944 0.363001
1465 0.766944 0.363001
1468 0.766944 0.363001
1471 0.798776 0.296657
1474 0.798776 0.296657
1477 0.798776 0.296657
1480 0.798776 0.296657
1483 0.798776 0.296657
1486 0.798776 0.296657
1489 0.798776 0.296657
1492 0.830123 0.582578
1495 0.830123 0.582578
1498 0.830123 0.582578
1501 0.830123 0.582578
1504 0.830123 0.582578
1507 0.830123 0.582578
1510 0.830123 0.582578
1513 0.849072 0.713759
1516 0.849072 0.713759
1519 0.849072 0.713759
1522 0.849072 0.713759
1525 0.849072 0.713759
1528 0.849072 0.713759
1531 0.849072 0.713759
1534 0.816939 0.623657
1537 0.816939 0.623657
1540 0.816939 0.623657
1543 0.816939 0.623657
1546 0.816939 0.623657
1549 0.816939 0.623657
1552 0.816939 0.623657
1555 0.761113 0.710125
1558 0.761113 0.710125
1561 0.761113 0.710125
1564 0.761113 0.710125
1567 0.761113 0.710125
1570 0.761113 0.710125
1573 0.761113 0.710125
1576 0.755166 0.636658
1579 0.755166 0.636658
1582 0.755166 0.636658
1585 0.755166 0.636658
1588 0.755166 0.636658
1591 0.755166 0.636658
1594 0.755166 0.636658
1597 0.756065 0.526635
1600 0.756065 0.526635
1603 0.756065 0.526635
1606 0.756065 0.526635
1609 0.756065 0.526635
1612 0.756065 0.526635
1615 0.756065 0.526635
1618 0.722518 0.821023
1621 0.722518 0.821023
1624 0.722518 0.821023
1627 0.722518 0.821023
1630 0.722518 0.821023
1633 0.722518 0.821023
1636 0.722518 0.821023
1639 0.723855 0.728997
1642 0.723855 0.728997
1645 0.723855 0.728997
1648 0.723855 0.728997
1651 0.723855 0.728997
1654 0.723855 0.728997
1657 0.723855 0.728997
1660 0.723945 0.726756
1663 0.723945 0.726756
1666 0.723945 0.726756
1669 0.723945 0.726756
1672 0.723945 0.726756
1675 0.723945 0.726756
1678 0.723945 0.726756
1681 0.724483 0.728332
1684 0.724483 0.728332
1687 0.724483 0.728332
1690 0.724483 0.728332
1693 0.724483 0.728332
1696 0.724483 0.728332
1699 0.724483 0.728332
1702 0.72371 0.621915
1705 0.72371 0.621915
1708 0.72371 0.621915
1711 0.72371 0.621915
1714 0.72371 0.621915
1717 0.72371 0.621915
1720 0.72371 0.621915
1723 0.655474 0.621287
1726 0.655474 0.621287
1729 0.655474 0.621287
1732 0.655474 0.621287
1735 0.655474 0.621287
1738 0.655474 0.621287
1741 0.655474 0.621287
1744 0.461134 0.510368
1747 0.461134 0.510368
1750 0.461134 0.510368
1753 0.461134 0.510368
1756 0.461134 0.510368
1759 0.461134 0.510368
1762 0.461134 0.510368
1765 0.366328 0.518358
1768 0.366328 0.518358
1771 0.366328 0.518358
1774 0.366328 0.518358
1777 0.366328 0.518358
1780 0.366328 0.518358
1783 0.366328 0.518358
1786 0.362933 0.533429
1789 0.362933 0.533429
1792 0.362933 0.533429
1795 0.362933 0.533429
1798 0.362933 0.533429
1801 0.362933 0.533429
1804 0.362933 0.533429
1807 0.320529 0.470711
1810 0.320529 0.470711
1813 0.320529 0.470711
1816 0.320529 0.470711
1819 0.320529 0.470711
1822 0.320529 0.470711
1825 0.320529 0.470711
1828 0.27025 0.468961
1831 0.27025 0.468961
1834 0.27025 0.468961
1837 0.27025 0.468961
1840 0.27025 0.468961
1843 0.27025 0.468961
1846 0.27025 0.468961
1849 0.194162 0.381484
1852 0.194162 0.381484
1855 0.194162 0.381484
1858 0.194162 0.381484
1861 0.194162 0.381484
1864 0.194162 0.381484
1867 0.194162 0.381484
1870 0.160117 0.293582
1873 0.160117 0.293582
1876 0.160117 0.293582
1879 0.160117 0.293582
1882 0.160117 0.293582
1885 0.160117 0.293582
1888 0.160117 0.293582
1891 0.272028 0.359448
1894 0.272028 0.359448
1897 0.272028 0.359448
1900 0.272028 0.359448
1903 0.272028 0.359448
1906 0.272028 0.359448
1909 0.272028 0.359448
1912 0.374662 0.482959
1915 0.374662 0.482959
1918 0.374662 0.482959
1921 0.374662 0.482959
1924 0.374662 0.482959
1927 0.374662 0.482959
1930 0.374662 0.482959
1933 0.287542 0.336966
1936 0.287542 0.336966
1939 0.287542 0.336966
1942 0.287542 0.336966
1945 0.287542 0.336966
1948 0.287542 0.336966
1951 0.287542 0.336966
1954 0.159574 0.340912
1957 0.159574 0.340912
1960 0.159574 0.340912
1963 0.159574 0.340912
1966 0.159574 0.340912
1969 0.159574 0.340912
1972 0.159574 0.340912
1975 0.00716717 0.14797
1978 0.00716717 0.14797
1981 0.00716717 0.14797
1984 0.00716717 0.14797
1987 0.00716717 0.14797
1990 0.00716717 0.14797
1993 0.00716717 0.14797
1996 0.00654728 0.0391176
1999 0.00654728 0.0391176
2002 0.00654728 0.0391176
2005 0.00654728 0.0391176
2008 0.00654728 0.0391176
2011 0.00654728 0.0391176
2014 0.00654728 0.0391176
2017 0.222575 0.173823
2020 0.222575 0.173823
2023 0.222575 0.173823
2026 0.222575 0.173823
2029 0.222575 0.173823
2032 0.222575 0.173823
2035 0.222575 0.173823
2038 0.282048 0.211887
2041 0.282048 0.211887
2044 0.282048 0.211887
2047 0.282048 0.211887
2050 0.282048 0.211887
2053 0.282048 0.211887
2056 0.282048 0.211887
2059 0.138303 0.329637
2062 0.138303 0.329637
2065 0.138303 0.329637
2068 0.138303 0.329637
2071 0.138303 0.329637
2074 0.138303 0.329637
2077 0.138303 0.329637
2080 0.0174864 0.168568
2083 0.0174864 0.168568
2086 0.0174864 0.168568
2089 0.0174864 0.168568
2092 0.0174864 0.168568
2095 0.0174864 0.168568
2098 0.0174864 0.168568
2101 0.0270805 0.051021
2104 0.0270805 0.051021
2107 0.0270805 0.051021
2110 0.0270805 0.051021
2113 0.0270805 0.051021
2116 0.0270805 0.051021
2119 0.0270805 0.051021
2122 0.227218 0.151057
2125 0.227218 0.151057
2128 0.227218 0.151057
2131 0.227218 0.151057
2134 0.227218 0.151057
2137 0.227218 0.151057
2140 0.227218 0.151057
2143 0.338121 0.211519
2146 0.338121 0.211519
2149 0.338121 0.211519
2152 0.338121 0.211519
2155 0.338121 0.211519
2158 0.338121 0.211519
2161 0.338121 0.211519
2164 0.282975 0.287315
2167 0.282975 0.287315
2170 0.282975 0.287315
2173 0.282975 0.287315
2176 0.282975 0.287315
2179 0.282975 0.287315
2182 0.282975 0.287315
2185 0.118358 0.23253
2188 0.118358 0.23253
2191 0.118358 0.23253
2194 0.118358 0.23253
2197 0.118358 0.23253
2200 0.118358 0.23253
2203 0.118358 0.23253
2206 0.0124747 0.0301596
2209 0.0124747 0.0301596
2212 0.0124747 0.0301596
2215 0.0124747 0.0301596
2218 0.0124747 0.0301596
2221 0.0124747 0.0301596
2224 0.0124747 0.0301596
2227 0.00134511 0.0239608
2230 0.00134511 0.0239608
2233 0.00134511 0.0239608
2236 0.00134511 0.0239608
2239 0.00134511 0.0239608
2242 0.00134511 0.0239608
2245 0.00134511 0.0239608
2248 0.00195689 0.0103152
2251 0.00195689 0.0103152
2254 0.00195689 0.0103152
2257 0.00195689 0.0103152
2260 0.00195689 0.0103152
2263 0.00195689 0.0103152
2266 0.00195689 0.0103152
2269 0.0292561 0.0625557
2272 0.0292561 0.0625557
2275 0.0292561 0.0625557
2278 0.0292561 0.0625557
2281 0.0292561 0.0625557
2284 0.0292561 0.0625557
2287 0.0292561 0.0625557
2290 0.087975 0.146653
2293 0.087975 0.146653
2296 0.087975 0.146653
2299 0.087975 0.146653
2302 0.087975 0.146653
2305 0.087975 0.146653
2308 0.087975 0.146653
2311 0.0915931 0.198059
2314 0.0915931 0.198059
2317 0.0915931 0.198059
2320 0.0915931 0.198059
2323 0.0915931 0.198059
2326 0.0915931 0.198059
2329 0.0915931 0.198059
2332 0.041119 0.194125
2335 0.041119 0.194125
2338 0.041119 0.194125
2341 0.041119 0.194125
2344 0.041119 0.194125
2347 0.041119 0.194125
2350 0.041119 0.194125
2353 0.0136496 0.0934649
2356 0.0136496 0.0934649
2359 0.0136496 0.0934649
2362 0.0136496 0.0934649
2365 0.0136496 0.0934649
2368 0.0136496 0.0934649
2371 0.0136496 0.0934649
2374 0.0159468 0.0733085
2377 0.0159468 0.0733085
2380 0.0159468 0.0733085
2383 0.0159468 0.0733085
2386 0.0159468 0.0733085
2389 0.0159468 0.0733085
2392 0.0159468 0.0733085
2395 0.0675229 0.0972814
2398 0.0675229 0.0972814
2401 0.0675229 0.0972814
2404 0.0675229 0.0972814
2407 0.0675229 0.0972814
2410 0.0675229 0.0972814
2413 0.0675229 0.0972814
2416 0.0599465 0.137189
2419 0.0599465 0.137189
2422 0.0599465 0.137189
2425 0.0599465 0.137189
2428 0.0599465 0.137189
2431 0.0599465 0.137189
2434 0.0599465 0.137189
2437 0.0310267 0.127749
2440 0.0310267 0.127749
2443 0.0310267 0.127749
2446 0.0310267 0.127749
2449 0.0310267 0.127749
2452 0.0310267 0.127749
2455 0.0310267 0.127749
2458 0.0504943 0.0645815
2461 0.0504943 0.0645815
2464 0.0504943 0.0645815
2467 0.0504943 0.0645815
2470 0.0504943 0.0645815
2473 0.0504943 0.0645815
2476 0.0504943 0.0645815
2479 0.00760068 0.0806418
2482 0.00760068 0.0806418
2485 0.00760068 0.0806418
2488 0.00760068 0.0806418
2491 0.00760068 0.0806418
2494 0.00760068 0.0806418
2497 0.00760068 0.0806418
2500 0.0164897 0.0652135
2503 0.0164897 0.0652135
2506 0.0164897 0.0652135
2509 0.0164897 0.0652135
2512 0.0164897 0.0652135
2515 0.0164897 0.0652135
2518 0.0164897 0.0652135
2521 0.0587635 0.124216
2524 0.0587635 0.124216
2527 0.0587635 0.124216
2530 0.0587635 0.124216
2533 0.0587635 0.124216
2536 0.0587635 0.124216
2539 0.0587635 0.124216
2542 0.0826918 0.174937
2545 0.0826918 0.174937
2548 0.0826918 0.174937
2551 0.0826918 0.174937
2554 0.0826918 0.174937
2557 0.0826918 0.174937
2560 0.0826918 0.174937
2563 0.0219877 0.129131
2566 0.0219877 0.129131
2569 0.0219877 0.129131
2572 0.0219877 0.129131
2575 0.0219877 0.129131
2578 0.0219877 0.129131
2581 0.0219877 0.129131
2584 0.000514545 0.0166235
2587 0.000514545 0.0166235
2590 0.000514545 0.0166235
2593 0.000514545 0.0166235
2596 0.000514545 0.0166235
2599 0.000514545 0.0166235
2602 0.000514545 0.0166235
2605 0.000530751 0.077044
2608 0.000530751 0.077044
2611 0.000530751 0.077044
2614 0.000530751 0.077044
2617 0.000530751 0.077044
2620 0.000530751 0.077044
2623 0.000530751 0.077044
2626 0.0123329 0.0113565
2629 0.0123329 0.0113565
2632 0.0123329 0.0113565
2635 0.0123329 0.0113565
2638 0.0123329 0.0113565
2641 0.0123329 0.0113565
2644 0.0123329 0.0113565
2647 0.120813 0.17046
2650 0.120813 0.17046
2653 0.120813 0.17046
2656 0.120813 0.17046
2659 0.120813 0.17046
2662 0.120813 0.17046
2665 0.120813 0.17046
2668 0.161766 0.318706
2671 0.161766 0.318706
2674 0.161766 0.318706
2677 0.161766 0.318706
2680 0.161766 0.318706
2683 0.161766 0.318706
2686 0.161766 0.318706
2689 0.119447 0.254307
2692 0.119447 0.254307
2695 0.119447 0.254307
2698 0.119447 0.254307
2701 0.119447 0.254307
2704 0.119447 0.254307
2707 0.119447 0.254307
2710 0.0425006 0.204145
2713 0.0425006 0.204145
2716 0.0425006 0.204145
2719 0.0425006 0.204145
2722 0.0425006 0.204145
2725 0.0425006 0.204145
2728 0.0425006 0.204145
2731 0.0655214 0.0846366
2734 0.0655214 0.0846366
2737 0.0655214 0.0846366
2740 0.0655214 0.0846366
2743 0.0655214 0.0846366
2746 0.0655214 0.0846366
2749 0.0655214 0.0846366
2752 0.0962847 0.141058
2755 0.0962847 0.141058
2758 0.0962847 0.141058
2761 0.0962847 0.141058
2764 0.0962847 0.141058
2767 0.0962847 0.141058
2770 0.0962847 0.141058
2773 0.109703 0.252038
2776 0.109703 0.252038
2779 0.109703 0.252038
2782 0.109703 0.252038
2785 0.109703 0.252038
2788 0.109703 0.252038
2791 0.109703 0.252038
2794 0.119322 0.225342
2797 0.119322 0.225342
2800 0.119322 0.225342
2803 0.119322 0.225342
2806 0.119322 0.225342
2809 0.119322 0.225342
2812 0.119322 0.225342
2815 0.123017 0.203902
2818 0.123017 0.203902
2821 0.123017 0.203902
2824 0.123017 0.203902
2827 0.123017 0.203902
2830 0.123017 0.203902
2833 0.123017 0.203902
2836 0.124641 0.0574872
2839 0.124641 0.0574872
2842 0.124641 0.0574872
2845 0.124641 0.0574872
2848 0.124641 0.0574872
2851 0.124641 0.0574872
2854 0.124641 0.0574872
2857 0.132578 0.0446317
2860 0.132578 0.0446317
2863 0.132578 0.0446317
2866 0.132578 0.0446317
2869 0.132578 0.0446317
2872 0.132578 0.0446317
2875 0.132578 0.0446317
2878 0.126704 0.0497407
2881 0.126704 0.0497407
2884 0.126704 0.0497407
2887 0.126704 0.0497407
2890 0.126704 0.0497407
2893 0.126704 0.0497407
2896 0.126704 0.0497407
2899 0.13663 0.0659914
2902 0.13663 0.0659914
2905 0.13663 0.0659914
2908 0.13663 0.0659914
2911 0.13663 0.0659914
2914 0.13663 0.0659914
2917 0.13663 0.0659914
2920 0.136982 0.0646625
2923 0.136982 0.0646625
2926 0.136982 0.0646625
2929 0.136982 0.0646625
2932 0.136982 0.0646625
2935 0.136982 0.0646625
2938 0.136982 0.0646625
2941 0.148866 0.0832793
2944 0.148866 0.0832793
2947 0.148866 0.0832793
2950 0.148866 0.0832793
2953 0.148866 0.0832793
2956 0.148866 0.0832793
2959 0.148866 0.0832793
2962 0.246901 0.103059
2965 0.246901 0.103059
2968 0.246901 0.103059
2971 0.246901 0.103059
2974 0.246901 0.103059
2977 0.246901 0.103059
2980 0.246901 0.103059
2983 0.355883 0.163573
2986 0.355883 0.163573
2989 0.355883 0.163573
2992 0.355883 0.163573
2995 0.355883 0.163573
2998 0.355883 0.163573
3001 0.355883 0.163573
3004 0.490544 0.213966
3007 0.490544 0.213966
3010 0.490544 0.213966
3013 0.490544 0.213966
3016 0.490544 0.213966
3019 0.490544 0.213966
3022 0.490544 0.213966
3025 0.639956 0.312256
3028 0.639956 0.312256
3031 0.639956 0.312256
3034 0.639956 0.312256
3037 0.639956 0.312256
3040 0.639956 0.312256
3043 0.639956 0.312256
3046 0.651657 0.444551
3049 0.651657 0.444551
3052 0.651657 0.444551
3055 0.651657 0.444551
3058 0.651657 0.444551
3061 0.651657 0.444551
3064 0.651657 0.444551
3067 0.657228 0.205668
3070 0.657228 0.205668
3073 0.657228 0.205668
3076 0.657228 0.205668
3079 0.657228 0.205668
3082 0.657228 0.205668
3085 0.657228 0.205668
3088 0.685269 0.277478
3091 0.685269 0.277478
3094 0.685269 0.277478
3097 0.685269 0.277478
3100 0.685269 0.277478
3103 0.685269 0.277478
3106 0.685269 0.277478
3109 0.66397 0.196953
3112 0.66397 0.196953
3115 0.66397 0.196953
3118 0.66397 0.196953
3121 0.66397 0.196953
3124 0.66397 0.196953
3127 0.66397 0.196953
3130 0.664865 0.111559
3133 0.664865 0.111559
3136 0.664865 0.111559
3139 0.664865 0.111559
3142 0.664865 0.111559
3145 0.664865 0.111559
3148 0.664865 0.111559
3151 0.663508 0.0631189
3154 0.663508 0.0631189
3157 0.663508 0.0631189
3160 0.663508 0.0631189
3163 0.663508 0.0631189
3166 0.663508 0.0631189
3169 0.663508 0.0631189
3172 0.658261 0.0732112
3175 0.658261 0.0732112
3178 0.658261 0.0732112
3181 0.658261 0.0732112
3184 0.658261 0.0732112
3187 0.658261 0.0732112
3190 0.658261 0.0732112
3193 0.666303 0.0940442
3196 0.666303 0.0940442
3199 0.666303 0.0940442
3202 0.666303 0.0940442
3205 0.666303 0.0940442
3208 0.666303 0.0940442
3211 0.666303 0.0940442
3214 0.661288 0.106247
3217 0.661288 0.106247
3220 0.661288 0.106247
3223 0.661288 0.106247
3226 0.661288 0.106247
3229 0.661288 0.106247
3232 0.661288 0.106247
3235 0.654943 0.0706385
3238 0.654943 0.0706385
3241 0.654943 0.0706385
3244 0.654943 0.0706385
3247 0.654943 0.0706385
3250 0.654943 0.0706385
3253 0.654943 0.0706385
3256 0.64996 0.0317478
3259 0.64996 0.0317478
3262 0.64996 0.0317478
3265 0.64996 0.0317478
3268 0.64996 0.0317478
3271 0.64996 0.0317478
3274 0.64996 0.0317478
3277 0.658346 0.0299449
3280 0.658346 0.0299449
3283 0.658346 0.0299449
3286 0.658346 0.0299449
3289 0.658346 0.0299449
3292 0.658346 0.0299449
3295 0.658346 0.0299449
3298 0.673009 0.0470991
3301 0.673009 0.0470991
3304 0.673009 0.0470991
3307 0.673009 0.0470991
3310 0.673009 0.0470991
3313 0.673009 0.0470991
3316 0.673009 0.0470991
3319 0.665234 0.0387529
3322 0.665234 0.0387529
3325 0.665234 0.0387529
3328 0.665234 0.0387529
3331 0.665234 0.0387529
3334 0.665234 0.0387529
3337 0.665234 0.0387529
3340 0.649469 0.0647395
3343 0.649469 0.0647395
3346 0.649469 0.0647395
3349 0.649469 0.0647395
3352 0.649469 0.0647395
3355 0.649469 0.0647395
3358 0.649469 0.0647395
3361 0.654489 0.0859857
3364 0.654489 0.0859857
3367 0.654489 0.0859857
3370 0.654489 0.0859857
3373 0.654489 0.0859857
3376 0.654489 0.0859857
3379 0.654489 0.0859857
3382 0.65051 0.0310267
3385 0.65051 0.0310267
3388 0.65051 0.0310267
3391 0.65051 0.0310267
3394 0.65051 0.0310267
3397 0.65051 0.0310267
3400 0.65051 0.0310267
3403 0.65756 0.0609432
3406 0.65756 0.0609432
3409 0.65756 0.0609432
3412 0.65756 0.0609432
3415 0.65756 0.0609432
3418 0.65756 0.0609432
3421 0.65756 0.0609432
3424 0.647346 0.0548375
3427 0.647346 0.0548375
3430 0.647346 0.0548375
3433 0.647346 0.0548375
3436 0.647346 0.0548375
3439 0.647346 0.0548375
3442 0.647346 0.0548375
3445 0.697881 0.059752
3448 0.697881 0.059752
3451 0.697881 0.059752
3454 0.697881 0.059752
3457 0.697881 0.059752
3460 0.697881 0.059752
3463 0.697881 0.059752
3466 0.706726 0.0282676
3469 0.706726 0.0282676
3472 0.706726 0.0282676
3475 0.706726 0.0282676
3478 0.706726 0.0282676
3481 0.706726 0.0282676
3484 0.706726 0.0282676
3487 0.706215 0.0812414
3490 0.706215 0.0812414
3493 0.706215 0.0812414
3496 0.706215 0.0812414
3499 0.706215 0.0812414
3502 0.706215 0.0812414
3505 0.706215 0.0812414
3508 0.717515 0.0478284
3511 0.717515 0.0478284
3514 0.717515 0.0478284
3517 0.717515 0.0478284
3520 0.717515 0.0478284
3523 0.717515 0.0478284
3526 0.717515 0.0478284
3529 0.725051 0.0480634
3532 0.725051 0.0480634
3535 0.725051 0.0480634
3538 0.725051 0.0480634
3541 0.725051 0.0480634
3544 0.725051 0.0480634
3547 0.725051 0.0480634
3550 0.717397 0.0413135
3553 0.717397 0.0413135
3556 0.717397 0.0413135
3559 0.717397 0.0413135
3562 0.717397 0.0413135
3565 0.717397 0.0413135
3568 0.717397 0.0413135
3571 0.709148 0.0387124
3574 0.709148 0.0387124
3577 0.709148 0.0387124
3580 0.709148 0.0387124
3583 0.709148 0.0387124
3586 0.709148 0.0387124
3589 0.709148 0.0387124
3592 0.712779 0.0313872
3595 0.712779 0.0313872
3598 0.712779 0.0313872
3601 0.712779 0.0313872
3604 0.712779 0.0313872
3607 0.712779 0.0313872
3610 0.712779 0.0313872
3613 0.706697 0.0421198
3616 0.706697 0.0421198
3619 0.706697 0.0421198
3622 0.706697 0.0421198
3625 0.706697 0.0421198
3628 0.706697 0.0421198
3631 0.706697 0.0421198
3634 0.7038 0.0255004
3637 0.7038 0.0255004
3640 0.7038 0.0255004
3643 0.7038 0.0255004
3646 0.7038 0.0255004
3649 0.7038 0.0255004
3652 0.7038 0.0255004
3655 0.713755 0.0332428
3658 0.713755 0.0332428
3661 0.713755 0.0332428
3664 0.713755 0.0332428
3667 0.713755 0.0332428
3670 0.713755 0.0332428
3673 0.713755 0.0332428
3676 0.716619 0.0489061
3679 0.716619 0.0489061
3682 0.716619 0.0489061
3685 0.716619 0.0489061
3688 0.716619 0.0489061
3691 0.716619 0.0489061
3694 0.716619 0.0489061
3697 0.708654 0.0380642
3700 0.708654 0.0380642
3703 0.708654 0.0380642
3706 0.708654 0.0380642
3709 0.708654 0.0380642
3712 0.708654 0.0380642
3715 0.708654 0.0380642
3718 0.703614 0.0681549
3721 0.703614 0.0681549
3724 0.703614 0.0681549
3727 0.703614 0.0681549
3730 0.703614 0.0681549
3733 0.703614 0.0681549
3736 0.703614 0.0681549
3739 0.692448 0.0599141
3742 0.692448 0.0599141
3745 0.692448 0.0599141
3748 0.692448 0.0599141
3751 0.692448 0.0599141
3754 0.692448 0.0599141
3757 0.692448 0.0599141
3760 0.683012 0.0758488
3763 0.683012 0.0758488
3766 0.683012 0.0758488
3769 0.683012 0.0758488
3772 0.683012 0.0758488
3775 0.683012 0.0758488
3778 0.683012 0.0758488
3781 0.682578 0.0607001
3784 0.682578 0.0607001
3787 0.682578 0.0607001
3790 0.682578 0.0607001
3793 0.682578 0.0607001
3796 0.682578 0.0607001
3799 0.682578 0.0607001
3802 0.667701 0.0449194
3805 0.667701 0.0449194
3808 0.667701 0.0449194
3811 0.667701 0.0449194
3814 0.667701 0.0449194
3817 0.667701 0.0449194
3820 0.667701 0.0449194
3823 0.790147 0.07877
3826 0.790147 0.07877
3829 0.790147 0.07877
3832 0.790147 0.07877
3835 0.790147 0.07877
3838 0.790147 0.07877
3841 0.790147 0.07877
3844 0.797739 0.0238473
3847 0.797739 0.0238473
3850 0.797739 0.0238473
3853 0.797739 0.0238473
3856 0.797739 0.0238473
3859 0.797739 0.0238473
3862 0.797739 0.0238473
3865 0.794863 0.0464428
3868 0.794863 0.0464428
3871 0.794863 0.0464428
3874 0.794863 0.0464428
3877 0.794863 0.0464428
3880 0.794863 0.0464428
3883 0.794863 0.0464428
3886 0.794936 0.0512762
3889 0.794936 0.0512762
3892 0.794936 0.0512762
3895 0.794936 0.0512762
3898 0.794936 0.0512762
3901 0.794936 0.0512762
3904 0.794936 0.0512762
3907 0.792201 0.0582894
3910 0.792201 0.0582894
3913 0.792201 0.0582894
3916 0.792201 0.0582894
3919 0.792201 0.0582894
3922 0.792201 0.0582894
3925 0.792201 0.0582894
3928 0.791553 0.0343003
3931 0.791553 0.0343003
3934 0.791553 0.0343003
3937 0.791553 0.0343003
3940 0.791553 0.0343003
3943 0.791553 0.0343003
3946 0.791553 0.0343003
3949 0.792821 0.0245847
3952 0.792821 0.0245847
3955 0.792821 0.0245847
3958 0.792821 0.0245847
3961 0.792821 0.0245847
3964 0.792821 0.0245847
3967 0.792821 0.0245847
3970 0.797083 0.110619
3973 0.797083 0.110619
3976 0.797083 0.110619
3979 0.797083 0.110619
3982 0.797083 0.110619
3985 0.797083 0.110619
3988 0.797083 0.110619
3991 0.794352 0.0254882
3994 0.794352 0.0254882
3997 0.794352 0.0254882
4000 0.794352 0.0254882
4003 0.794352 0.0254882
4006 0.794352 0.0254882
4009 0.794352 0.0254882
4012 0.793173 0.0237096
4015 0.793173 0.0237096
4018 0.793173 0.0237096
4021 0.793173 0.0237096
4024 0.793173 0.0237096
4027 0.793173 0.0237096
4030 0.793173 0.0237096
4033 0.795264 0.0374281
4036 0.795264 0.0374281
4039 0.795264 0.0374281
4042 0.795264 0.0374281
4045 0.795264 0.0374281
4048 0.795264 0.0374281
4051 0.795264 0.0374281
4054 0.784782 0.0457742
4057 0.784782 0.0457742
4060 0.784782 0.0457742
4063 0.784782 0.0457742
4066 0.784782 0.0457742
4069 0.784782 0.0457742
4072 0.784782 0.0457742
4075 0.794178 0.065643
4078 0.794178 0.065643
4081 0.794178 0.065643
4084 0.794178 0.065643
4087 0.794178 0.065643
4090 0.794178 0.065643
4093 0.794178 0.065643
4096 0.795175 0.0466939
4099 0.795175 0.0466939
4102 0.795175 0.0466939
4105 0.795175 0.0466939
4108 0.795175 0.0466939
4111 0.795175 0.0466939
4114 0.795175 0.0466939
4117 0.794304 0.0679037
4120 0.794304 0.0679037
4123 0.794304 0.0679037
4126 0.794304 0.0679037
4129 0.794304 0.0679037
4132 0.794304 0.0679037
4135 0.794304 0.0679037
4138 0.789851 0.215935
4141 0.789851 0.215935
4144 0.789851 0.215935
4147 0.789851 0.215935
4150 0.789851 0.215935
4153 0.789851 0.215935
4156 0.789851 0.215935
4159 0.782639 0.316311
4162 0.782639 0.316311
4165 0.782639 0.316311
4168 0.782639 0.316311
4171 0.782639 0.316311
4174 0.782639 0.316311
4177 0.782639 0.316311
4180 0.79338 0.389746
4183 0.79338 0.389746
4186 0.79338 0.389746
4189 0.79338 0.389746
4192 0.79338 0.389746
4195 0.79338 0.389746
4198 0.79338 0.389746
4201 0.806616 0.3094
4204 0.806616 0.3094
4207 0.806616 0.3094
4210 0.806616 0.3094
4213 0.806616 0.3094
4216 0.806616 0.3094
4219 0.806616 0.3094
4222 0.818775 0.646159
4225 0.818775 0.646159
4228 0.818775 0.646159
4231 0.818775 0.646159
4234 0.818775 0.646159
4237 0.818775 0.646159
4240 0.818775 0.646159
4243 0.841022 0.495503
4246 0.841022 0.495503
4249 0.841022 0.495503
4252 0.841022 0.495503
4255 0.841022 0.495503
4258 0.841022 0.495503
4261 0.841022 0.495503
4264 0.72266 0.466081
4267 0.72266 0.466081
4270 0.72266 0.466081
4273 0.72266 0.466081
4276 0.72266 0.466081
4279 0.72266 0.466081
4282 0.72266 0.466081
4285 0.760587 0.587258
4288 0.760587 0.587258
4291 0.760587 0.587258
4294 0.760587 0.587258
4297 0.760587 0.587258
4300 0.760587 0.587258
4303 0.760587 0.587258
4306 0.694733 0.629908
4309 0.694733 0.629908
4312 0.694733 0.629908
4315 0.694733 0.629908
4318 0.694733 0.629908
4321 0.694733 0.629908
4324 0.694733 0.629908
4327 0.635293 0.597427
4330 0.635293 0.597427
4333 0.635293 0.597427
4336 0.635293 0.597427
4339 0.635293 0.597427
4342 0.635293 0.597427
4345 0.635293 0.597427
4348 0.611012 0.47119
4351 0.611012 0.47119
4354 0.611012 0.47119
4357 0.611012 0.47119
4360 0.611012 0.47119
4363 0.611012 0.47119
4366 0.611012 0.47119
4369 0.596824 0.629195
4372 0.596824 0.629195
4375 0.596824 0.629195
4378 0.596824 0.629195
4381 0.596824 0.629195
4384 0.596824 0.629195
4387 0.596824 0.629195
4390 0.581821 0.665007
4393 0.581821 0.665007
4396 0.581821 0.665007
4399 0.581821 0.665007
4402 0.581821 0.665007
4405 0.581821 0.665007
4408 0.581821 0.665007
4411 0.459934 0.646617
4414 0.459934 0.646617
4417 0.459934 0.646617
4420 0.459934 0.646617
4423 0.459934 0.646617
4426 0.459934 0.646617
4429 0.459934 0.646617
4432 0.481987 0.614193
4435 0.481987 0.614193
4438 0.481987 0.614193
4441 0.481987 0.614193
4444 0.481987 0.614193
4447 0.481987 0.614193
4450 0.481987 0.614193
4453 0.483741 0.559011
4456 0.483741 0.559011
4459 0.483741 0.559011
4462 0.483741 0.559011
4465 0.483741 0.559011
4468 0.483741 0.559011
4471 0.483741 0.559011
4474 0.516846 0.607252
4477 0.516846 0.607252
4480 0.516846 0.607252
4483 0.516846 0.607252
4486 0.516846 0.607252
4489 0.516846 0.607252
4492 0.516846 0.607252
4495 0.441893 0.552411
4498 0.441893 0.552411
4501 0.441893 0.552411
4504 0.441893 0.552411
4507 0.441893 0.552411
4510 0.441893 0.552411
4513 0.441893 0.552411
4516 0.660895 0.591459
4519 0.660895 0.591459
4522 0.660895 0.591459
4525 0.660895 0.591459
4528 0.660895 0.591459
4531 0.660895 0.591459
4534 0.660895 0.591459
4537 0.779345 0.582587
4540 0.779345 0.582587
4543 0.779345 0.582587
4546 0.779345 0.582587
4549 0.779345 0.582587
4552 0.779345 0.582587
4555 0.779345 0.582587
4558 0.615546 0.592091
4561 0.615546 0.592091
4564 0.615546 0.592091
4567 0.615546 0.592091
4570 0.615546 0.592091
4573 0.615546 0.592091
4576 0.615546 0.592091
4579 0.507807 0.716684
4582 0.507807 0.716684
4585 0.507807 0.716684
4588 0.507807 0.716684
4591 0.507807 0.716684
4594 0.507807 0.716684
4597 0.507807 0.716684
4600 0.497727 0.516032
4603 0.497727 0.516032
4606 0.497727 0.516032
4609 0.497727 0.516032
4612 0.497727 0.516032
4615 0.497727 0.516032
4618 0.497727 0.516032
4621 0.430038 0.489551
4624 0.430038 0.489551
4627 0.430038 0.489551
4630 0.430038 0.489551
4633 0.430038 0.489551
4636 0.430038 0.489551
4639 0.430038 0.489551
4642 0.412187 0.55002
4645 0.412187 0.55002
4648 0.412187 0.55002
4651 0.412187 0.55002
4654 0.412187 0.55002
4657 0.412187 0.55002
4660 0.412187 0.55002
4663 0.427753 0.558285
4666 0.427753 0.558285
4669 0.427753 0.558285
4672 0.427753 0.558285
4675 0.427753 0.558285
4678 0.427753 0.558285
4681 0.427753 0.558285
4684 0.261466 0.375241
4687 0.261466 0.375241
4690 0.261466 0.375241
4693 0.261466 0.375241
4696 0.261466 0.375241
4699 0.261466 0.375241
4702 0.261466 0.375241
4705 0.296305 0.441374
4708 0.296305 0.441374
4711 0.296305 0.441374
4714 0.296305 0.441374
4717 0.296305 0.441374
4720 0.296305 0.441374
4723 0.296305 0.441374
4726 0.417369 0.581173
4729 0.417369 0.581173
4732 0.417369 0.581173
4735 0.417369 0.581173
4738 0.417369 0.581173
4741 0.417369 0.581173
4744 0.417369 0.581173
4747 0.337955 0.493088
4750 0.337955 0.493088
4753 0.337955 0.493088
4756 0.337955 0.493088
4759 0.337955 0.493088
4762 0.337955 0.493088
4765 0.337955 0.493088
4768 0.164488 0.455129
4771 0.164488 0.455129
4774 0.164488 0.455129
4777 0.164488 0.455129
4780 0.164488 0.455129
4783 0.164488 0.455129
4786 0.164488 0.455129
4789 0.0316101 0.260303
4792 0.0316101 0.260303
4795 0.0316101 0.260303
4798 0.0316101 0.260303
4801 0.0316101 0.260303
4804 0.0316101 0.260303
4807 0.0316101 0.260303
4810 0.000153958 0.0297585
4813 0.000153958 0.0297585
4816 0.000153958 0.0297585
4819 0.000153958 0.0297585
4822 0.000153958 0.0297585
4825 0.000153958 0.0297585
4828 0.000153958 0.0297585
4831 4.86184e-05 0.0694312
4834 4.86184e-05 0.0694312
4837 4.86184e-05 0.0694312
4840 4.86184e-05 0.0694312
4843 4.86184e-05 0.0694312
4846 4.86184e-05 0.0694312
4849 4.86184e-05 0.0694312
4852 0.00137752 0.0463253
4855 0.00137752 0.0463253
4858 0.00137752 0.0463253
4861 0.00137752 0.0463253
4864 0.00137752 0.0463253
4867 0.00137752 0.0463253
4870 0.00137752 0.0463253
4873 0.000478081 0.0254639
4876 0.000478081 0.0254639
4879 0.000478081 0.0254639
4882 0.000478081 0.0254639
4885 0.000478081 0.0254639
4888 0.000478081 0.0254639
4891 0.000478081 0.0254639
4894 0.000583421 0.0185682
4897 0.000583421 0.0185682
4900 0.000583421 0.0185682
4903 0.000583421 0.0185682
4906 0.000583421 0.0185682
4909 0.000583421 0.0185682
4912 0.000583421 0.0185682
4915 0.00144235 0.0117535
4918 0.00144235 0.0117535
4921 0.00144235 0.0117535
4924 0.00144235 0.0117535
4927 0.00144235 0.0117535
4930 0.00144235 0.0117535
4933 0.00144235 0.0117535
4936 0.0918888 0.102763
4939 0.0918888 0.102763
4942 0.0918888 0.102763
4945 0.0918888 0.102763
4948 0.0918888 0.102763
4951 0.0918888 0.102763
4954 0.0918888 0.102763
4957 0.090329 0.231189
4960 0.090329 0.231189
4963 0.090329 0.231189
4966 0.090329 0.231189
4969 0.090329 0.231189
4972 0.090329 0.231189
4975 0.090329 0.231189
4978 0.0782271 0.201783
4981 0.0782271 0.201783
4984 0.0782271 0.201783
4987 0.0782271 0.201783
4990 0.0782271 0.201783
4993 0.0782271 0.201783
4996 0.0782271 0.201783
4999 0.0974516 0.208346
5002 0.0974516 0.208346
5005 0.0974516 0.208346
5008 0.0974516 0.208346
5011 0.0974516 0.208346
5014 0.0974516 0.208346
5017 0.0974516 0.208346
5020 0.0271574 0.170744
5023 0.0271574 0.170744
5026 0.0271574 0.170744
5029 0.0271574 0.170744
5032 0.0271574 0.170744
5035 0.0271574 0.170744
5038 0.0271574 0.170744
5041 0.0148853 0.0505996
5044 0.0148853 0.0505996
5047 0.0148853 0.0505996
5050 0.0148853 0.0505996
5053 0.0148853 0.0505996
5056 0.0148853 0.0505996
5059 0.0148853 0.0505996
5062 0.141848 0.170695
5065 0.141848 0.170695
5068 0.141848 0.170695
5071 0.141848 0.170695
5074 0.141848 0.170695
5077 0.141848 0.170695
5080 0.141848 0.170695
5083 0.213686 0.362937
5086 0.213686 0.362937
5089 0.213686 0.362937
5092 0.213686 0.362937
5095 0.213686 0.362937
5098 0.213686 0.362937
5101 0.213686 0.362937
5104 0.109959 0.243878
5107 0.109959 0.243878
5110 0.109959 0.243878
5113 0.109959 0.243878
5116 0.109959 0.243878
5119 0.109959 0.243878
5122 0.109959 0.243878
5125 0.00824082 0.141605
5128 0.00824082 0.141605
5131 0.00824082 0.141605
5134 0.00824082 0.141605
5137 0.00824082 0.141605
5140 0.00824082 0.141605
5143 0.00824082 0.141605
5146 7.69792e-05 0.0840369
5149 7.69792e-05 0.0840369
5152 7.69792e-05 0.0840369
5155 7.69792e-05 0.0840369
5158 7.69792e-05 0.0840369
5161 7.69792e-05 0.0840369
5164 7.69792e-05 0.0840369
5167 8.50822e-05 0.0585974
5170 8.50822e-05 0.0585974
5173 8.50822e-05 0.0585974
5176 8.50822e-05 0.0585974
5179 8.50822e-05 0.0585974
5182 8.50822e-05 0.0585974
5185 8.50822e-05 0.0585974
5188 9.72369e-05 0.105089
5191 9.72369e-05 0.105089
5194 9.72369e-05 0.105089
5197 9.72369e-05 0.105089
5200 9.72369e-05 0.105089
5203 9.72369e-05 0.105089
5206 9.72369e-05 0.105089
5209 0 0.0912851
5212 0 0.0912851
5215 0 0.0912851
5218 0 0.0912851
5221 0 0.0912851
5224 0 0.0912851
5227 0 0.0912851
5230 4.86184e-05 0.107706
5233 4.86184e-05 0.107706
5236 4.86184e-05 0.107706
5239 4.86184e-05 0.107706
5242 4.86184e-05 0.107706
5245 4.86184e-05 0.107706
5248 4.86184e-05 0.107706
5251 9.72369e-05 0.0940848
5254 9.72369e-05 0.0940848
5257 9.72369e-05 0.0940848
5260 9.72369e-05 0.0940848
5263 9.72369e-05 0.0940848
5266 9.72369e-05 0.0940848
5269 9.72369e-05 0.0940848
5272 0.053541 0.0436229
5275 0.053541 0.0436229
5278 0.053541 0.0436229
5281 0.053541 0.0436229
5284 0.053541 0.0436229
5287 0.053541 0.0436229
5290 0.053541 0.0436229
5293 0.105879 0.153091
5296 0.105879 0.153091
5299 0.105879 0.153091
5302 0.105879 0.153091
5305 0.105879 0.153091
5308 0.105879 0.153091
5311 0.105879 0.153091
5314 0.173645 0.264444
5317 0.173645 0.264444
5320 0.173645 0.264444
5323 0.173645 0.264444
5326 0.173645 0.264444
5329 0.173645 0.264444
5332 0.173645 0.264444
5335 0.173872 0.287197
5338 0.173872 0.287197
5341 0.173872 0.287197
5344 0.173872 0.287197
5347 0.173872 0.287197
5350 0.173872 0.287197
5353 0.173872 0.287197
5356 0.225679 0.193023
5359 0.225679 0.193023
5362 0.225679 0.193023
5365 0.225679 0.193023
5368 0.225679 0.193023
5371 0.225679 0.193023
5374 0.225679 0.193023
5377 0.251398 0.231448
5380 0.251398 0.231448
5383 0.251398 0.231448
5386 0.251398 0.231448
5389 0.251398 0.231448
5392 0.251398 0.231448
5395 0.251398 0.231448
5398 0.29981 0.285645
5401 0.29981 0.285645
5404 0.29981 0.285645
5407 0.29981 0.285645
5410 0.29981 0.285645
5413 0.29981 0.285645
5416 0.29981 0.285645
5419 0.317774 0.297776
5422 0.317774 0.297776
5425 0.317774 0.297776
5428 0.317774 0.297776
5431 0.317774 0.297776
5434 0.317774 0.297776
5437 0.317774 0.297776
5440 0.385893 0.232327
5443 0.385893 0.232327
5446 0.385893 0.232327
5449 0.385893 0.232327
5452 0.385893 0.232327
5455 0.385893 0.232327
5458 0.385893 0.232327
5461 0.407832 0.286184
5464 0.407832 0.286184
5467 0.407832 0.286184
5470 0.407832 0.286184
5473 0.407832 0.286184
5476 0.407832 0.286184
5479 0.407832 0.286184
5482 0.423718 0.208889
5485 0.423718 0.208889
5488 0.423718 0.208889
5491 0.423718 0.208889
5494 0.423718 0.208889
5497 0.423718 0.208889
5500 0.423718 0.208889
5503 0.514314 0.125168
5506 0.514314 0.125168
5509 0.514314 0.125168
5512 0.514314 0.125168
5515 0.514314 0.125168
5518 0.514314 0.125168
5521 0.514314 0.125168
5524 0.560878 0.124342
5527 0.560878 0.124342
5530 0.560878 0.124342
5533 0.560878 0.124342
5536 0.560878 0.124342
5539 0.560878 0.124342
5542 0.560878 0.124342
5545 0.65282 0.219634
5548 0.65282 0.219634
5551 0.65282 0.219634
5554 0.65282 0.219634
5557 0.65282 0.219634
5560 0.65282 0.219634
5563 0.65282 0.219634
5566 0.691135 0.0816303
5569 0.691135 0.0816303
5572 0.691135 0.0816303
5575 0.691135 0.0816303
5578 0.691135 0.0816303
5581 0.691135 0.0816303
5584 0.691135 0.0816303
5587 0.692233 0.14011
5590 0.692233 0.14011
5593 0.692233 0.14011
5596 0.692233 0.14011
5599 0.692233 0.14011
5602 0.692233 0.14011
5605 0.692233 0.14011
5608 0.700527 0.184211
5611 0.700527 0.184211
5614 0.700527 0.184211
5617 0.700527 0.184211
5620 0.700527 0.184211
5623 0.700527 0.184211
5626 0.700527 0.184211
5629 0.70675 0.121712
5632 0.70675 0.121712
5635 0.70675 0.121712
5638 0.70675 0.121712
5641 0.70675 0.121712
5644 0.70675 0.121712
5647 0.70675 0.121712
5650 0.790122 0.0570861
5653 0.790122 0.0570861
5656 0.790122 0.0570861
5659 0.790122 0.0570861
5662 0.790122 0.0570861
5665 0.790122 0.0570861
5668 0.790122 0.0570861
5671 0.78445 0.0919739
5674 0.78445 0.0919739
5677 0.78445 0.0919739
5680 0.78445 0.0919739
5683 0.78445 0.0919739
5686 0.78445 0.0919739
5689 0.78445 0.0919739
5692 0.784434 0.0499109
5695 0.784434 0.0499109
5698 0.784434 0.0499109
5701 0.784434 0.0499109
5704 0.784434 0.0499109
5707 0.784434 0.0499109
5710 0.784434 0.0499109
5713 0.774905 0.0275545
5716 0.774905 0.0275545
5719 0.774905 0.0275545
5722 0.774905 0.0275545
5725 0.774905 0.0275545
5728 0.774905 0.0275545
5731 0.774905 0.0275545
5734 0.769925 0.0665181
5737 0.769925 0.0665181
