frame_number static_density dynamic_density
1 0.0700997 0
4 0.068872 0.0469002
7 0.0775018 0.061799
10 0.0860465 0.0897379
13 0.0905154 0.0724204
16 0.0944048 0.0991703
19 0.097091 0.102979
22 0.0997893 0.0665665
25 0.102824 0.0589542
28 0.107649 0.0665909
31 0.110684 0.0795278
34 0.112333 0.117232
37 0.113642 0.108806
40 0.11493 0.0936848
43 0.116303 0.0820276
46 0.117381 0.0640599
49 0.118208 0.0604579
52 0.120926 0.0553563
55 0.12766 0.0532627
58 0.132603 0.06449
61 0.135078 0.0355477
64 0.130646 0.0247684
67 0.126692 0.0140154
70 0.121364 0.0120552
73 0.123385 0.00908223
76 0.125885 0.0122522
79 0.129686 0.0178626
82 0.136869 0.013077
85 0.148805 0.056946
88 0.160611 0.0567766
91 0.173543 0.0528303
94 0.179511 0.0866407
97 0.185532 0.06615
100 0.185718 0.0721046
103 0.184381 0.0512742
106 0.179102 0.073043
109 0.180439 0.0645151
112 0.186646 0.0665901
115 0.192586 0.0810995
118 0.196759 0.0999354
121 0.197354 0.0812146
124 0.198335 0.0939214
127 0.199575 0.0842427
130 0.202759 0.0825306
133 0.20583 0.0794701
136 0.210554 0.0827859
139 0.214772 0.0663194
142 0.216384 0.0579889
145 0.218276 0.0604035
148 0.216632 0.0524457
151 0.215347 0.0482975
154 0.212762 0.0412425
157 0.208865 0.0467697
160 0.206316 0.0426062
163 0.204331 0.0647406
166 0.202224 0.051416
169 0.201155 0.0349693
172 0.199319 0.0396784
175 0.198367 0.0347228
178 0.197488 0.0309976
181 0.197982 0.0196783
184 0.197561 0.0191305
187 0.196147 0.0130605
190 0.196439 0.00999442
193 0.195782 0.00788067
196 0.196346 0.00701923
199 0.196167 0.00194847
202 0.196094 0.00384512
205 0.196803 0.00193692
208 0.196467 0.00261883
211 0.196637 0.00183511
214 0.196297 0.00262133
217 0.195705 0.0031546
220 0.197824 0.00218531
223 0.197306 0.00454514
226 0.197022 0.00286898
229 0.196799 0.00193008
232 0.197156 0.00532743
235 0.198242 0.00438195
238 0.19729 0.00400108
241 0.195713 0.00487915
244 0.196957 0.00383387
247 0.195187 0.00415816
250 0.194834 0.0005543
253 0.194194 0.000335042
256 0.194312 0.000130695
259 0.194502 0.00026405
262 0.194328 0.000257664
265 0.194595 0.000231436
268 0.194336 0.000198932
271 0.192991 0.00102152
274 0.192768 0.000510558
277 0.19673 0.000499532
280 0.201426 0.000234761
283 0.207244 0.0378239
286 0.213273 0.0387172
289 0.212548 0.0502088
292 0.210299 0.0382901
295 0.207657 0.0338276
298 0.203095 0.00834177
301 0.199955 0.00288264
304 0.197922 0.00258513
307 0.197261 0.00199866
310 0.197508 0.00310601
313 0.196512 0.00307208
316 0.197059 0.00206511
319 0.195146 0.00207742
322 0.195543 0.00380443
325 0.195973 0.00536415
328 0.196188 0.00328149
331 0.196216 0.00295626
334 0.196321 0.00192872
337 0.196115 0.00228754
340 0.196803 0.00369978
343 0.199259 0.00226818
346 0.201564 0.0217408
349 0.202492 0.0277929
352 0.201272 0.0475121
355 0.200932 0.0334855
358 0.20098 0.033525
361 0.200912 0.0253945
364 0.20064 0.0241836
367 0.199935 0.0223219
370 0.198197 0.0220003
373 0.19767 0.0158777
376 0.197107 0.0145661
379 0.196479 0.00989252
382 0.197492 0.0115306
385 0.201037 0.0163438
388 0.203428 0.0177247
391 0.2072 0.029699
394 0.208942 0.0282605
397 0.212268 0.0331026
400 0.21303 0.0175475
403 0.214934 0.025717
406 0.221554 0.0557684
409 0.231553 0.0535478
412 0.241832 0.0526994
415 0.254023 0.0570811
418 0.264902 0.0542344
421 0.271668 0.0565691
424 0.284021 0.0506064
427 0.296775 0.0906278
430 0.306608 0.0928832
433 0.316769 0.0366073
436 0.327145 0.028711
439 0.331784 0.0252405
442 0.334053 0.033009
445 0.338409 0.0179771
448 0.344855 0.0340101
451 0.351613 0.0230221
454 0.356527 0.026728
457 0.361652 0.030739
460 0.364302 0.0121629
463 0.367337 0.0155329
466 0.367434 0.0116331
469 0.367016 0.00816245
472 0.37042 0.00923916
475 0.370152 0.00926554
478 0.368499 0.00896286
481 0.369168 0.00852873
484 0.369788 0.00697509
487 0.371007 0.00603752
490 0.370914 0.00371508
493 0.370987 0.00309998
496 0.371951 0.00340179
499 0.373807 0.00293823
502 0.382384 0.00229976
505 0.392865 0.0386808
508 0.405863 0.0286541
511 0.414987 0.0533711
514 0.420975 0.0854121
517 0.428567 0.0779616
520 0.443748 0.0659996
523 0.452078 0.0742338
526 0.461134 0.0688184
529 0.466449 0.0764178
532 0.469869 0.0657262
535 0.47217 0.0517831
538 0.474856 0.048438
541 0.477761 0.0515952
544 0.479033 0.0348947
547 0.478405 0.0449077
550 0.475808 0.053523
553 0.474577 0.0305442
556 0.473426 0.0301811
559 0.47121 0.0426504
562 0.46965 0.0371146
565 0.466182 0.027608
568 0.464667 0.0197897
571 0.466842 0.0163206
574 0.46916 0.0204132
577 0.473693 0.0107385
580 0.479382 0.00548069
583 0.484839 0.00952823
586 0.4896 0.0149096
589 0.494798 0.0206865
592 0.500454 0.0220553
595 0.517774 0.0264035
598 0.532663 0.0233445
601 0.544166 0.0213904
604 0.55188 0.0290656
607 0.564816 0.0387415
610 0.57802 0.0303391
613 0.58554 0.0297397
616 0.591715 0.0372209
619 0.595179 0.0428687
622 0.608196 0.043892
625 0.610299 0.0388895
628 0.610676 0.0405558
631 0.615149 0.0381769
634 0.617503 0.0396997
637 0.618183 0.0343077
640 0.618208 0.0325551
643 0.618037 0.0289672
646 0.618232 0.026684
649 0.619229 0.0257916
652 0.621056 0.0270873
655 0.622121 0.0241444
658 0.623276 0.0225939
661 0.623418 0.0191189
664 0.625026 0.0191761
667 0.625537 0.0192261
670 0.624516 0.0195696
673 0.625812 0.0164423
676 0.626238 0.0183645
679 0.627247 0.0152387
682 0.629487 0.0166099
685 0.629961 0.0139694
688 0.629661 0.0139894
691 0.629738 0.0132507
694 0.630233 0.0129878
697 0.633454 0.0126143
700 0.633474 0.0106274
703 0.634033 0.0108026
706 0.6349 0.0112154
709 0.635852 0.0117564
712 0.63821 0.0106579
715 0.638421 0.00824183
718 0.63981 0.00849178
721 0.642711 0.00759149
724 0.643327 0.00571567
727 0.643797 0.00463436
730 0.64372 0.00370487
733 0.644547 0.00305013
736 0.645292 0.00239473
739 0.646528 0.00210808
742 0.647249 0.00109658
745 0.650802 0.00198879
748 0.653869 0.000834342
751 0.653561 0.00115941
754 0.654278 0.000821814
757 0.654278 0.000640238
760 0.654923 0.000692492
763 0.656004 0.000708385
766 0.65664 0.000521905
769 0.656632 0.000833256
772 0.663119 0.00181003
775 0.662904 0.000744151
778 0.662973 0.000653559
781 0.662037 0.000516519
784 0.661701 0.000522717
787 0.662649 0.00038351
790 0.661709 0.000386094
793 0.6616 0.000312433
796 0.657362 0.0160339
799 0.656596 0.0168308
802 0.654185 0.0153157
805 0.652674 0.0200455
808 0.652042 0.0150286
811 0.653675 0.0136167
814 0.661146 0.0126983
817 0.669302 0.00907599
820 0.696678 0.0075369
823 0.713082 0.00338273
826 0.739033 0.00137429
829 0.750908 0.00125484
832 0.757973 0.00175748
835 0.76098 0.000683929
838 0.761794 0.000766377
841 0.763317 0.000643012
844 0.76371 0.000424332
847 0.777494 0.00142574
850 0.777202 0.000612187
853 0.77721 0.000524801
856 0.775444 0.00129708
859 0.774994 0.000394589
862 0.775306 0.00132328
865 0.774386 0.000518588
868 0.772859 0.000486071
871 0.777636 0.0015472
874 0.778515 0.000569472
877 0.778231 0.000542961
880 0.780083 0.00199281
883 0.779791 0.000796596
886 0.779511 0.00088157
889 0.779333 0.00422813
892 0.77657 0.00304439
895 0.779738 0.00869159
898 0.773102 0.0016842
901 0.772429 0.00117696
904 0.772587 0.00074339
907 0.766247 0.00143676
910 0.76685 0.000632461
913 0.768102 0.000457971
916 0.77029 0.000365469
919 0.770464 0.000407419
922 0.771003 0.000404549
925 0.770946 0.000330615
928 0.771578 0.000276883
931 0.771899 0.00144338
934 0.772117 0.000487807
937 0.771797 0.000355556
940 0.771084 0.000470364
943 0.769715 0.000443267
946 0.767102 0.000330806
949 0.767535 0.000426695
952 0.766713 0.000358807
955 0.779236 0.001587
958 0.778592 0.000521436
961 0.776132 0.00046659
964 0.773252 0.000580227
967 0.773483 0.000729073
970 0.772482 0.000462674
973 0.770857 0.000361882
976 0.770112 0.000324308
979 0.768349 0.000806025
982 0.758832 0.00140306
985 0.756045 0.00145934
988 0.755713 0.00150788
991 0.761425 0.00137891
994 0.762989 0.0013177
997 0.761806 0.00428375
1000 0.762398 0.00156358
1003 0.761948 0.00152104
1006 0.759387 0.00316492
1009 0.759805 0.00195265
1012 0.752986 0.00716545
1015 0.752411 0.000772782
1018 0.753926 0.00396534
1021 0.753189 0.00220986
1024 0.752646 0.00252304
1027 0.752536 0.00282073
1030 0.752504 0.00966719
1033 0.752354 0.0019523
1036 0.758233 0.00469892
1039 0.757366 0.00101372
1042 0.756247 0.00522371
1045 0.756713 0.0076028
1048 0.757139 0.00326157
1051 0.758156 0.00580561
1054 0.758208 0.00351452
1057 0.757921 0.00533533
1060 0.758545 0.00485756
1063 0.752455 0.00374846
1066 0.752265 0.0061508
1069 0.751017 0.00254631
1072 0.752208 0.00595867
1075 0.751082 0.00513447
1078 0.751924 0.00533723
1081 0.752212 0.00397338
1084 0.753448 0.00572457
1087 0.75737 0.00679769
1090 0.756709 0.00301675
1093 0.757856 0.00917042
1096 0.758257 0.00431095
1099 0.757957 0.00516307
1102 0.756438 0.00387619
1105 0.756138 0.00822261
1108 0.755279 0.00406562
1111 0.757674 0.00690829
1114 0.755409 0.00614326
1117 0.756373 0.00367239
1120 0.754615 0.00362222
1123 0.755555 0.0039188
1126 0.755466 0.00403027
1129 0.756069 0.00591445
1132 0.759675 0.00890703
1135 0.757102 0.00582102
1138 0.763617 0.00593232
1141 0.76525 0.0044834
1144 0.762552 0.00313153
1147 0.76151 0.00431512
1150 0.760352 0.0046739
1153 0.758095 0.0052837
1156 0.75615 0.0124503
1159 0.757033 0.0178853
1162 0.756252 0.0072057
1165 0.754744 0.00660569
1168 0.754412 0.00875695
1171 0.755737 0.00666652
1174 0.754663 0.00641335
1177 0.754116 0.00648722
1180 0.756 0.00878096
1183 0.758816 0.00711675
1186 0.766226 0.0105321
1189 0.766555 0.00950637
1192 0.765615 0.00616007
1195 0.766733 0.0043288
1198 0.76922 0.00303972
1201 0.76935 0.00356597
1204 0.77025 0.000700463
1207 0.768439 0.000429482
1210 0.767183 0.00133023
1213 0.770776 0.00182872
1216 0.770067 0.00099545
1219 0.768236 0.000958535
1222 0.768264 0.000775872
1225 0.767649 0.000787942
1228 0.765995 0.000566885
1231 0.766846 0.000907418
1234 0.766644 0.00269832
1237 0.756904 0.00599525
1240 0.754226 0.00161554
1243 0.759339 0.00288352
1246 0.761976 0.00162744
1249 0.761397 0.0025128
1252 0.75786 0.00243092
1255 0.754971 0.00165435
1258 0.754193 0.00459338
1261 0.755077 0.00544214
1264 0.753262 0.00338876
1267 0.753582 0.00454144
1270 0.753768 0.0023697
1273 0.751815 0.00672074
1276 0.752796 0.002069
1279 0.75265 0.00449216
1282 0.75286 0.00233398
1285 0.751155 0.0037541
1288 0.750851 0.00468115
1291 0.74902 0.00421252
1294 0.75079 0.00312079
1297 0.752131 0.00489336
1300 0.750879 0.00322448
1303 0.752447 0.0028608
1306 0.752431 0.0027453
1309 0.748639 0.00312751
1312 0.742561 0.00493421
1315 0.738198 0.00347612
1318 0.734154 0.00273678
1321 0.73272 0.00206425
1324 0.728336 0.00320415
1327 0.727895 0.00298253
1330 0.726744 0.00263694
1333 0.723831 0.00296973
1336 0.72896 0.00354544
1339 0.726108 0.00287417
1342 0.726683 0.00353036
1345 0.727611 0.00279895
1348 0.727992 0.00316255
1351 0.727437 0.00447262
1354 0.728551 0.00237022
1357 0.730686 0.00552355
1360 0.731343 0.00459116
1363 0.727789 0.00670165
1366 0.727636 0.0066649
1369 0.731375 0.00440309
1372 0.733713 0.00447109
1375 0.731788 0.00545183
1378 0.730844 0.00540728
1381 0.731622 0.00650382
1384 0.731468 0.00327478
1387 0.730208 0.00374615
1390 0.731326 0.0010307
1393 0.732445 0.000537085
1396 0.733737 0.000731655
1399 0.734458 0.000574112
1402 0.735755 0.000690516
1405 0.736841 0.000704801
1408 0.73917 0.000514665
1411 0.755336 0.00363217
1414 0.754748 0.00246452
1417 0.754801 0.0029992
1420 0.756037 0.000914276
1423 0.756649 0.00171971
1426 0.755109 0.0036221
1429 0.755222 0.00992196
1432 0.754805 0.0125297
1435 0.756657 0.0190907
1438 0.761016 0.022721
1441 0.760242 0.0356021
1444 0.761713 0.0497505
1447 0.764014 0.05109
1450 0.766944 0.0562979
1453 0.767268 0.0604009
1456 0.771712 0.061519
1459 0.778101 0.0681694
1462 0.792841 0.074893
1465 0.79359 0.0803794
1468 0.796471 0.0836236
1471 0.798776 0.114998
1474 0.803395 0.113816
1477 0.804801 0.117214
1480 0.808042 0.133999
1483 0.809493 0.13649
1486 0.823653 0.162012
1489 0.828264 0.163298
1492 0.830123 0.164495
1495 0.829491 0.185285
1498 0.831254 0.16063
1501 0.834957 0.196257
1504 0.837124 0.175652
1507 0.839624 0.180597
1510 0.843834 0.192017
1513 0.849072 0.182454
1516 0.844899 0.189679
1519 0.846317 0.192115
1522 0.836067 0.12226
1525 0.829605 0.216834
1528 0.827798 0.235128
1531 0.822924 0.191588
1534 0.816939 0.183669
1537 0.807333 0.15877
1540 0.803334 0.182556
1543 0.798744 0.23001
1546 0.79432 0.256729
1549 0.79229 0.25106
1552 0.766733 0.281305
1555 0.761113 0.267075
1558 0.759857 0.196764
1561 0.752123 0.136334
1564 0.756734 0.168156
1567 0.754991 0.183092
1570 0.755486 0.15036
1573 0.753318 0.163247
1576 0.755166 0.178862
1579 0.767369 0.133936
1582 0.772936 0.153712
1585 0.770987 0.155277
1588 0.769743 0.275513
1591 0.759408 0.170151
1594 0.756171 0.257071
1597 0.756065 0.426868
1600 0.75034 0.454918
1603 0.750434 0.475367
1606 0.74654 0.448463
1609 0.752431 0.455831
1612 0.752763 0.475496
1615 0.73772 0.48416
1618 0.722518 0.508446
1621 0.707499 0.44457
1624 0.703338 0.452342
1627 0.706004 0.476285
1630 0.715858 0.439667
1633 0.725107 0.397655
1636 0.716162 0.450538
1639 0.723855 0.482263
1642 0.724062 0.45853
1645 0.721647 0.400802
1648 0.709383 0.417478
1651 0.706146 0.415493
1654 0.710084 0.381717
1657 0.716397 0.45515
1660 0.723945 0.353255
1663 0.730378 0.417303
1666 0.735058 0.293916
1669 0.74654 0.317871
1672 0.754967 0.326215
1675 0.748821 0.346935
1678 0.740216 0.274678
1681 0.724483 0.316445
1684 0.715153 0.282187
1687 0.703768 0.228874
1690 0.707463 0.229085
1693 0.714898 0.247207
1696 0.715218 0.253525
1699 0.716384 0.226851
1702 0.72371 0.210428
1705 0.723633 0.194087
1708 0.71072 0.178832
1711 0.69419 0.226759
1714 0.683304 0.305209
1717 0.676339 0.324464
1720 0.662689 0.309518
1723 0.655474 0.290454
1726 0.650466 0.269028
1729 0.646066 0.223826
1732 0.582574 0.259097
1735 0.545612 0.0666237
1738 0.512361 0.0712743
1741 0.486152 0.0891079
1744 0.461134 0.17626
1747 0.445515 0.198352
1750 0.403561 0.165406
1753 0.383344 0.179458
1756 0.37676 0.31856
1759 0.368872 0.24409
1762 0.369188 0.31076
1765 0.366328 0.303806
1768 0.377036 0.288074
1771 0.375063 0.347985
1774 0.381278 0.380822
1777 0.38238 0.350453
1780 0.373742 0.391042
1783 0.370671 0.329107
1786 0.362933 0.210514
1789 0.348136 0.210573
1792 0.333684 0.205243
1795 0.319622 0.136398
1798 0.32016 0.226618
1801 0.323138 0.245167
1804 0.322271 0.252095
1807 0.320529 0.311015
1810 0.31632 0.292826
1813 0.307795 0.395952
1816 0.298635 0.290287
1819 0.292606 0.326977
1822 0.288319 0.333158
1825 0.279422 0.169306
1828 0.27025 0.24413
1831 0.262961 0.255521
1834 0.25673 0.295406
1837 0.249643 0.179
1840 0.236731 0.189939
1843 0.22371 0.212156
1846 0.210291 0.160112
1849 0.194162 0.143014
1852 0.1733 0.182709
1855 0.161822 0.156038
1858 0.159327 0.166503
1861 0.151754 0.143714
1864 0.141917 0.216591
1867 0.143902 0.156208
1870 0.160117 0.183527
1873 0.170801 0.192053
1876 0.185386 0.298855
1879 0.207824 0.254458
1882 0.219439 0.344854
1885 0.231784 0.394246
1888 0.24731 0.350065
1891 0.272028 0.250996
1894 0.292719 0.362479
1897 0.290074 0.224832
1900 0.298704 0.350848
1903 0.328936 0.162593
1906 0.371117 0.102269
1909 0.3824 0.196223
1912 0.374662 0.165046
1915 0.373527 0.163397
1918 0.358431 0.245034
1921 0.35767 0.294565
1924 0.352844 0.41231
1927 0.335467 0.426765
1930 0.317794 0.349566
1933 0.287542 0.285631
1936 0.272125 0.3423
1939 0.260206 0.345631
1942 0.253189 0.27393
1945 0.243258 0.158635
1948 0.221587 0.226938
1951 0.188672 0.091509
1954 0.159574 0.18687
1957 0.127336 0.135823
1960 0.111 0.0739048
1963 0.089462 0.0538066
1966 0.0671947 0.0195159
1969 0.0443603 0.00528176
1972 0.0193825 0.00305886
1975 0.00716717 0.000208166
1978 0.00716717 0.00589454
1981 0.00737379 0.00483953
1984 0.00707398 0.00271602
1987 0.00685115 0.0076688
1990 0.00696054 0.00844231
1993 0.00641763 0.00377113
1996 0.00654728 0.0124438
1999 0.00768576 0.0148027
2002 0.0289928 0.010259
2005 0.0687667 0.0147397
2008 0.10726 0.0656421
2011 0.148023 0.024317
2014 0.187825 0.0832286
2017 0.222575 0.123564
2020 0.244891 0.180011
2023 0.25865 0.254098
2026 0.289968 0.177149
2029 0.318317 0.106091
2032 0.310895 0.116217
2035 0.294834 0.158924
2038 0.282048 0.314873
2041 0.279556 0.253805
2044 0.248339 0.311864
2047 0.229524 0.34196
2050 0.222766 0.331284
2053 0.199781 0.351748
2056 0.169034 0.279451
2059 0.138303 0.180015
2062 0.105494 0.196735
2065 0.0804513 0.0875731
2068 0.0698404 0.0658695
2071 0.0625881 0.0385192
2074 0.0504902 0.0453497
2077 0.0328539 0.00593437
2080 0.0174864 0.0294329
2083 0.0124787 0.00812737
2086 0.0122924 0.0185857
2089 0.0110445 0.0136642
2092 0.00999109 0.0152602
2095 0.00958999 0.00692287
2098 0.0144235 0.0183161
2101 0.0270805 0.0181
2104 0.0460295 0.047109
2107 0.0691921 0.034866
2110 0.0969208 0.0600794
2113 0.128847 0.0836273
2116 0.161677 0.0970644
2119 0.194202 0.137584
2122 0.227218 0.0823092
2125 0.265696 0.0427532
2128 0.301722 0.124264
2131 0.325987 0.268857
2134 0.340528 0.355029
2137 0.34154 0.283746
2140 0.338931 0.461621
2143 0.338121 0.27195
2146 0.332745 0.221878
2149 0.32294 0.250353
2152 0.299384 0.266152
2155 0.293542 0.23886
2158 0.292813 0.188644
2161 0.287355 0.374978
2164 0.282975 0.224264
2167 0.274103 0.107049
2170 0.260234 0.0680029
2173 0.243364 0.0969425
2176 0.212163 0.113744
2179 0.178114 0.118045
2182 0.142347 0.0783674
2185 0.118358 0.134858
2188 0.094575 0.130511
2191 0.0735354 0.139916
2194 0.0541528 0.120965
2197 0.0365124 0.0648794
2200 0.0219877 0.119407
2203 0.0165586 0.0616381
2206 0.0124747 0.0625025
2209 0.00872296 5.69939e-05
2212 0.00348432 0.000668715
2215 0.0014545 0.000600621
2218 0.0018394 0.0023519
2221 0.00116279 0.000870398
2224 0.00156794 0.000822311
2227 0.00134511 0.000208118
2230 0.00200956 0.00175967
2233 0.00192853 0.00255284
2236 0.00166923 0.00522204
2239 0.00173811 0.000148391
2242 0.00188802 0.000973432
2245 0.00179888 0.00269071
2248 0.00195689 0.00224242
2251 0.00290495 0.00329493
2254 0.00358966 0.00780251
2257 0.00292521 0.0035231
2260 0.00426222 0.0149023
2263 0.00583421 0.00892881
2266 0.00962645 0.00632692
2269 0.0292561 0.0437647
2272 0.046459 0.0635209
2275 0.0603517 0.174306
2278 0.0683454 0.203843
2281 0.0752289 0.239463
2284 0.0799084 0.227498
2287 0.0850822 0.207306
2290 0.087975 0.22468
2293 0.0891783 0.200556
2296 0.0895916 0.25166
2299 0.0959404 0.222073
2302 0.102261 0.297766
2305 0.104769 0.272767
2308 0.102281 0.285726
2311 0.0915931 0.15174
2314 0.0782473 0.144056
2317 0.0688761 0.165657
2320 0.0568957 0.135263
2323 0.053148 0.0641376
2326 0.0486306 0.0823471
2329 0.0462685 0.0564698
2332 0.041119 0.0960261
2335 0.0319828 0.0667015
2338 0.0276112 0.0726809
2341 0.0245158 0.0360307
2344 0.0204927 0.056271
2347 0.015882 0.0363295
2350 0.0132809 0.026493
2353 0.0136496 0.043884
2356 0.0114051 0.0219199
2359 0.0100964 0.0254393
2362 0.0104611 0.0103502
2365 0.0130905 0.012279
2368 0.0136861 0.0255381
2371 0.0137307 0.0368396
2374 0.0159468 0.0367242
2377 0.0140305 0.050565
2380 0.0129082 0.016988
2383 0.0138157 0.0260993
2386 0.0376671 0.0389251
2389 0.0567823 0.0361412
2392 0.0633377 0.0866645
2395 0.0675229 0.113346
2398 0.0687667 0.113932
2401 0.0686614 0.166668
2404 0.0708533 0.155302
2407 0.0757799 0.206943
2410 0.0781622 0.264355
2413 0.07217 0.148146
2416 0.0599465 0.118695
2419 0.0519245 0.0896938
2422 0.0362896 0.0749385
2425 0.0215137 5.8842e-05
2428 0.0102747 5.53473e-05
2431 0.00369095 0.00600264
2434 0.0189895 0.00680826
2437 0.0310267 0.0462924
2440 0.0361356 0.0951545
2443 0.0409691 0.108309
2446 0.0449518 0.133634
2449 0.0488453 0.135654
2452 0.0505713 0.102428
2455 0.0511709 0.122139
2458 0.0504943 0.121004
2461 0.0584393 0.122252
2464 0.0472287 0.0572359
2467 0.03396 0.114431
2470 0.0225711 0.151286
2473 0.0160157 0.0490856
2476 0.0112552 0.0808709
2479 0.00760068 0.0035261
2482 0.00911595 0.0156102
2485 0.0104813 0.0131196
2488 0.0120736 0.0190785
2491 0.013366 0.0288986
2494 0.0145207 0.0214206
2497 0.0151446 0.021677
2500 0.0164897 0.0405354
2503 0.016899 0.0208183
2506 0.0182967 0.0454765
2509 0.0254923 0.0614027
2512 0.0417835 0.0376517
2515 0.0541204 0.0452027
2518 0.0548173 0.121932
2521 0.0587635 0.0996533
2524 0.0633052 0.107337
2527 0.0673082 0.17811
2530 0.0716636 0.156648
2533 0.0744065 0.259
2536 0.0784337 0.323136
2539 0.0815574 0.327766
2542 0.0826918 0.252387
2545 0.0857021 0.264083
2548 0.0851228 0.275558
2551 0.0743173 0.170928
2554 0.068629 0.192951
2557 0.051572 0.141254
2560 0.0357062 0.141761
2563 0.0219877 0.0598932
2566 0.00939146 0.0186419
2569 0.00155984 0.000167708
2572 0.000534803 0.000207206
2575 0.000530751 0.000181997
2578 0.000538854 0.000124994
2581 0.000542906 0.000144493
2584 0.000514545 7.11895e-05
2587 0.000704967 0.000819111
2590 0.000603679 0.000207374
2593 0.000615833 0.000185288
2596 0.0006604 0.000126496
2599 0.00055506 0.000178336
2602 0.0005267 0.000127309
2605 0.000530751 8.6359e-05
2608 0.000591524 9.14661e-05
2611 0.000822462 0.000752617
2614 0.000704967 0.000342046
2617 0.000709019 0.000188812
2620 0.000656349 0.000127973
2623 0.000688761 0.000137158
2626 0.0123329 0.000111246
2629 0.0250182 0.0456519
2632 0.032388 0.109765
2635 0.0375496 0.199664
2638 0.0495017 0.240409
2641 0.0710275 0.0894431
2644 0.0958472 0.212243
2647 0.120813 0.18396
2650 0.138542 0.187107
2653 0.150985 0.288058
2656 0.1582 0.290303
2659 0.16984 0.314687
2662 0.17802 0.35077
2665 0.169508 0.336694
2668 0.161766 0.271946
2671 0.154744 0.278584
2674 0.159391 0.239446
2677 0.16239 0.218499
2680 0.154732 0.162751
2683 0.138842 0.0925066
2686 0.13142 0.0953232
2689 0.119447 0.0659072
2692 0.11102 0.0661321
2695 0.0971842 0.0525089
2698 0.0780893 0.0754174
2701 0.0647922 0.0473164
2704 0.0500122 0.0440761
2707 0.0420428 0.0363888
2710 0.0425006 0.0446407
2713 0.0432096 0.0435623
2716 0.0452516 0.0306741
2719 0.045989 0.0310779
2722 0.0446844 0.0322001
2725 0.045993 0.0304148
2728 0.0522202 0.0317661
2731 0.0655214 0.0299257
2734 0.0751681 0.0315637
2737 0.0808443 0.0701202
2740 0.0845434 0.0933648
2743 0.0862856 0.0782307
2746 0.0884207 0.100337
2749 0.0944048 0.0669435
2752 0.0962847 0.125391
2755 0.0986711 0.131452
2758 0.100587 0.131789
2761 0.102281 0.109653
2764 0.104242 0.081534
2767 0.106624 0.0811358
2770 0.107694 0.090402
2773 0.109703 0.0804874
2776 0.10991 0.092341
2779 0.111697 0.0841243
2782 0.115327 0.0651002
2785 0.116907 0.0555431
2788 0.117029 0.0518817
2791 0.118977 0.0441463
2794 0.119322 0.0388161
2797 0.119212 0.0316205
2800 0.120189 0.0231685
2803 0.120476 0.0165319
2806 0.121789 0.0145477
2809 0.12247 0.0110786
2812 0.121558 0.00769953
2815 0.123017 0.00476372
2818 0.123211 0.00230786
2821 0.124086 0.000449034
2824 0.124159 0.00101668
2827 0.123831 0.000243667
2830 0.123361 0.00262267
2833 0.123973 0.00288999
2836 0.124641 0.00235708
2839 0.12484 0.00241295
2842 0.124974 0.000722558
2845 0.123957 0.000166977
2848 0.12439 0.000258012
2851 0.130998 0.000961348
2854 0.136448 0.0369882
2857 0.132578 0.0181488
2860 0.128503 0.00103907
2863 0.123795 0.00235266
2866 0.125488 0.000598672
2869 0.126858 0.0012754
2872 0.12815 0.000686471
2875 0.127425 0.000549355
2878 0.126704 9.56062e-05
2881 0.13016 0.0133335
2884 0.133838 0.0220237
2887 0.135236 0.026111
2890 0.13759 0.0393768
2893 0.137189 0.0429167
2896 0.135601 0.0377576
2899 0.13663 0.0308215
2902 0.13729 0.0427779
2905 0.136346 0.0398419
2908 0.137995 0.0207342
2911 0.137979 0.0336416
2914 0.138364 0.0359438
2917 0.138182 0.0355197
2920 0.136982 0.0307291
2923 0.138234 0.0225282
2926 0.137643 0.0229402
2929 0.137963 0.0229179
2932 0.141674 0.0216798
2935 0.143445 0.0128461
2938 0.143558 0.0184366
2941 0.148866 0.0102823
2944 0.158399 0.0160132
2947 0.171882 0.0304692
2950 0.185435 0.0284259
2953 0.198594 0.0446427
2956 0.211709 0.0400244
2959 0.227328 0.0461124
2962 0.246901 0.0399243
2965 0.261993 0.0272139
2968 0.277846 0.0184602
2971 0.295892 0.0255026
2974 0.314857 0.0211368
2977 0.329917 0.0262298
2980 0.340491 0.019277
2983 0.355883 0.0177596
2986 0.378219 0.0294961
2989 0.385528 0.0224003
2992 0.403359 0.0259217
2995 0.420711 0.0307136
2998 0.441403 0.0245345
3001 0.466737 0.0233486
3004 0.490544 0.0267798
3007 0.512467 0.0316796
3010 0.531027 0.0451837
3013 0.561717 0.0296908
3016 0.590758 0.0907523
3019 0.613091 0.0626218
3022 0.626489 0.0791809
3025 0.639956 0.0890583
3028 0.647273 0.0788503
3031 0.663755 0.0627809
3034 0.673118 0.0824203
3037 0.694441 0.0706741
3040 0.680642 0.0776787
3043 0.656547 0.0870705
3046 0.651657 0.0796845
3049 0.648979 0.0670322
3052 0.644802 0.0586957
3055 0.641561 0.049222
3058 0.643817 0.043822
3061 0.649984 0.0478688
3064 0.654173 0.0441885
3067 0.657228 0.058355
3070 0.662102 0.0452437
3073 0.661928 0.0541715
3076 0.658614 0.0464267
3079 0.657204 0.054112
3082 0.663787 0.0497627
3085 0.66999 0.0668717
3088 0.685269 0.0623505
3091 0.681809 0.0576882
3094 0.677769 0.0579917
3097 0.673321 0.0607711
3100 0.669755 0.0504664
3103 0.668605 0.0644544
3106 0.665931 0.0492551
3109 0.66397 0.0497026
3112 0.660396 0.0400266
3115 0.659278 0.0329577
3118 0.655117 0.0302474
3121 0.655692 0.0258746
3124 0.656138 0.0207081
3127 0.660441 0.0212099
3130 0.664865 0.0251016
3133 0.664662 0.0146684
3136 0.671096 0.0103879
3139 0.67016 0.00494399
3142 0.67031 0.00556054
3145 0.666907 0.0047387
3148 0.664825 0.00171731
3151 0.663508 0.00367939
3154 0.662928 0.00605376
3157 0.663034 0.00588746
3160 0.662333 0.00674205
3163 0.661486 0.00593447
3166 0.660858 0.00276681
3169 0.658054 0.00244767
3172 0.658261 0.00221186
3175 0.656896 0.00208182
3178 0.657957 0.00197853
3181 0.661247 0.00252849
3184 0.662997 0.00248841
3187 0.669472 0.00338723
3190 0.666393 0.00238813
3193 0.666303 0.00276798
3196 0.665813 0.00881635
3199 0.664176 0.00307671
3202 0.663528 0.00379537
3205 0.663338 0.00286129
3208 0.661624 0.00213618
3211 0.658399 0.00480662
3214 0.661288 0.00433869
3217 0.661186 0.000833159
3220 0.660664 0.000697192
3223 0.659359 0.000596115
3226 0.658691 0.000623755
3229 0.658079 0.00201753
3232 0.655636 0.00677482
3235 0.654943 0.00537849
3238 0.655036 0.00451283
3241 0.653602 0.00218687
3244 0.652994 0.00106803
3247 0.652115 0.00376697
3250 0.651657 0.00471169
3253 0.651215 0.00214833
3256 0.64996 0.000162664
3259 0.651187 0.000196378
3262 0.65047 0.00150794
3265 0.652528 0.000244589
3268 0.651588 0.0003482
3271 0.653407 0.000253956
3274 0.654797 0.000222415
3277 0.658346 0.00259351
3280 0.658942 0.00242445
3283 0.659181 0.000160565
3286 0.675622 0.00283839
3289 0.673941 0.00165936
3292 0.674078 0.000922189
3295 0.675184 0.000903632
3298 0.673009 0.00051249
3301 0.671011 0.000562799
3304 0.670724 0.000384962
3307 0.670525 0.000374264
3310 0.670331 0.000416944
3313 0.668455 0.00115114
3316 0.667191 0.000426919
3319 0.665234 0.00139542
3322 0.664561 0.000737815
3325 0.664282 0.000461451
3328 0.663512 0.0006653
3331 0.661786 0.0013341
3334 0.660574 0.00183961
3337 0.650434 0.00349077
3340 0.649469 0.00206657
3343 0.649295 0.00328253
3346 0.647768 0.00287402
3349 0.645446 0.0022833
3352 0.645426 0.00455321
3355 0.646208 0.00212925
3358 0.648505 0.00352101
3361 0.654489 0.00402184
3364 0.654282 0.00270737
3367 0.652005 0.00375085
3370 0.649088 0.00240106
3373 0.649129 0.00360376
3376 0.649716 0.00299089
3379 0.650429 0.00259403
3382 0.65051 0.00328601
3385 0.650685 0.00119043
3388 0.65107 0.0035999
3391 0.65188 0.00133264
3394 0.653043 0.000294102
3397 0.653663 0.000316604
3400 0.655899 0.000291797
3403 0.65756 0.000364313
3406 0.657584 0.000115096
3409 0.6563 0.000120645
3412 0.651568 0.0026348
3415 0.65 0.000371901
3418 0.648566 0.000290146
3421 0.647853 0.000245237
3424 0.647346 0.000296974
3427 0.647488 0.000297474
3430 0.647731 9.18291e-05
3433 0.651333 0.00039223
3436 0.688178 0.00126326
3439 0.688842 0.000382915
3442 0.690556 0.000338788
3445 0.697881 0.00039639
3448 0.706012 0.000211884
3451 0.709128 0.000357922
3454 0.710003 0.000210896
3457 0.710595 0.000243585
3460 0.710761 0.00018223
3463 0.706944 0.00124094
3466 0.706726 0.000904266
3469 0.706418 0.000346239
3472 0.704829 0.000299643
3475 0.705794 0.000284446
3478 0.707431 0.000239297
3481 0.709197 0.000264856
3484 0.710627 0.00025014
3487 0.706215 0.00110465
3490 0.709817 0.000379718
3493 0.711413 0.000289825
3496 0.715732 0.000283377
3499 0.716263 0.000284688
3502 0.717122 0.000239679
3505 0.717608 0.000211039
3508 0.717515 0.000171954
3511 0.72247 0.00100118
3514 0.723697 0.000418596
3517 0.72497 0.000346473
3520 0.724386 0.00027028
3523 0.725095 0.000337467
3526 0.725569 0.000243863
3529 0.725051 0.000161795
3532 0.725265 0.000133955
3535 0.725298 0.00012452
3538 0.716437 0.000771713
3541 0.717223 0.000493885
3544 0.717774 0.000296556
3547 0.717162 0.000234228
3550 0.717397 0.000230675
3553 0.716222 0.000185515
3556 0.718358 0.000293045
3559 0.71747 0.000296427
3562 0.70594 0.00177718
3565 0.705822 0.00127528
3568 0.70643 0.000296285
3571 0.709148 0.000924952
3574 0.708585 0.000446763
3577 0.71147 0.000258821
3580 0.711778 0.000263858
3583 0.71288 0.000301668
3586 0.709821 0.0011352
3589 0.709472 0.000310155
3592 0.712779 0.000678016
3595 0.706341 0.00101718
3598 0.705344 0.000310459
3601 0.7072 0.000286775
3604 0.706401 0.000234871
3607 0.706276 0.000311313
3610 0.705737 0.000249161
3613 0.706697 0.000166926
3616 0.707094 0.000150507
3619 0.708605 0.000123908
3622 0.702394 0.00077023
3625 0.704364 0.000405466
3628 0.703569 0.000281207
3631 0.702362 0.000218998
3634 0.7038 0.000281811
3637 0.708926 0.000294078
3640 0.713475 0.000264708
3643 0.713812 0.000186102
3646 0.710891 0.000811474
3649 0.713593 0.000318954
3652 0.712933 0.00255316
3655 0.713755 0.000223064
3658 0.716842 0.000273721
3661 0.716842 0.000261534
3664 0.718795 0.000196337
3667 0.720995 0.000220983
3670 0.71286 0.00130938
3673 0.715444 0.000479935
3676 0.716619 0.000296526
3679 0.717114 0.000435253
3682 0.717199 0.000653925
3685 0.716737 0.00131182
3688 0.71606 0.00113316
3691 0.715651 0.000200771
3694 0.715619 0.000121527
3697 0.708654 0.00135072
3700 0.70679 0.0013813
3703 0.705664 0.00252198
3706 0.703991 0.00333935
3709 0.703298 0.00312657
3712 0.703221 0.00534799
3715 0.703654 0.00699231
3718 0.703614 0.00883134
3721 0.694056 0.00855799
3724 0.692464 0.00651505
3727 0.69024 0.00603374
3730 0.689932 0.00582241
3733 0.689604 0.00531532
3736 0.689425 0.00601202
3739 0.692448 0.00473024
3742 0.693116 0.00522657
3745 0.684365 0.00568542
3748 0.68503 0.00370726
3751 0.684819 0.00314086
3754 0.684624 0.0034772
3757 0.684665 0.00253433
3760 0.683012 0.00127336
3763 0.681995 0.000540298
3766 0.680565 0.000526314
3769 0.67834 0.000456333
3772 0.679414 0.00601221
3775 0.682684 0.000628944
3778 0.682485 0.00197368
3781 0.682578 0.00555157
3784 0.678964 0.00707792
3787 0.679418 0.0102777
3790 0.679102 0.0113186
3793 0.678956 0.0083952
3796 0.671218 0.0097049
3799 0.670136 0.0104333
3802 0.667701 0.0116015
3805 0.665979 0.0124734
3808 0.66478 0.0121591
3811 0.699441 0.0094024
3814 0.719302 0.008162
3817 0.744482 0.00726764
3820 0.787918 0.00561669
3823 0.790147 0.00262148
3826 0.791674 0.000787727
3829 0.793793 0.000986193
3832 0.795608 0.000541177
3835 0.796751 0.000524729
3838 0.797371 0.000447346
3841 0.797435 0.000846129
3844 0.797739 0.000474464
3847 0.798335 0.00149558
3850 0.798035 0.00102345
3853 0.796795 0.00115648
3856 0.795483 0.0026388
3859 0.794547 0.00532562
3862 0.794547 0.00540195
3865 0.794863 0.00665782
3868 0.794842 0.00462747
3871 0.793979 0.00592092
3874 0.794668 0.00669883
3877 0.795102 0.00549273
3880 0.795069 0.00948469
3883 0.794741 0.00726248
3886 0.794936 0.0168377
3889 0.794697 0.00634681
3892 0.794393 0.00498251
3895 0.792185 0.00780319
3898 0.792257 0.00942347
3901 0.792375 0.00754861
3904 0.792237 0.00777841
3907 0.792201 0.0122725
3910 0.791455 0.0076359
3913 0.791297 0.00754228
3916 0.791265 0.00654683
3919 0.789089 0.00567875
3922 0.790726 0.00432077
3925 0.79167 0.00367324
3928 0.791553 0.00390068
3931 0.790807 0.00487063
3934 0.790321 0.0021513
3937 0.791792 0.00201409
3940 0.792525 0.00770123
3943 0.792792 0.00327914
3946 0.792999 0.00265961
3949 0.792821 0.00108132
3952 0.792509 0.00103733
3955 0.792748 0.000866815
3958 0.793149 0.00103627
3961 0.793473 0.000956476
3964 0.792699 0.001439
3967 0.79321 0.00207172
3970 0.797083 0.00204268
3973 0.79703 0.000892788
3976 0.79652 0.00194779
3979 0.796171 0.00246317
3982 0.793339 0.00197117
3985 0.792225 0.00228206
3988 0.791698 0.00144243
3991 0.794352 0.00106939
3994 0.794304 0.000619994
3997 0.795381 0.00166225
4000 0.795329 0.000745743
4003 0.793874 0.000702644
4006 0.793226 0.000490239
4009 0.792962 0.000430599
4012 0.793173 0.000388598
4015 0.793728 0.000568941
4018 0.794494 0.000957275
4021 0.79573 0.0021627
4024 0.795507 0.00155338
4027 0.795576 0.000456736
4030 0.79526 0.000307665
4033 0.795264 0.000424307
4036 0.795345 0.000376879
4039 0.795341 0.000233582
4042 0.793927 0.000247945
4045 0.782858 0.00128918
4048 0.781035 0.000568456
4051 0.783158 0.000548849
4054 0.784782 0.000293228
4057 0.782323 0.000227713
4060 0.780723 0.000290876
4063 0.785504 0.000316208
4066 0.788684 0.000238403
4069 0.79056 0.000164005
4072 0.793838 0.00174142
4075 0.794178 0.000358147
4078 0.794093 0.000275696
4081 0.79389 0.000248599
4084 0.793866 0.000262827
4087 0.793979 0.000359953
4090 0.793663 0.000468072
4093 0.795414 0.00156908
4096 0.795175 0.00111941
4099 0.794903 0.00146717
4102 0.793538 0.00139659
4105 0.79184 0.000830495
4108 0.791512 0.0011124
4111 0.793262 0.000936951
4114 0.793635 0.000776073
4117 0.794304 0.000924193
4120 0.793963 0.00121631
4123 0.793862 0.00142716
4126 0.792991 0.00142066
4129 0.792829 0.0017552
4132 0.792225 0.00258659
4135 0.79103 0.00329751
4138 0.789851 0.0032732
4141 0.789474 0.00614512
4144 0.788769 0.00904857
4147 0.787165 0.00744518
4150 0.786423 0.00992168
4153 0.784932 0.00888906
4156 0.784041 0.00811109
4159 0.782639 0.00908088
4162 0.783263 0.0116633
4165 0.784774 0.0182879
4168 0.784511 0.014811
4171 0.794186 0.0910767
4174 0.788486 0.187853
4177 0.792719 0.0151169
4180 0.79338 0.0200656
4183 0.797383 0.0205567
4186 0.800952 0.0242975
4189 0.804145 0.032706
4192 0.807325 0.0322133
4195 0.805121 0.03009
4198 0.807167 0.0324803
4201 0.806616 0.0409554
4204 0.806122 0.051857
4207 0.808334 0.0527612
4210 0.808095 0.0611717
4213 0.810502 0.0718297
4216 0.815424 0.0649252
4219 0.81935 0.0817585
4222 0.818775 0.0935905
4225 0.820087 0.0595043
4228 0.826416 0.0769461
4231 0.833543 0.0741819
4234 0.840746 0.0859408
4237 0.845507 0.0987097
4240 0.849842 0.100633
4243 0.841022 0.111995
4246 0.83471 0.117087
4249 0.817215 0.123213
4252 0.79902 0.137198
4255 0.760019 0.138092
4258 0.753039 0.128025
4261 0.721113 0.152968
4264 0.72266 0.138918
4267 0.726278 0.212492
4270 0.728584 0.201139
4273 0.746925 0.277874
4276 0.754359 0.243711
4279 0.759566 0.315276
4282 0.766907 0.407969
4285 0.760587 0.370529
4288 0.758123 0.438304
4291 0.75645 0.449608
4294 0.72108 0.459703
4297 0.709716 0.426881
4300 0.710672 0.442902
4303 0.705555 0.360739
4306 0.694733 0.371282
4309 0.691577 0.296365
4312 0.695401 0.380176
4315 0.698513 0.414126
4318 0.677704 0.325557
4321 0.659331 0.289094
4324 0.641074 0.241601
4327 0.635293 0.24861
4330 0.61414 0.30373
4333 0.608075 0.264196
4336 0.607301 0.407263
4339 0.604724 0.437251
4342 0.608217 0.284505
4345 0.604935 0.420795
4348 0.611012 0.312765
4351 0.616575 0.308165
4354 0.616518 0.357976
4357 0.614468 0.275667
4360 0.611656 0.272925
4363 0.607665 0.319639
4366 0.607001 0.301869
4369 0.596824 0.290012
4372 0.601402 0.282124
4375 0.597314 0.209444
4378 0.594032 0.265671
4381 0.589762 0.260774
4384 0.590673 0.302972
4387 0.590374 0.343594
4390 0.581821 0.417041
4393 0.5723 0.469212
4396 0.55081 0.342508
4399 0.52625 0.376377
4402 0.510639 0.453298
4405 0.494611 0.415782
4408 0.472612 0.427474
4411 0.459934 0.396574
4414 0.461668 0.367131
4417 0.475788 0.431413
4420 0.485463 0.472547
4423 0.501207 0.34558
4426 0.508622 0.40042
4429 0.494474 0.423796
4432 0.481987 0.412335
4435 0.473098 0.355344
4438 0.462872 0.343303
4441 0.459294 0.452563
4444 0.466141 0.412912
4447 0.479742 0.43551
4450 0.485613 0.418758
4453 0.483741 0.47451
4456 0.486496 0.479459
4459 0.48409 0.39464
4462 0.478527 0.316905
4465 0.47685 0.234991
4468 0.481719 0.276519
4471 0.496888 0.214403
4474 0.516846 0.188932
4477 0.512519 0.237269
4480 0.490317 0.22783
4483 0.467863 0.248061
4486 0.458204 0.223492
4489 0.442266 0.245241
4492 0.444158 0.228659
4495 0.441893 0.196633
4498 0.460368 0.193719
4501 0.482254 0.186191
4504 0.523118 0.187073
4507 0.557929 0.232528
4510 0.597217 0.287167
4513 0.63428 0.220426
4516 0.660895 0.313109
4519 0.672429 0.305147
4522 0.673758 0.299009
4525 0.70867 0.352249
4528 0.721408 0.349446
4531 0.766636 0.428765
4534 0.777522 0.424406
4537 0.779345 0.372505
4540 0.765558 0.474641
4543 0.757759 0.495781
4546 0.733113 0.48162
4549 0.718285 0.32257
4552 0.704675 0.466549
4555 0.697407 0.338705
4558 0.615546 0.294823
4561 0.598695 0.455831
4564 0.596775 0.519112
4567 0.555988 0.527279
4570 0.564918 0.525342
4573 0.532149 0.533293
4576 0.523134 0.487654
4579 0.507807 0.457944
4582 0.483838 0.332869
4585 0.479337 0.281946
4588 0.472964 0.390191
4591 0.471121 0.379716
4594 0.494425 0.415643
4597 0.501479 0.370564
4600 0.497727 0.317779
4603 0.489778 0.352741
4606 0.488935 0.322763
4609 0.481882 0.402815
4612 0.47704 0.367258
4615 0.45564 0.36995
4618 0.442622 0.387499
4621 0.430038 0.478597
4624 0.383518 0.314699
4627 0.360789 0.410806
4630 0.357005 0.335364
4633 0.372255 0.27475
4636 0.381699 0.28777
4639 0.397707 0.39588
4642 0.412187 0.351556
4645 0.425043 0.215446
4648 0.431351 0.241107
4651 0.446961 0.21766
4654 0.455016 0.29655
4657 0.459436 0.327704
4660 0.436322 0.26969
4663 0.427753 0.208957
4666 0.416652 0.293675
4669 0.405737 0.29896
4672 0.386018 0.308341
4675 0.361867 0.222849
4678 0.311835 0.216731
4681 0.273864 0.30492
4684 0.261466 0.328799
4687 0.253209 0.328204
4690 0.269946 0.216904
4693 0.278717 0.296538
4696 0.280277 0.267902
4699 0.286099 0.260547
4702 0.293068 0.312669
4705 0.296305 0.299185
4708 0.296119 0.354762
4711 0.313362 0.388511
4714 0.34026 0.413253
4717 0.357459 0.483051
4720 0.40329 0.585709
4723 0.408666 0.65624
4726 0.417369 0.693171
4729 0.426939 0.513993
4732 0.412187 0.402149
4735 0.404287 0.449642
4738 0.39011 0.429479
4741 0.371011 0.451697
4744 0.360173 0.535394
4747 0.337955 0.264441
4750 0.313642 0.340712
4753 0.286598 0.33371
4756 0.25737 0.306118
4759 0.234661 0.249083
4762 0.208245 0.306331
4765 0.186743 0.300983
4768 0.164488 0.331961
4771 0.149153 0.33415
4774 0.1308 0.218477
4777 0.105186 0.201337
4780 0.0874524 0.187756
4783 0.0698687 0.183754
4786 0.0494976 0.0661479
4789 0.0316101 0.061494
4792 0.0166721 0.0395392
4795 0.00711855 0.00535646
4798 0.000320071 0.004837
4801 0.000299814 0.000273989
4804 0.000251195 0.000436259
4807 0.000194474 0.000333159
4810 0.000153958 0.000108475
4813 0.000117495 0.000168325
4816 9.31853e-05 0.00016164
4819 8.91338e-05 9.2201e-05
4822 0.000174216 0.000684534
4825 0.000125598 0.000217668
4828 0.00010534 0.000151869
4831 4.86184e-05 0.000158387
4834 0.000769792 0.000849774
4837 0.000704967 0.00026161
4840 0.000960214 0.000350892
4843 0.00122356 6.2137e-05
4846 0.00134106 0.000146876
4849 0.00135726 0.00413772
4852 0.00137752 0.00256614
4855 0.00175837 0.000296019
4858 0.00164897 0.00028521
4861 0.00174621 0.0013171
4864 0.00121951 0.00486074
4867 0.000846771 0.00129496
4870 0.000858926 0.000510941
4873 0.000478081 0.00144917
4876 0.000700916 0.000198418
4879 0.000575318 0.00396058
4882 0.000522648 0.00249894
4885 0.000559112 0.000234132
4888 0.000433514 0.000229166
4891 0.000506442 0.00032565
4894 0.000583421 0.00187293
4897 0.00183535 0.000130023
4900 0.004088 0.0108729
4903 0.00721173 0.0134315
4906 0.00827324 0.00935998
4909 0.00617454 0.0268089
4912 0.00364638 0.00010259
4915 0.00144235 0.00538059
4918 0.0152216 0.00421966
4921 0.0275545 0.0344805
4924 0.033729 0.0766269
4927 0.0492424 0.160466
4930 0.0719553 0.144515
4933 0.0845231 0.123311
4936 0.0918888 0.108183
4939 0.0975367 0.207061
4942 0.102427 0.39773
4945 0.111717 0.308167
4948 0.116486 0.278306
4951 0.10707 0.335377
4954 0.0986995 0.368808
4957 0.090329 0.301259
4960 0.0865124 0.283067
4963 0.0760149 0.156218
4966 0.0633498 0.228604
4969 0.0644518 0.122333
4972 0.0668017 0.103884
4975 0.0748035 0.147715
4978 0.0782271 0.161011
4981 0.0745564 0.180438
4984 0.0771169 0.301654
4987 0.0819828 0.244202
4990 0.0853618 0.272196
4993 0.0884005 0.227698
4996 0.0919942 0.289072
4999 0.0974516 0.299987
5002 0.0899279 0.320523
5005 0.0869054 0.218155
5008 0.0854712 0.218653
5011 0.0724658 0.137369
5014 0.0556316 0.0759468
5017 0.0409853 0.0792124
5020 0.0271574 0.0763806
5023 0.0231667 0
5026 0.0163723 0.013558
5029 0.00980877 0.0332108
5032 0.011166 0.0506232
5035 0.012422 0.029152
5038 0.0138319 0.0284455
5041 0.0148853 0.0409574
5044 0.0176931 0.0348191
5047 0.0304554 0.0314223
5050 0.0488656 0.0298522
5053 0.0716798 0.0496328
5056 0.0916741 0.0596167
5059 0.117928 0.115061
5062 0.141848 0.134743
5065 0.168374 0.13774
5068 0.190025 0.145751
5071 0.208293 0.0830963
5074 0.223106 0.261595
5077 0.230796 0.229809
5080 0.223637 0.125031
5083 0.213686 0.180853
5086 0.199895 0.131745
5089 0.179714 0.161458
5092 0.158715 0.143207
5095 0.154882 0.208902
5098 0.14669 0.142524
5101 0.127518 0.205283
5104 0.109959 0.121556
5107 0.0908962 0.0551888
5110 0.0796208 0.0707985
5113 0.0694109 0.0570618
5116 0.0607204 0.0743361
5119 0.0462078 0.00966375
5122 0.0277409 0.000627005
5125 0.00824082 0.00555876
5128 0.000283607 0.000172755
5131 0.00167734 0.000149318
5134 0.0010615 0.000131666
5137 0.000174216 0.000254958
5140 0.000121546 0.000282984
5143 8.50822e-05 0.000337001
5146 7.69792e-05 0.000227782
5149 6.88761e-05 0.00015246
5152 5.67215e-05 0.000120077
5155 5.267e-05 0.000112698
5158 5.67215e-05 0.000131919
5161 0.000234989 0.00134286
5164 0.000121546 0.000256402
5167 8.50822e-05 0.000426257
5170 5.67215e-05 0.000242914
5173 5.267e-05 0.000126469
5176 5.267e-05 0.000118416
5179 6.48246e-05 9.55458e-05
5182 4.45669e-05 0.000178433
5185 0.000113443 0.000620435
5188 9.72369e-05 0.000689776
5191 4.45669e-05 9.48659e-05
5194 8.10307e-06 0.000169591
5197 1.21546e-05 0.000632857
5200 0 0.000312054
5203 0 9.35675e-05
5206 0 0.000124718
5209 0 0.000433437
5212 0 9.24074e-05
5215 0 4.76502e-05
5218 0.000206628 0.000768546
5221 0.000133701 0.000274842
5224 6.88761e-05 0.000448601
5227 6.88761e-05 0.000252798
5230 4.86184e-05 0.000248172
5233 5.267e-05 0.000187871
5236 4.05154e-05 0.00026492
5239 3.64638e-05 0.000225765
5242 3.64638e-05 0.000159923
5245 8.10307e-05 0.000759513
5248 5.67215e-05 0.000220851
5251 9.72369e-05 0.000216304
5254 3.64638e-05 0.000345153
5257 0.0122194 0.000242679
5260 0.0289887 0.0419926
5263 0.0402115 0.0564439
5266 0.0457499 0.11538
5269 0.0507657 0.184489
5272 0.053541 0.200815
5275 0.0570983 0.21038
5278 0.0598655 0.181483
5281 0.0620898 0.126704
5284 3.64638e-05 0.272947
5287 0.0673325 0.0675718
5290 0.0828499 0.167174
5293 0.105879 0.0987459
5296 0.125075 0.0803445
5299 0.138858 0.068021
5302 0.149327 0.0539813
5305 0.160959 0.0567004
5308 0.168532 0.0792959
5311 0.173049 0.0932241
5314 0.173645 0.0915195
5317 0.171218 0.100391
5320 0.167608 0.111227
5323 0.162685 0.109388
5326 0.158439 0.13373
5329 0.160651 0.0663692
5332 0.168276 0.12943
5335 0.173872 0.126367
5338 0.179199 0.180232
5341 0.182979 0.211223
5344 0.188364 0.133022
5347 0.192553 0.169039
5350 0.195021 0.131959
5353 0.208358 0.151115
5356 0.225679 0.157699
5359 0.240122 0.0666653
5362 0.249959 0.200048
5365 0.247954 0.199142
5368 0.245438 0.22499
5371 0.245653 0.159891
5374 0.247391 0.109896
5377 0.251398 0.127669
5380 0.254838 0.157737
5383 0.256231 0.139292
5386 0.26732 0.175013
5389 0.281517 0.105162
5392 0.291196 0.174218
5395 0.29733 0.162233
5398 0.29981 0.197004
5401 0.296706 0.179755
5404 0.29289 0.154567
5407 0.292638 0.167227
5410 0.296621 0.136432
5413 0.298335 0.214062
5416 0.302228 0.158211
5419 0.317774 0.116605
5422 0.332372 0.0785577
5425 0.342424 0.120053
5428 0.347865 0.115827
5431 0.356896 0.113094
5434 0.362766 0.110425
5437 0.372077 0.128952
5440 0.385893 0.0979081
5443 0.396418 0.127041
5446 0.402808 0.14864
5449 0.411263 0.1211
5452 0.414525 0.157861
5455 0.412612 0.132672
5458 0.410955 0.101575
5461 0.407832 0.135135
5464 0.404797 0.0914313
5467 0.401345 0.0930573
5470 0.403857 0.091599
5473 0.401086 0.0846643
5476 0.4003 0.0796877
5479 0.409104 0.085632
5482 0.423718 0.0857023
5485 0.438242 0.0760544
5488 0.452265 0.067986
5491 0.467057 0.0525702
5494 0.478948 0.0346627
5497 0.492403 0.046133
5500 0.50045 0.0312075
5503 0.514314 0.0249392
5506 0.522697 0.0301548
5509 0.532817 0.00197954
5512 0.538218 0.00200906
5515 0.539259 0.0149554
5518 0.540831 0.00931525
5521 0.552609 0.0114135
5524 0.560878 0.0427507
5527 0.570497 0.0463176
5530 0.594206 0.0389054
5533 0.609809 0.0453869
5536 0.621392 0.0770605
5539 0.632441 0.0867518
5542 0.639446 0.0836939
5545 0.65282 0.091653
5548 0.657115 0.0663428
5551 0.661717 0.0602146
5554 0.669156 0.0656293
5557 0.675857 0.0693492
5560 0.682177 0.0830809
5563 0.687456 0.0791919
5566 0.691135 0.0787562
5569 0.69184 0.0664053
5572 0.690471 0.0666201
5575 0.690114 0.0780056
5578 0.690151 0.0708517
5581 0.691625 0.076752
5584 0.690686 0.0691453
5587 0.692233 0.0669685
5590 0.695418 0.0656151
5593 0.695572 0.059493
5596 0.703314 0.0612351
5599 0.701045 0.0516376
5602 0.699388 0.0538332
5605 0.699684 0.0429078
5608 0.700527 0.0383245
5611 0.69987 0.0362074
5614 0.699684 0.0308442
5617 0.69983 0.0285404
5620 0.710019 0.031034
5623 0.709351 0.0358638
5626 0.70957 0.0322561
5629 0.70675 0.026015
5632 0.703436 0.0232319
5635 0.70156 0.0179597
5638 0.707512 0.0191177
5641 0.714529 0.0142639
5644 0.74509 0.0182854
5647 0.787837 0.0203936
5650 0.790122 0.0168795
5653 0.787675 0.0188415
5656 0.786249 0.0125103
5659 0.78304 0.0102858
5662 0.784479 0.0141206
5665 0.784215 0.00983224
5668 0.784304 0.0104999
5671 0.78445 0.0118562
5674 0.785682 0.0108622
5677 0.785192 0.00774536
5680 0.786192 0.010034
5683 0.785868 0.0091466
5686 0.784179 0.00699736
5689 0.784122 0.00733987
5692 0.784434 0.00599653
5695 0.78507 0.00804743
5698 0.785852 0.00643513
5701 0.783932 0.006426
5704 0.78208 0.00579949
5707 0.782108 0.00462313
5710 0.779665 0.00488351
5713 0.774905 0.00300014
5716 0.774354 0.00308079
5719 0.773823 0.00114547
5722 0.770557 0.00191653
5725 0.770197 0.0011051
5728 0.770533 0.000646605
5731 0.770327 0.000891051
5734 0.769925 0.00175653
5737 0.769913 0.00193911
