frame_number static_density dynamic_density
1 0.0700997 0.0987319
4 0.068872 0.0733814
7 0.0775018 0.0259541
10 0.0860465 0.0428409
13 0.0905154 0.0510656
16 0.0944048 0.0572725
19 0.097091 0.0626084
22 0.0997893 0.0614172
25 0.102824 0.0516976
28 0.107649 0.0665343
31 0.110684 0.0725752
34 0.112333 0.0904303
37 0.113642 0.0883316
40 0.11493 0.0866867
43 0.116303 0.0820963
46 0.117381 0.0798477
49 0.118208 0.0716757
52 0.120926 0.0681225
55 0.12766 0.019184
58 0.132603 0.0263917
61 0.135078 0.0308849
64 0.130646 0.0167247
67 0.126692 0.0267685
70 0.121364 0.0208249
73 0.123385 0.0194555
76 0.125885 0.027121
79 0.129686 0.0405842
82 0.136869 0.0460619
85 0.148805 0.0589904
88 0.160611 0.0630865
91 0.173543 0.0712625
94 0.179511 0.0860465
97 0.185532 0.0849607
100 0.185718 0.0821935
103 0.184381 0.0802407
106 0.179102 0.0859088
109 0.180439 0.0781825
112 0.186646 0.0917754
115 0.192586 0.10863
118 0.196759 0.118106
121 0.197354 0.124803
124 0.198335 0.12563
127 0.199575 0.124581
130 0.202759 0.12661
133 0.20583 0.128004
136 0.210554 0.143226
139 0.214772 0.138664
142 0.216384 0.143509
145 0.218276 0.142031
148 0.216632 0.126878
151 0.215347 0.124479
154 0.212762 0.10075
157 0.208865 0.131249
160 0.206316 0.1217
163 0.204331 0.125666
166 0.202224 0.123422
169 0.201155 0.118584
172 0.199319 0.139312
175 0.198367 0.104007
178 0.197488 0.118236
181 0.197982 0.0897496
184 0.197561 0.0889191
187 0.196147 0.0805364
190 0.196439 0.0789118
193 0.195782 0.0358237
196 0.196346 0.0578195
199 0.196167 0.0379953
202 0.196094 0.0210923
205 0.196803 0.0286484
208 0.196467 0.0159671
211 0.196637 0.0397496
214 0.196297 0.0304919
217 0.195705 0.022012
220 0.197824 0.0899522
223 0.197306 0.0299003
226 0.197022 0.0286241
229 0.196799 0.0293331
232 0.197156 0.0275099
235 0.198242 0.0254639
238 0.19729 0.0170448
241 0.195713 0.0226805
244 0.196957 0.0093712
247 0.195187 0.0208168
250 0.194834 0.0180901
253 0.194194 0.0133417
256 0.194312 0.0103557
259 0.194502 0.0098979
262 0.194328 0.0287335
265 0.194595 0.0343975
268 0.194336 0.0178308
271 0.192991 0.072802
274 0.192768 0.0188721
277 0.19673 0.0243943
280 0.201426 0.013597
283 0.207244 0.0160198
286 0.213273 0.0308079
289 0.212548 0.0332347
292 0.210299 0.0279759
295 0.207657 0.0237906
298 0.203095 0.0384248
301 0.199955 0.0132931
304 0.197922 0.030581
307 0.197261 0.0234705
310 0.197508 0.0361762
313 0.196512 0.0182319
316 0.197059 0.033729
319 0.195146 0.0393161
322 0.195543 0.0688558
325 0.195973 0.0472936
328 0.196188 0.0649623
331 0.196216 0.05472
334 0.196321 0.0372579
337 0.196115 0.0200551
340 0.196803 0.0119601
343 0.199259 0.0205696
346 0.201564 0.0189855
349 0.202492 0.020444
352 0.201272 0.0240297
355 0.200932 0.0212787
358 0.20098 0.0194595
361 0.200912 0.0176525
364 0.20064 0.0177336
367 0.199935 0.0171056
370 0.198197 0.0303744
373 0.19767 0.0171947
376 0.197107 0.0166356
379 0.196479 0.0175594
382 0.197492 0.0204481
385 0.201037 0.0186249
388 0.203428 0.0263917
391 0.2072 0.0376023
394 0.208942 0.0403776
397 0.212268 0.0355077
400 0.21303 0.035613
403 0.214934 0.0368285
406 0.221554 0.0456689
409 0.231553 0.0604246
412 0.241832 0.0804108
415 0.254023 0.0897091
418 0.264902 0.116441
421 0.271668 0.145402
424 0.284021 0.166623
427 0.296775 0.184896
430 0.306608 0.1984
433 0.316769 0.211223
436 0.327145 0.22315
439 0.331784 0.223446
442 0.334053 0.240515
445 0.338409 0.263913
448 0.344855 0.266733
451 0.351613 0.270189
454 0.356527 0.280034
457 0.361652 0.275962
460 0.364302 0.284381
463 0.367337 0.288145
466 0.367434 0.275958
469 0.367016 0.275415
472 0.37042 0.302816
475 0.370152 0.277968
478 0.368499 0.278847
481 0.369168 0.262228
484 0.369788 0.256685
487 0.371007 0.236018
490 0.370914 0.249753
493 0.370987 0.261498
496 0.371951 0.170428
499 0.373807 0.0537598
502 0.382384 0.0151649
505 0.392865 0.0334333
508 0.405863 0.0501499
511 0.414987 0.0648043
514 0.420975 0.0657726
517 0.428567 0.0636861
520 0.443748 0.0839843
523 0.452078 0.0654201
526 0.461134 0.0706061
529 0.466449 0.0724658
532 0.469869 0.0762661
535 0.47217 0.0760109
538 0.474856 0.0795519
541 0.477761 0.0830686
544 0.479033 0.0907868
547 0.478405 0.129844
550 0.475808 0.103411
553 0.474577 0.0996435
556 0.473426 0.0903614
559 0.47121 0.104538
562 0.46965 0.127287
565 0.466182 0.189592
568 0.464667 0.242991
571 0.466842 0.0499392
574 0.46916 0.0135159
577 0.473693 0.0309011
580 0.479382 0.0411312
583 0.484839 0.0363787
586 0.4896 0.0549267
589 0.494798 0.0574022
592 0.500454 0.0666356
595 0.517774 0.0663439
598 0.532663 0.0535005
601 0.544166 0.00402317
604 0.55188 0.0789887
607 0.564816 0.0778097
610 0.57802 0.0768657
613 0.58554 0.0961835
616 0.591715 0.0935905
619 0.595179 0.107657
622 0.608196 0.145491
625 0.610299 0.121708
628 0.610676 0.121449
631 0.615149 0.12187
634 0.617503 0.125411
637 0.618183 0.124301
640 0.618208 0.113212
643 0.618037 0.0791386
646 0.618232 0.12377
649 0.619229 0.0693056
652 0.621056 0.0773398
655 0.622121 0.0800138
658 0.623276 0.0833847
661 0.623418 0.0920914
664 0.625026 0.092456
667 0.625537 0.0828863
670 0.624516 0.125338
673 0.625812 0.111721
676 0.626238 0.113058
679 0.627247 0.112677
682 0.629487 0.100867
685 0.629961 0.106746
688 0.629661 0.104578
691 0.629738 0.10929
694 0.630233 0.100932
697 0.633454 0.00919293
700 0.633474 0.148027
703 0.634033 0.102346
706 0.6349 0.0932096
709 0.635852 0.095045
712 0.63821 0.0845758
715 0.638421 0.0196297
718 0.63981 0.0739365
721 0.642711 0.214225
724 0.643327 0.0756665
727 0.643797 0.125748
730 0.64372 0.105328
733 0.644547 0.0578316
736 0.645292 0.0525322
739 0.646528 0.0136253
742 0.647249 0.0233652
745 0.650802 0.183251
748 0.653869 0.0103355
751 0.653561 0.0401831
754 0.654278 0.0532574
757 0.654278 0.089462
760 0.654923 0.0883599
763 0.656004 0.0346892
766 0.65664 0.0272547
769 0.656632 0.0189814
772 0.663119 0.134191
775 0.662904 0.0971923
778 0.662973 0.0674986
781 0.662037 0.0228304
784 0.661701 0.0108176
787 0.662649 0.0245928
790 0.661709 0.0114091
793 0.6616 0.013285
796 0.657362 0.0373268
799 0.656596 0.0249088
802 0.654185 0.0329754
805 0.652674 0.040329
808 0.652042 0.0434811
811 0.653675 0.0607406
814 0.661146 0.0561543
817 0.669302 0.0806985
820 0.696678 0.0603031
823 0.713082 0.0193137
826 0.739033 0.0362369
829 0.750908 0.0510129
832 0.757973 0.0188275
835 0.76098 0.0131553
838 0.761794 0.0440929
841 0.763317 0.0256867
844 0.76371 0.0348229
847 0.777494 0.141139
850 0.777202 0.0200632
853 0.77721 0.0293615
856 0.775444 0.0287497
859 0.774994 0.0238433
862 0.775306 0.0328742
865 0.774386 0.0596994
868 0.772859 0.039701
871 0.777636 0.101734
874 0.778515 0.0545013
877 0.778231 0.0482538
880 0.780083 0.0432866
883 0.779791 0.0547443
886 0.779511 0.0159104
889 0.779333 0.0208249
892 0.77657 0.0206304
895 0.779738 0.0386192
898 0.773102 0.0456527
901 0.772429 0.0171015
904 0.772587 0.0340775
907 0.766247 0.193562
910 0.76685 0.0182198
913 0.768102 0.011166
916 0.77029 0.0147638
919 0.770464 0.0129163
922 0.771003 0.0176039
925 0.770946 0.0187302
928 0.771578 0.0301758
931 0.771899 0.148882
934 0.772117 0.0399198
937 0.771797 0.0109675
940 0.771084 0.0175431
943 0.769715 0.0250952
946 0.767102 0.0186371
949 0.767535 0.0297464
952 0.766713 0.0316141
955 0.779236 0.0864517
958 0.778592 0.0307431
961 0.776132 0.0510291
964 0.773252 0.0550077
967 0.773483 0.0499959
970 0.772482 0.011085
973 0.770857 0.013447
976 0.770112 0.0188964
979 0.768349 0.0143992
982 0.758832 0.0423142
985 0.756045 0.0231221
988 0.755713 0.0224374
991 0.761425 0.0292967
994 0.762989 0.0247387
997 0.761806 0.00701321
1000 0.762398 0.00877157
1003 0.761948 0.0195568
1006 0.759387 0.088287
1009 0.759805 0.0413216
1012 0.752986 0.0373389
1015 0.752411 0.0304311
1018 0.753926 0.0329228
1021 0.753189 0.0314359
1024 0.752646 0.0352159
1027 0.752536 0.031286
1030 0.752504 0.0252289
1033 0.752354 0.0379467
1036 0.758233 0.0857305
1039 0.757366 0.0523256
1042 0.756247 0.0430597
1045 0.756713 0.0313629
1048 0.757139 0.0377806
1051 0.758156 0.034357
1054 0.758208 0.0417389
1057 0.757921 0.033016
1060 0.758545 0.0291022
1063 0.752455 0.128932
1066 0.752265 0.0249413
1069 0.751017 0.0307917
1072 0.752208 0.0262175
1075 0.751082 0.0310388
1078 0.751924 0.0238595
1081 0.752212 0.023896
1084 0.753448 0.0309294
1087 0.75737 0.0732882
1090 0.756709 0.0248157
1093 0.757856 0.0302528
1096 0.758257 0.027125
1099 0.757957 0.0238433
1102 0.756438 0.0299206
1105 0.756138 0.0247994
1108 0.755279 0.0285269
1111 0.757674 0.0835224
1114 0.755409 0.0372377
1117 0.756373 0.0323434
1120 0.754615 0.0349364
1123 0.755555 0.0333158
1126 0.755466 0.0274492
1129 0.756069 0.027911
1132 0.759675 0.0328093
1135 0.757102 0.0436715
1138 0.763617 0.0445142
1141 0.76525 0.0367029
1144 0.762552 0.0286889
1147 0.76151 0.0253099
1150 0.760352 0.03223
1153 0.758095 0.0327161
1156 0.75615 0.0329795
1159 0.757033 0.03742
1162 0.756252 0.0660238
1165 0.754744 0.0380358
1168 0.754412 0.0347136
1171 0.755737 0.0289725
1174 0.754663 0.0399562
1177 0.754116 0.0362126
1180 0.756 0.0353132
1183 0.758816 0.0327567
1186 0.766226 0.0766429
1189 0.766555 0.0298234
1192 0.765615 0.0320233
1195 0.766733 0.016591
1198 0.76922 0.0268657
1201 0.76935 0.0118021
1204 0.77025 0.0528604
1207 0.768439 0.010611
1210 0.767183 0.0112268
1213 0.770776 0.135333
1216 0.770067 0.0206385
1219 0.768236 0.128608
1222 0.768264 0.075784
1225 0.767649 0.0340653
1228 0.765995 0.02123
1231 0.766846 0.0243983
1234 0.766644 0.0307674
1237 0.756904 0.0461591
1240 0.754226 0.0222834
1243 0.759339 0.0272628
1246 0.761976 0.0312171
1249 0.761397 0.0255166
1252 0.75786 0.0272304
1255 0.754971 0.0318127
1258 0.754193 0.0314075
1261 0.755077 0.111782
1264 0.753262 0.0236123
1267 0.753582 0.0226724
1270 0.753768 0.0187505
1273 0.751815 0.0192448
1276 0.752796 0.0349972
1279 0.75265 0.0283162
1282 0.75286 0.0328093
1285 0.751155 0.0237298
1288 0.750851 0.0451057
1291 0.74902 0.0356049
1294 0.75079 0.0260595
1297 0.752131 0.0420752
1300 0.750879 0.0301353
1303 0.752447 0.029479
1306 0.752431 0.027125
1309 0.748639 0.0155701
1312 0.742561 0.0240216
1315 0.738198 0.0278746
1318 0.734154 0.0251641
1321 0.73272 0.0331659
1324 0.728336 0.0458512
1327 0.727895 0.0210072
1330 0.726744 0.025395
1333 0.723831 0.0205777
1336 0.72896 0.125764
1339 0.726108 0.0874402
1342 0.726683 0.0474718
1345 0.727611 0.0519893
1348 0.727992 0.0466656
1351 0.727437 0.0350134
1354 0.728551 0.0435702
1357 0.730686 0.0402723
1360 0.731343 0.0423142
1363 0.727789 0.069496
1366 0.727636 0.0429422
1369 0.731375 0.0436918
1372 0.733713 0.0438376
1375 0.731788 0.0374727
1378 0.730844 0.0236529
1381 0.731622 0.0353456
1384 0.731468 0.0332428
1387 0.730208 0.0394093
1390 0.731326 0.0256584
1393 0.732445 0.02484
1396 0.733737 0.00721173
1399 0.734458 0.0261527
1402 0.735755 0.00239851
1405 0.736841 0.0207074
1408 0.73917 0.0226157
1411 0.755336 0.036873
1414 0.754748 0.0345434
1417 0.754801 0.0586136
1420 0.756037 0.0696094
1423 0.756649 0.112203
1426 0.755109 0.0913743
1429 0.755222 0.0515193
1432 0.754805 0.0782919
1435 0.756657 0.121947
1438 0.761016 0.198047
1441 0.760242 0.193562
1444 0.761713 0.246439
1447 0.764014 0.30991
1450 0.766944 0.0853051
1453 0.767268 0.297253
1456 0.771712 0.331687
1459 0.778101 0.350563
1462 0.792841 0.359602
1465 0.79359 0.302467
1468 0.796471 0.321104
1471 0.798776 0.31053
1474 0.803395 0.105328
1477 0.804801 0.18757
1480 0.808042 0.119164
1483 0.809493 0.0349485
1486 0.823653 0.0358034
1489 0.828264 0.285524
1492 0.830123 0.368827
1495 0.829491 0.416696
1498 0.831254 0.247893
1501 0.834957 0.252212
1504 0.837124 0.189847
1507 0.839624 0.410319
1510 0.843834 0.587521
1513 0.849072 0.491727
1516 0.844899 0.623199
1519 0.846317 0.261591
1522 0.836067 0.177518
1525 0.829605 0.532141
1528 0.827798 0.502593
1531 0.822924 0.340151
1534 0.816939 0.531505
1537 0.807333 0.607609
1540 0.803334 0.532262
1543 0.798744 0.112309
1546 0.79432 0.600762
1549 0.79229 0.603549
1552 0.766733 0.621542
1555 0.761113 0.514614
1558 0.759857 0.650251
1561 0.752123 0.63112
1564 0.756734 0.631326
1567 0.754991 0.642638
1570 0.755486 0.607888
1573 0.753318 0.642091
1576 0.755166 0.614018
1579 0.767369 0.602188
1582 0.772936 0.647476
1585 0.770987 0.598566
1588 0.769743 0.4758
1591 0.759408 0.349153
1594 0.756171 0.601163
1597 0.756065 0.657082
1600 0.75034 0.683016
1603 0.750434 0.679289
1606 0.74654 0.692047
1609 0.752431 0.692954
1612 0.752763 0.641573
1615 0.73772 0.650583
1618 0.722518 0.630087
1621 0.707499 0.642387
1624 0.703338 0.621777
1627 0.706004 0.640633
1630 0.715858 0.64342
1633 0.725107 0.658845
1636 0.716162 0.659242
1639 0.723855 0.643518
1642 0.724062 0.634511
1645 0.721647 0.640706
1648 0.709383 0.614172
1651 0.706146 0.57221
1654 0.710084 0.591228
1657 0.716397 0.565108
1660 0.723945 0.560283
1663 0.730378 0.572093
1666 0.735058 0.597747
1669 0.74654 0.549214
1672 0.754967 0.448327
1675 0.748821 0.597456
1678 0.740216 0.545
1681 0.724483 0.410323
1684 0.715153 0.463565
1687 0.703768 0.592553
1690 0.707463 0.453128
1693 0.714898 0.121234
1696 0.715218 0.597962
1699 0.716384 0.614051
1702 0.72371 0.615704
1705 0.723633 0.605883
1708 0.71072 0.611976
1711 0.69419 0.580686
1714 0.683304 0.589324
1717 0.676339 0.583458
1720 0.662689 0.584689
1723 0.655474 0.566514
1726 0.650466 0.534321
1729 0.646066 0.536484
1732 0.582574 0.545369
1735 0.545612 0.555182
1738 0.512361 0.402427
1741 0.486152 0.552123
1744 0.461134 0.511721
1747 0.445515 0.545454
1750 0.403561 0.545462
1753 0.383344 0.436014
1756 0.37676 0.531294
1759 0.368872 0.521181
1762 0.369188 0.467794
1765 0.366328 0.512345
1768 0.377036 0.509614
1771 0.375063 0.488481
1774 0.381278 0.367709
1777 0.38238 0.507678
1780 0.373742 0.481898
1783 0.370671 0.417754
1786 0.362933 0.140507
1789 0.348136 0.419229
1792 0.333684 0.412377
1795 0.319622 0.386063
1798 0.32016 0.383364
1801 0.323138 0.381091
1804 0.322271 0.411073
1807 0.320529 0.401467
1810 0.31632 0.434507
1813 0.307795 0.413783
1816 0.298635 0.387736
1819 0.292606 0.397853
1822 0.288319 0.419338
1825 0.279422 0.428247
1828 0.27025 0.42497
1831 0.262961 0.446366
1834 0.25673 0.424455
1837 0.249643 0.426663
1840 0.236731 0.417871
1843 0.22371 0.409485
1846 0.210291 0.366992
1849 0.194162 0.324569
1852 0.1733 0.324082
1855 0.161822 0.282797
1858 0.159327 0.240908
1861 0.151754 0.223223
1864 0.141917 0.220436
1867 0.143902 0.20536
1870 0.160117 0.218965
1873 0.170801 0.246495
1876 0.185386 0.263321
1879 0.207824 0.287635
1882 0.219439 0.290649
1885 0.231784 0.30848
1888 0.24731 0.310408
1891 0.272028 0.360072
1894 0.292719 0.394287
1897 0.290074 0.408111
1900 0.298704 0.449789
1903 0.328936 0.34641
1906 0.371117 0.530253
1909 0.3824 0.526927
1912 0.374662 0.486079
1915 0.373527 0.461073
1918 0.358431 0.388417
1921 0.35767 0.448902
1924 0.352844 0.436833
1927 0.335467 0.410226
1930 0.317794 0.381193
1933 0.287542 0.355466
1936 0.272125 0.347213
1939 0.260206 0.307832
1942 0.253189 0.29889
1945 0.243258 0.295604
1948 0.221587 0.304088
1951 0.188672 0.248387
1954 0.159574 0.17909
1957 0.127336 0.170063
1960 0.111 0.120294
1963 0.089462 0.0888016
1966 0.0671947 0.0509359
1969 0.0443603 0.0305486
1972 0.0193825 0.0167896
1975 0.00716717 0.013682
1978 0.00716717 0.0108784
1981 0.00737379 0.0167328
1984 0.00707398 0.0137185
1987 0.00685115 0.0117292
1990 0.00696054 0.00930638
1993 0.00641763 0.00985739
1996 0.00654728 0.011243
1999 0.00768576 0.0113565
2002 0.0289928 0.0301353
2005 0.0687667 0.0371323
2008 0.10726 0.0639373
2011 0.148023 0.107674
2014 0.187825 0.142719
2017 0.222575 0.174933
2020 0.244891 0.172604
2023 0.25865 0.24342
2026 0.289968 0.274532
2029 0.318317 0.270971
2032 0.310895 0.335333
2035 0.294834 0.333146
2038 0.282048 0.335852
2041 0.279556 0.273552
2044 0.248339 0.21743
2047 0.229524 0.276404
2050 0.222766 0.275808
2053 0.199781 0.238222
2056 0.169034 0.17988
2059 0.138303 0.139462
2062 0.105494 0.20222
2065 0.0804513 0.145709
2068 0.0698404 0.112965
2071 0.0625881 0.098351
2074 0.0504902 0.0517219
2077 0.0328539 0.0133984
2080 0.0174864 0.0147071
2083 0.0124787 0.0183535
2086 0.0122924 0.0238473
2089 0.0110445 0.0184953
2092 0.00999109 0.0172474
2095 0.00958999 0.00994247
2098 0.0144235 0.014934
2101 0.0270805 0.0206183
2104 0.0460295 0.0436269
2107 0.0691921 0.0708208
2110 0.0969208 0.0878373
2113 0.128847 0.118224
2116 0.161677 0.146208
2119 0.194202 0.182392
2122 0.227218 0.218216
2125 0.265696 0.232177
2128 0.301722 0.261016
2131 0.325987 0.293181
2134 0.340528 0.300782
2137 0.34154 0.307123
2140 0.338931 0.289097
2143 0.338121 0.290576
2146 0.332745 0.300985
2149 0.32294 0.294048
2152 0.299384 0.284718
2155 0.293542 0.273199
2158 0.292813 0.275415
2161 0.287355 0.283551
2164 0.282975 0.274917
2167 0.274103 0.245657
2170 0.260234 0.0267401
2173 0.243364 0.214942
2176 0.212163 0.274836
2179 0.178114 0.237971
2182 0.142347 0.196451
2185 0.118358 0.145462
2188 0.094575 0.131063
2191 0.0735354 0.124317
2194 0.0541528 0.0566607
2197 0.0365124 0.0546633
2200 0.0219877 0.0386354
2203 0.0165586 0.0530143
2206 0.0124747 0.0276963
2209 0.00872296 0.0204278
2212 0.00348432 0.0161211
2215 0.0014545 0.00901872
2218 0.0018394 0.0137226
2221 0.00116279 0.00512924
2224 0.00156794 0.00999514
2227 0.00134511 0.0112714
2230 0.00200956 0.0123896
2233 0.00192853 0.0101896
2236 0.00166923 0.0125719
2239 0.00173811 0.00839073
2242 0.00188802 0.0110364
2245 0.00179888 0.0153999
2248 0.00195689 0.0167247
2251 0.00290495 0.0125071
2254 0.00358966 0.0153513
2257 0.00292521 0.0138238
2260 0.00426222 0.0160441
2263 0.00583421 0.0253869
2266 0.00962645 0.0263471
2269 0.0292561 0.0483672
2272 0.046459 0.0758326
2275 0.0603517 0.117134
2278 0.0683454 0.109169
2281 0.0752289 0.140673
2284 0.0799084 0.147213
2287 0.0850822 0.157884
2290 0.087975 0.168058
2293 0.0891783 0.184487
2296 0.0895916 0.200259
2299 0.0959404 0.183243
2302 0.102261 0.209396
2305 0.104769 0.219006
2308 0.102281 0.209112
2311 0.0915931 0.205737
2314 0.0782473 0.133194
2317 0.0688761 0.177976
2320 0.0568957 0.169314
2323 0.053148 0.162612
2326 0.0486306 0.109177
2329 0.0462685 0.140053
2332 0.041119 0.117397
2335 0.0319828 0.094891
2338 0.0276112 0.0696621
2341 0.0245158 0.0681428
2344 0.0204927 0.104825
2347 0.015882 0.0765416
2350 0.0132809 0.0635443
2353 0.0136496 0.0555263
2356 0.0114051 0.0487683
2359 0.0100964 0.0373795
2362 0.0104611 0.0393809
2365 0.0130905 0.0385585
2368 0.0136861 0.0416093
2371 0.0137307 0.0587918
2374 0.0159468 0.0454906
2377 0.0140305 0.067454
2380 0.0129082 0.0739932
2383 0.0138157 0.0539057
2386 0.0376671 0.0828904
2389 0.0567823 0.0895754
2392 0.0633377 0.107661
2395 0.0675229 0.120979
2398 0.0687667 0.132623
2401 0.0686614 0.133543
2404 0.0708533 0.156981
2407 0.0757799 0.135617
2410 0.0781622 0.142549
2413 0.07217 0.130557
2416 0.0599465 0.0883073
2419 0.0519245 0.137623
2422 0.0362896 0.0893931
2425 0.0215137 0.0508184
2428 0.0102747 0.0161292
2431 0.00369095 0.00741836
2434 0.0189895 0.0211288
2437 0.0310267 0.0370148
2440 0.0361356 0.0571469
2443 0.0409691 0.0772506
2446 0.0449518 0.0799652
2449 0.0488453 0.101584
2452 0.0505713 0.126732
2455 0.0511709 0.103168
2458 0.0504943 0.0806458
2461 0.0584393 0.0816749
2464 0.0472287 0.0757759
2467 0.03396 0.0717567
2470 0.0225711 0.0649299
2473 0.0160157 0.0388583
2476 0.0112552 0.0298071
2479 0.00760068 0.0311361
2482 0.00911595 0.024921
2485 0.0104813 0.0274613
2488 0.0120736 0.0340775
2491 0.013366 0.0348878
2494 0.0145207 0.0340126
2497 0.0151446 0.0463617
2500 0.0164897 0.0465197
2503 0.016899 0.0370148
2506 0.0182967 0.051649
2509 0.0254923 0.0695649
2512 0.0417835 0.0771817
2515 0.0541204 0.112953
2518 0.0548173 0.128126
2521 0.0587635 0.131679
2524 0.0633052 0.120521
2527 0.0673082 0.11931
2530 0.0716636 0.131902
2533 0.0744065 0.173252
2536 0.0784337 0.182108
2539 0.0815574 0.195726
2542 0.0826918 0.198246
2545 0.0857021 0.219277
2548 0.0851228 0.222032
2551 0.0743173 0.22486
2554 0.068629 0.201775
2557 0.051572 0.147046
2560 0.0357062 0.106555
2563 0.0219877 0.0573738
2566 0.00939146 0.0333847
2569 0.00155984 0.0153432
2572 0.000534803 0.00209464
2575 0.000530751 0.0195284
2578 0.000538854 0.0357508
2581 0.000542906 0.0485293
2584 0.000514545 0.0364962
2587 0.000704967 0.109181
2590 0.000603679 0.0641439
2593 0.000615833 0.0602382
2596 0.0006604 0.0351916
2599 0.00055506 0.0421076
2602 0.0005267 0.0246617
2605 0.000530751 0.057309
2608 0.000591524 0.0230087
2611 0.000822462 0.11506
2614 0.000704967 0.00916862
2617 0.000709019 0.036241
2620 0.000656349 0.0478041
2623 0.000688761 0.0411717
2626 0.0123329 0.0112025
2629 0.0250182 0.0288631
2632 0.032388 0.0516328
2635 0.0375496 0.0615145
2638 0.0495017 0.0749088
2641 0.0710275 0.102698
2644 0.0958472 0.140811
2647 0.120813 0.196119
2650 0.138542 0.264768
2653 0.150985 0.278592
2656 0.1582 0.282988
2659 0.16984 0.312803
2662 0.17802 0.350604
2665 0.169508 0.351758
2668 0.161766 0.305599
2671 0.154744 0.282218
2674 0.159391 0.340929
2677 0.16239 0.320553
2680 0.154732 0.298286
2683 0.138842 0.22896
2686 0.13142 0.265931
2689 0.119447 0.253456
2692 0.11102 0.218479
2695 0.0971842 0.18351
2698 0.0780893 0.151523
2701 0.0647922 0.116802
2704 0.0500122 0.0825622
2707 0.0420428 0.0647719
2710 0.0425006 0.0656146
2713 0.0432096 0.0754072
2716 0.0452516 0.0680536
2719 0.045989 0.0645531
2722 0.0446844 0.0675796
2725 0.045993 0.0678146
2728 0.0522202 0.0758326
2731 0.0655214 0.0699498
2734 0.0751681 0.0688883
2737 0.0808443 0.0549834
2740 0.0845434 0.0699376
2743 0.0862856 0.0637185
2746 0.0884207 0.0649097
2749 0.0944048 0.0853294
2752 0.0962847 0.0822259
2755 0.0986711 0.0895308
2758 0.100587 0.104295
2761 0.102281 0.0961835
2764 0.104242 0.0930759
2767 0.106624 0.106563
2770 0.107694 0.114035
2773 0.109703 0.140552
2776 0.10991 0.137076
2779 0.111697 0.141293
2782 0.115327 0.146005
2785 0.116907 0.151155
2788 0.117029 0.157682
2791 0.118977 0.15444
2794 0.119322 0.14793
2797 0.119212 0.149481
2800 0.120189 0.135151
2803 0.120476 0.142638
2806 0.121789 0.129775
2809 0.12247 0.0963577
2812 0.121558 0.113099
2815 0.123017 0.0408192
2818 0.123211 0.0427802
2821 0.124086 0.0374402
2824 0.124159 0.0303946
2827 0.123831 0.0349891
2830 0.123361 0.0282716
2833 0.123973 0.0241309
2836 0.124641 0.0710437
2839 0.12484 0.0356657
2842 0.124974 0.0214853
2845 0.123957 0.0325865
2848 0.12439 0.0294304
2851 0.130998 0.0355927
2854 0.136448 0.0323394
2857 0.132578 0.0437971
2860 0.128503 0.0353415
2863 0.123795 0.0282149
2866 0.125488 0.0309537
2869 0.126858 0.0399725
2872 0.12815 0.0315898
2875 0.127425 0.0343894
2878 0.126704 0.0394214
2881 0.13016 0.0417511
2884 0.133838 0.050547
2887 0.135236 0.0482295
2890 0.13759 0.0423993
2893 0.137189 0.0534843
2896 0.135601 0.0482497
2899 0.13663 0.0467102
2902 0.13729 0.0548618
2905 0.136346 0.0470302
2908 0.137995 0.0474597
2911 0.137979 0.0673446
2914 0.138364 0.0524876
2917 0.138182 0.0538652
2920 0.136982 0.0658861
2923 0.138234 0.0592699
2926 0.137643 0.0598939
2929 0.137963 0.058257
2932 0.141674 0.0572928
2935 0.143445 0.0614334
2938 0.143558 0.0692651
2941 0.148866 0.0626813
2944 0.158399 0.0319058
2947 0.171882 0.0445223
2950 0.185435 0.059116
2953 0.198594 0.0764363
2956 0.211709 0.102783
2959 0.227328 0.104594
2962 0.246901 0.115862
2965 0.261993 0.122437
2968 0.277846 0.132246
2971 0.295892 0.143185
2974 0.314857 0.164541
2977 0.329917 0.176898
2980 0.340491 0.179572
2983 0.355883 0.191589
2986 0.378219 0.211774
2989 0.385528 0.23268
2992 0.403359 0.238007
2995 0.420711 0.239774
2998 0.441403 0.264569
3001 0.466737 0.282376
3004 0.490544 0.288153
3007 0.512467 0.293457
3010 0.531027 0.309092
3013 0.561717 0.226064
3016 0.590758 0.325521
3019 0.613091 0.284612
3022 0.626489 0.227445
3025 0.639956 0.185305
3028 0.647273 0.1418
3031 0.663755 0.145584
3034 0.673118 0.143307
3037 0.694441 0.180938
3040 0.680642 0.156033
3043 0.656547 0.159205
3046 0.651657 0.1396
3049 0.648979 0.158387
3052 0.644802 0.156588
3055 0.641561 0.148323
3058 0.643817 0.0622437
3061 0.649984 0.0975974
3064 0.654173 0.0921076
3067 0.657228 0.106924
3070 0.662102 0.0769103
3073 0.661928 0.125213
3076 0.658614 0.077356
3079 0.657204 0.110088
3082 0.663787 0.0633498
3085 0.66999 0.0853577
3088 0.685269 0.115611
3091 0.681809 0.0976947
3094 0.677769 0.12106
3097 0.673321 0.134341
3100 0.669755 0.134847
3103 0.668605 0.136221
3106 0.665931 0.12881
3109 0.66397 0.0974111
3112 0.660396 0.152115
3115 0.659278 0.105312
3118 0.655117 0.110514
3121 0.655692 0.0960984
3124 0.656138 0.0983632
3127 0.660441 0.106705
3130 0.664865 0.0877725
3133 0.664662 0.059043
3136 0.671096 0.0821003
3139 0.67016 0.0673527
3142 0.67031 0.0870108
3145 0.666907 0.0759055
3148 0.664825 0.0643343
3151 0.663508 0.0693096
3154 0.662928 0.0712544
3157 0.663034 0.0801151
3160 0.662333 0.0757475
3163 0.661486 0.0916133
3166 0.660858 0.0439186
3169 0.658054 0.0695892
3172 0.658261 0.0347703
3175 0.656896 0.0195487
3178 0.657957 0.053148
3181 0.661247 0.0862653
3184 0.662997 0.0533992
3187 0.669472 0.0662548
3190 0.666393 0.0561907
3193 0.666303 0.0626813
3196 0.665813 0.0510291
3199 0.664176 0.0838668
3202 0.663528 0.0778867
3205 0.663338 0.0530832
3208 0.661624 0.0727615
3211 0.658399 0.0679321
3214 0.661288 0.00715096
3217 0.661186 0.0620209
3220 0.660664 0.062811
3223 0.659359 0.0141925
3226 0.658691 0.0232801
3229 0.658079 0.0242768
3232 0.655636 0.0436675
3235 0.654943 0.0244308
3238 0.655036 0.0865651
3241 0.653602 0.0265132
3244 0.652994 0.028697
3247 0.652115 0.0277206
3250 0.651657 0.0252937
3253 0.651215 0.0383032
3256 0.64996 0.0266956
3259 0.651187 0.0312698
3262 0.65047 0.0267604
3265 0.652528 0.0127461
3268 0.651588 0.0116239
3271 0.653407 0.0125273
3274 0.654797 0.0163763
3277 0.658346 0.0283445
3280 0.658942 0.0214731
3283 0.659181 0.0247265
3286 0.675622 0.0956203
3289 0.673941 0.0142209
3292 0.674078 0.00729276
3295 0.675184 0.0098898
3298 0.673009 0.0370675
3301 0.671011 0.0133863
3304 0.670724 0.0187181
3307 0.670525 0.0262864
3310 0.670331 0.03255
3313 0.668455 0.0432988
3316 0.667191 0.0407503
3319 0.665234 0.0414958
3322 0.664561 0.0415647
3325 0.664282 0.0498582
3328 0.663512 0.0449032
3331 0.661786 0.0540313
3334 0.660574 0.0497083
3337 0.650434 0.0710113
3340 0.649469 0.0688275
3343 0.649295 0.0715825
3346 0.647768 0.0531683
3349 0.645446 0.0595697
3352 0.645426 0.0489547
3355 0.646208 0.051884
3358 0.648505 0.0619439
3361 0.654489 0.0639778
3364 0.654282 0.0498298
3367 0.652005 0.054797
3370 0.649088 0.0491816
3373 0.649129 0.0405154
3376 0.649716 0.0303865
3379 0.650429 0.0289118
3382 0.65051 0.0240945
3385 0.650685 0.0242079
3388 0.65107 0.034908
3391 0.65188 0.024289
3394 0.653043 0.0194555
3397 0.653663 0.0283567
3400 0.655899 0.0205129
3403 0.65756 0.0138522
3406 0.657584 0.014464
3409 0.6563 0.0184831
3412 0.651568 0.0936512
3415 0.65 0.0526011
3418 0.648566 0.0368933
3421 0.647853 0.0404586
3424 0.647346 0.0543959
3427 0.647488 0.0379062
3430 0.647731 0.0356859
3433 0.651333 0.0583178
3436 0.688178 0.121429
3439 0.688842 0.0379264
3442 0.690556 0.00936715
3445 0.697881 0.0322421
3448 0.706012 0.0162142
3451 0.709128 0.0158699
3454 0.710003 0.0545337
3457 0.710595 0.0219553
3460 0.710761 0.0287011
3463 0.706944 0.0610323
3466 0.706726 0.0244064
3469 0.706418 0.0222834
3472 0.704829 0.0298436
3475 0.705794 0.0154607
3478 0.707431 0.0234462
3481 0.709197 0.00469978
3484 0.710627 0.0076574
3487 0.706215 0.107516
3490 0.709817 0.0165748
3493 0.711413 0.0295357
3496 0.715732 0.038368
3499 0.716263 0.0500486
3502 0.717122 0.0173041
3505 0.717608 0.0200754
3508 0.717515 0.0157848
3511 0.72247 0.0926789
3514 0.723697 0.0152864
3517 0.72497 0.111316
3520 0.724386 0.0449801
3523 0.725095 0.0551454
3526 0.725569 0.0951219
3529 0.725051 0.0297383
3532 0.725265 0.06384
3535 0.725298 0.0135807
3538 0.716437 0.0898833
3541 0.717223 0.1368
3544 0.717774 0.00907949
3547 0.717162 0.0103679
3550 0.717397 0.0204643
3553 0.716222 0.0157888
3556 0.718358 0.0205048
3559 0.71747 0.0184993
3562 0.70594 0.0492545
3565 0.705822 0.0189977
3568 0.70643 0.0205575
3571 0.709148 0.0388623
3574 0.708585 0.0297423
3577 0.71147 0.0304473
3580 0.711778 0.0272263
3583 0.71288 0.0285876
3586 0.709821 0.0609594
3589 0.709472 0.0524512
3592 0.712779 0.03129
3595 0.706341 0.0640993
3598 0.705344 0.0103395
3601 0.7072 0.0072482
3604 0.706401 0.0124706
3607 0.706276 0.00627583
3610 0.705737 0.0077749
3613 0.706697 0.0091119
3616 0.707094 0.0122883
3619 0.708605 0.0155619
3622 0.702394 0.0527186
3625 0.704364 0.0331983
3628 0.703569 0.0305931
3631 0.702362 0.0243335
3634 0.7038 0.0233652
3637 0.708926 0.0249332
3640 0.713475 0.0278705
3643 0.713812 0.0212584
3646 0.710891 0.0501783
3649 0.713593 0.0230127
3652 0.712933 0.0254436
3655 0.713755 0.0243983
3658 0.716842 0.0198242
3661 0.716842 0.0149097
3664 0.718795 0.0120776
3667 0.720995 0.01572
3670 0.71286 0.0452192
3673 0.715444 0.0162669
3676 0.716619 0.0248278
3679 0.717114 0.0218216
3682 0.717199 0.0239648
3685 0.716737 0.0226724
3688 0.71606 0.0280042
3691 0.715651 0.0217243
3694 0.715619 0.0147071
3697 0.708654 0.0373633
3700 0.70679 0.0722267
3703 0.705664 0.0651163
3706 0.703991 0.0765578
3709 0.703298 0.0631229
3712 0.703221 0.0675513
3715 0.703654 0.0613929
3718 0.703614 0.0601572
3721 0.694056 0.151382
3724 0.692464 0.0750142
3727 0.69024 0.0681954
3730 0.689932 0.0730694
3733 0.689604 0.0847095
3736 0.689425 0.067685
3739 0.692448 0.0692772
3742 0.693116 0.0860708
3745 0.684365 0.166445
3748 0.68503 0.075549
3751 0.684819 0.0558788
3754 0.684624 0.081995
3757 0.684665 0.0641074
3760 0.683012 0.014387
3763 0.681995 0.00668098
3766 0.680565 0.0133863
3769 0.67834 0.0243983
3772 0.679414 0.034118
3775 0.682684 0.0302488
3778 0.682485 0.0302731
3781 0.682578 0.0375172
3784 0.678964 0.0437363
3787 0.679418 0.0331213
3790 0.679102 0.0354388
3793 0.678956 0.032076
3796 0.671218 0.0801961
3799 0.670136 0.0680698
3802 0.667701 0.0804919
3805 0.665979 0.0685601
3808 0.66478 0.0837614
3811 0.699441 0.0781379
3814 0.719302 0.0869622
3817 0.744482 0.0950247
3820 0.787918 0.149255
3823 0.790147 0.0200916
3826 0.791674 0.0159428
3829 0.793793 0.0153148
3832 0.795608 0.0154566
3835 0.796751 0.0135767
3838 0.797371 0.0209464
3841 0.797435 0.0242849
3844 0.797739 0.0215056
3847 0.798335 0.0666032
3850 0.798035 0.025395
3853 0.796795 0.0240135
3856 0.795483 0.0307876
3859 0.794547 0.0354671
3862 0.794547 0.0355684
3865 0.794863 0.0381412
3868 0.794842 0.0379791
3871 0.793979 0.0667045
3874 0.794668 0.047954
3877 0.795102 0.0537477
3880 0.795069 0.0226562
3883 0.794741 0.0307998
3886 0.794936 0.027437
3889 0.794697 0.0240864
3892 0.794393 0.0317397
3895 0.792185 0.0391581
3898 0.792257 0.0411717
3901 0.792375 0.0450936
3904 0.792237 0.0509967
3907 0.792201 0.0353051
3910 0.791455 0.0206507
3913 0.791297 0.0276639
3916 0.791265 0.0331254
3919 0.789089 0.0309051
3922 0.790726 0.0919091
3925 0.79167 0.0308322
3928 0.791553 0.0198647
3931 0.790807 0.0190382
3934 0.790321 0.0252613
3937 0.791792 0.0200551
3940 0.792525 0.0199173
3943 0.792792 0.0252775
3946 0.792999 0.0609108
3949 0.792821 0.0458634
3952 0.792509 0.0395713
3955 0.792748 0.0463698
3958 0.793149 0.0277125
3961 0.793473 0.0285998
3964 0.792699 0.0238838
3967 0.79321 0.017685
3970 0.797083 0.115959
3973 0.79703 0.102945
3976 0.79652 0.0362005
3979 0.796171 0.0145815
3982 0.793339 0.0237096
3985 0.792225 0.0253383
3988 0.791698 0.0262499
3991 0.794352 0.0186371
3994 0.794304 0.00891743
3997 0.795381 0.112341
4000 0.795329 0.0765092
4003 0.793874 0.013204
4006 0.793226 0.0209586
4009 0.792962 0.0112876
4012 0.793173 0.00785188
4015 0.793728 0.00906328
4018 0.794494 0.0133052
4021 0.79573 0.0430314
4024 0.795507 0.0183251
4027 0.795576 0.0229601
4030 0.79526 0.0237136
4033 0.795264 0.021854
4036 0.795345 0.021538
4039 0.795341 0.025468
4042 0.793927 0.0229155
4045 0.782858 0.0735921
4048 0.781035 0.0319828
4051 0.783158 0.0340491
4054 0.784782 0.0840045
4057 0.782323 0.0340288
4060 0.780723 0.0178551
4063 0.785504 0.0107771
4066 0.788684 0.0164047
4069 0.79056 0.0159509
4072 0.793838 0.0693056
4075 0.794178 0.00957783
4078 0.794093 0.0443684
4081 0.79389 0.0107973
4084 0.793866 0.0108905
4087 0.793979 0.0210234
4090 0.793663 0.012422
4093 0.795414 0.03003
4096 0.795175 0.0157686
4099 0.794903 0.0653715
4102 0.793538 0.0899036
4105 0.79184 0.0929301
4108 0.791512 0.0803257
4111 0.793262 0.0142655
4114 0.793635 0.00826513
4117 0.794304 0.0102828
4120 0.793963 0.0275302
4123 0.793862 0.0287456
4126 0.792991 0.0158901
4129 0.792829 0.00838263
4132 0.792225 0.0667936
4135 0.79103 0.0885747
4138 0.789851 0.12343
4141 0.789474 0.196811
4144 0.788769 0.254364
4147 0.787165 0.223908
4150 0.786423 0.177595
4153 0.784932 0.152338
4156 0.784041 0.174864
4159 0.782639 0.105409
4162 0.783263 0.198955
4165 0.784774 0.231104
4168 0.784511 0.192375
4171 0.794186 0.332672
4174 0.788486 0.315639
4177 0.792719 0.132356
4180 0.79338 0.13648
4183 0.797383 0.121348
4186 0.800952 0.0832266
4189 0.804145 0.122138
4192 0.807325 0.171886
4195 0.805121 0.0690989
4198 0.807167 0.155765
4201 0.806616 0.21617
4204 0.806122 0.173191
4207 0.808334 0.135641
4210 0.808095 0.165728
4213 0.810502 0.145795
4216 0.815424 0.530042
4219 0.81935 0.56036
4222 0.818775 0.521222
4225 0.820087 0.396888
4228 0.826416 0.55521
4231 0.833543 0.530131
4234 0.840746 0.552929
4237 0.845507 0.542095
4240 0.849842 0.39086
4243 0.841022 0.60564
4246 0.83471 0.586739
4249 0.817215 0.567041
4252 0.79902 0.548335
4255 0.760019 0.360493
4258 0.753039 0.511608
4261 0.721113 0.504757
4264 0.72266 0.470177
4267 0.726278 0.558824
4270 0.728584 0.570533
4273 0.746925 0.39417
4276 0.754359 0.464043
4279 0.759566 0.372061
4282 0.766907 0.584458
4285 0.760587 0.63849
4288 0.758123 0.625942
4291 0.75645 0.615971
4294 0.72108 0.537343
4297 0.709716 0.4629
4300 0.710672 0.619735
4303 0.705555 0.594543
4306 0.694733 0.597277
4309 0.691577 0.655255
4312 0.695401 0.682765
4315 0.698513 0.723138
4318 0.677704 0.734673
4321 0.659331 0.733701
4324 0.641074 0.717563
4327 0.635293 0.652617
4330 0.61414 0.198999
4333 0.608075 0.715412
4336 0.607301 0.691723
4339 0.604724 0.652463
4342 0.608217 0.694688
4345 0.604935 0.648428
4348 0.611012 0.676343
4351 0.616575 0.688988
4354 0.616518 0.685321
4357 0.614468 0.671137
4360 0.611656 0.64496
4363 0.607665 0.649096
4366 0.607001 0.574378
4369 0.596824 0.51352
4372 0.601402 0.616218
4375 0.597314 0.612669
4378 0.594032 0.604817
4381 0.589762 0.520371
4384 0.590673 0.422579
4387 0.590374 0.487055
4390 0.581821 0.473864
4393 0.5723 0.52798
4396 0.55081 0.543392
4399 0.52625 0.527166
4402 0.510639 0.587951
4405 0.494611 0.570197
4408 0.472612 0.557698
4411 0.459934 0.566834
4414 0.461668 0.55814
4417 0.475788 0.590823
4420 0.485463 0.559416
4423 0.501207 0.551548
4426 0.508622 0.555498
4429 0.494474 0.540094
4432 0.481987 0.0302326
4435 0.473098 0.23727
4438 0.462872 0.480804
4441 0.459294 0.584316
4444 0.466141 0.642488
4447 0.479742 0.645118
4450 0.485613 0.603975
4453 0.483741 0.653083
4456 0.486496 0.588672
4459 0.48409 0.581047
4462 0.478527 0.611527
4465 0.47685 0.543457
4468 0.481719 0.574718
4471 0.496888 0.617349
4474 0.516846 0.611644
4477 0.512519 0.609124
4480 0.490317 0.546025
4483 0.467863 0.506414
4486 0.458204 0.501102
4489 0.442266 0.560198
4492 0.444158 0.463929
4495 0.441893 0.498015
4498 0.460368 0.392699
4501 0.482254 0.499287
4504 0.523118 0.533838
4507 0.557929 0.534321
4510 0.597217 0.470817
4513 0.63428 0.495888
4516 0.660895 0.506247
4519 0.672429 0.556693
4522 0.673758 0.512985
4525 0.70867 0.523138
4528 0.721408 0.535131
4531 0.766636 0.44778
4534 0.777522 0.546978
4537 0.779345 0.549931
4540 0.765558 0.519342
4543 0.757759 0.552042
4546 0.733113 0.530622
4549 0.718285 0.518345
4552 0.704675 0.558573
4555 0.697407 0.57409
4558 0.615546 0.573783
4561 0.598695 0.608528
4564 0.596775 0.608026
4567 0.555988 0.587529
4570 0.564918 0.589652
4573 0.532149 0.597646
4576 0.523134 0.543052
4579 0.507807 0.557726
4582 0.483838 0.592031
4585 0.479337 0.567251
4588 0.472964 0.555352
4591 0.471121 0.560777
4594 0.494425 0.555243
4597 0.501479 0.560887
4600 0.497727 0.497711
4603 0.489778 0.372016
4606 0.488935 0.512479
4609 0.481882 0.494077
4612 0.47704 0.490544
4615 0.45564 0.475958
4618 0.442622 0.48285
4621 0.430038 0.482672
4624 0.383518 0.474398
4627 0.360789 0.435317
4630 0.357005 0.446495
4633 0.372255 0.441463
4636 0.381699 0.459059
4639 0.397707 0.454047
4642 0.412187 0.470144
4645 0.425043 0.450231
4648 0.431351 0.450122
4651 0.446961 0.475942
4654 0.455016 0.479491
4657 0.459436 0.474338
4660 0.436322 0.489721
4663 0.427753 0.455226
4666 0.416652 0.34479
4669 0.405737 0.387209
4672 0.386018 0.311672
4675 0.361867 0.405271
4678 0.311835 0.412645
4681 0.273864 0.36843
4684 0.261466 0.37956
4687 0.253209 0.397059
4690 0.269946 0.372441
4693 0.278717 0.335491
4696 0.280277 0.315177
4699 0.286099 0.296346
4702 0.293068 0.400644
4705 0.296305 0.423187
4708 0.296119 0.414014
4711 0.313362 0.438072
4714 0.34026 0.436666
4717 0.357459 0.436103
4720 0.40329 0.44242
4723 0.408666 0.432076
4726 0.417369 0.479973
4729 0.426939 0.483847
4732 0.412187 0.320651
4735 0.404287 0.438554
4738 0.39011 0.446362
4741 0.371011 0.447699
4744 0.360173 0.471826
4747 0.337955 0.446852
4750 0.313642 0.458873
4753 0.286598 0.460003
4756 0.25737 0.383494
4759 0.234661 0.420541
4762 0.208245 0.391925
4765 0.186743 0.361826
4768 0.164488 0.341419
4771 0.149153 0.313552
4774 0.1308 0.287088
4777 0.105186 0.261049
4780 0.0874524 0.214302
4783 0.0698687 0.172437
4786 0.0494976 0.122263
4789 0.0316101 0.0865651
4792 0.0166721 0.0507495
4795 0.00711855 0.0150028
4798 0.000320071 0.00935094
4801 0.000299814 0.0492464
4804 0.000251195 0.104068
4807 0.000194474 0.0633093
4810 0.000153958 0.0536869
4813 0.000117495 0.0857913
4816 9.31853e-05 0.119277
4819 8.91338e-05 0.0760311
4822 0.000174216 0.0779272
4825 0.000125598 0.0208127
4828 0.00010534 0.0200146
4831 4.86184e-05 0.0832631
4834 0.000769792 0.110117
4837 0.000704967 0.00469573
4840 0.000960214 0.0191435
4843 0.00122356 0.00603679
4846 0.00134106 0.00736569
4849 0.00135726 0.0037031
4852 0.00137752 0.0071226
4855 0.00175837 0.00653918
4858 0.00164897 0.022328
4861 0.00174621 0.00681873
4864 0.00121951 0.004874
4867 0.000846771 0.00717527
4870 0.000858926 0.00780731
4873 0.000478081 0.00371526
4876 0.000700916 0.00511304
4879 0.000575318 0.00323313
4882 0.000522648 0.0752532
4885 0.000559112 0.0498906
4888 0.000433514 0.00341139
4891 0.000506442 0.00402317
4894 0.000583421 0.00607325
4897 0.00183535 0.00529131
4900 0.004088 0.00543311
4903 0.00721173 0.00916052
4906 0.00827324 0.0112471
4909 0.00617454 0.0139251
4912 0.00364638 0.00677012
4915 0.00144235 0.00658375
4918 0.0152216 0.0144559
4921 0.0275545 0.0393931
4924 0.033729 0.0552062
4927 0.0492424 0.0823758
4930 0.0719553 0.104303
4933 0.0845231 0.133239
4936 0.0918888 0.172239
4939 0.0975367 0.168536
4942 0.102427 0.1563
4945 0.111717 0.164087
4948 0.116486 0.195345
4951 0.10707 0.223633
4954 0.0986995 0.179438
4957 0.090329 0.144466
4960 0.0865124 0.171862
4963 0.0760149 0.166753
4966 0.0633498 0.152285
4969 0.0644518 0.145997
4972 0.0668017 0.154408
4975 0.0748035 0.128264
4978 0.0782271 0.159768
4981 0.0745564 0.15626
4984 0.0771169 0.177668
4987 0.0819828 0.197456
4990 0.0853618 0.172397
4993 0.0884005 0.159566
4996 0.0919942 0.189122
4999 0.0974516 0.201082
5002 0.0899279 0.214504
5005 0.0869054 0.240904
5008 0.0854712 0.229552
5011 0.0724658 0.21937
5014 0.0556316 0.174791
5017 0.0409853 0.122324
5020 0.0271574 0.103379
5023 0.0231667 0.0773722
5026 0.0163723 0.0524228
5029 0.00980877 0.0326027
5032 0.011166 0.0334252
5035 0.012422 0.0247265
5038 0.0138319 0.0337614
5041 0.0148853 0.0560327
5044 0.0176931 0.0577222
5047 0.0304554 0.0548943
5050 0.0488656 0.066826
5053 0.0716798 0.0858642
5056 0.0916741 0.104866
5059 0.117928 0.106612
5062 0.141848 0.131845
5065 0.168374 0.144425
5068 0.190025 0.178434
5071 0.208293 0.150681
5074 0.223106 0.187959
5077 0.230796 0.23633
5080 0.223637 0.177737
5083 0.213686 0.185986
5086 0.199895 0.18723
5089 0.179714 0.223394
5092 0.158715 0.229228
5095 0.154882 0.226408
5098 0.14669 0.22012
5101 0.127518 0.21288
5104 0.109959 0.200976
5107 0.0908962 0.200855
5110 0.0796208 0.165756
5113 0.0694109 0.121457
5116 0.0607204 0.108715
5119 0.0462078 0.0711045
5122 0.0277409 0.038052
5125 0.00824082 0.00686735
5128 0.000283607 0.0672312
5131 0.00167734 0.00880399
5134 0.0010615 0.0204319
5137 0.000174216 0.0793169
5140 0.000121546 0.0773843
5143 8.50822e-05 0.0783202
5146 7.69792e-05 0.0611215
5149 6.88761e-05 0.015489
5152 5.67215e-05 0.0581274
5155 5.267e-05 0.0484928
5158 5.67215e-05 0.0481403
5161 0.000234989 0.0886111
5164 0.000121546 0.0592334
5167 8.50822e-05 0.0327364
5170 5.67215e-05 0.0686695
5173 5.267e-05 0.0423548
5176 5.267e-05 0.0659549
5179 6.48246e-05 0.0537315
5182 4.45669e-05 0.0615266
5185 0.000113443 0.101459
5188 9.72369e-05 0.0912851
5191 4.45669e-05 0.0780083
5194 8.10307e-06 0.0315615
5197 1.21546e-05 0.111883
5200 0 0.054246
5203 0 0.0442347
5206 0 0.072251
5209 0 0.0313062
5212 0 0.0608541
5215 0 0.0463941
5218 0.000206628 0.109067
5221 0.000133701 0.0468803
5224 6.88761e-05 0.0482133
5227 6.88761e-05 0.0381128
5230 4.86184e-05 0.0269387
5233 5.267e-05 0.0632526
5236 4.05154e-05 0.063285
5239 3.64638e-05 0.0402277
5242 3.64638e-05 0.0658294
5245 8.10307e-05 0.0852889
5248 5.67215e-05 0.0604773
5251 9.72369e-05 0.0778057
5254 3.64638e-05 0.0372944
5257 0.0122194 0.0120371
5260 0.0289887 0.0309618
5263 0.0402115 0.0455636
5266 0.0457499 0.0698282
5269 0.0507657 0.0809294
5272 0.053541 0.0812252
5275 0.0570983 0.0816263
5278 0.0598655 0.0819585
5281 0.0620898 0.0930962
5284 3.64638e-05 0.0763633
5287 0.0673325 0.0937323
5290 0.0828499 0.13725
5293 0.105879 0.166093
5296 0.125075 0.182044
5299 0.138858 0.187063
5302 0.149327 0.199068
5305 0.160959 0.203501
5308 0.168532 0.193951
5311 0.173049 0.175731
5314 0.173645 0.134523
5317 0.171218 0.112155
5320 0.167608 0.0909408
5323 0.162685 0.0995341
5326 0.158439 0.0934649
5329 0.160651 0.0971882
5332 0.168276 0.106616
5335 0.173872 0.100989
5338 0.179199 0.1116
5341 0.182979 0.123236
5344 0.188364 0.117422
5347 0.192553 0.128523
5350 0.195021 0.133984
5353 0.208358 0.148278
5356 0.225679 0.13383
5359 0.240122 0.12093
5362 0.249959 0.140398
5365 0.247954 0.147233
5368 0.245438 0.169658
5371 0.245653 0.171133
5374 0.247391 0.180245
5377 0.251398 0.172158
5380 0.254838 0.174013
5383 0.256231 0.175249
5386 0.26732 0.185212
5389 0.281517 0.197857
5392 0.291196 0.13488
5395 0.29733 0.170035
5398 0.29981 0.144875
5401 0.296706 0.144004
5404 0.29289 0.128604
5407 0.292638 0.12123
5410 0.296621 0.116935
5413 0.298335 0.117053
5416 0.302228 0.11969
5419 0.317774 0.0965602
5422 0.332372 0.114517
5425 0.342424 0.135406
5428 0.347865 0.136156
5431 0.356896 0.145418
5434 0.362766 0.180034
5437 0.372077 0.156114
5440 0.385893 0.126939
5443 0.396418 0.196232
5446 0.402808 0.209201
5449 0.411263 0.196102
5452 0.414525 0.192237
5455 0.412612 0.18808
5458 0.410955 0.189912
5461 0.407832 0.192529
5464 0.404797 0.188696
5467 0.401345 0.18488
5470 0.403857 0.195499
5473 0.401086 0.167531
5476 0.4003 0.159699
5479 0.409104 0.103675
5482 0.423718 0.109055
5485 0.438242 0.121627
5488 0.452265 0.127093
5491 0.467057 0.112426
5494 0.478948 0.139174
5497 0.492403 0.153841
5500 0.50045 0.14825
5503 0.514314 0.149307
5506 0.522697 0.132692
5509 0.532817 0.127947
5512 0.538218 0.104716
5515 0.539259 0.102131
5518 0.540831 0.134142
5521 0.552609 0.170237
5524 0.560878 0.141403
5527 0.570497 0.127336
5530 0.594206 0.0845029
5533 0.609809 0.0294304
5536 0.621392 0.0492586
5539 0.632441 0.0566121
5542 0.639446 0.0621343
5545 0.65282 0.0832469
5548 0.657115 0.0696337
5551 0.661717 0.0685722
5554 0.669156 0.0739891
5557 0.675857 0.0829147
5560 0.682177 0.0941617
5563 0.687456 0.099765
5566 0.691135 0.10491
5569 0.69184 0.117948
5572 0.690471 0.132514
5575 0.690114 0.140216
5578 0.690151 0.141958
5581 0.691625 0.129754
5584 0.690686 0.147861
5587 0.692233 0.128815
5590 0.695418 0.113014
5593 0.695572 0.113394
5596 0.703314 0.131578
5599 0.701045 0.115647
5602 0.699388 0.0688599
5605 0.699684 0.0857588
5608 0.700527 0.048035
5611 0.69987 0.0597034
5614 0.699684 0.0558869
5617 0.69983 0.0688842
5620 0.710019 0.0890528
5623 0.709351 0.0731869
5626 0.70957 0.0460052
5629 0.70675 0.0569808
5632 0.703436 0.0521554
5635 0.70156 0.0514869
5638 0.707512 0.0638765
5641 0.714529 0.0609108
5644 0.74509 0.0676201
5647 0.787837 0.0716595
5650 0.790122 0.0612309
5653 0.787675 0.0845758
5656 0.786249 0.0641034
5659 0.78304 0.0783081
5662 0.784479 0.0764201
5665 0.784215 0.0716676
5668 0.784304 0.0770278
5671 0.78445 0.191577
5674 0.785682 0.0488372
5677 0.785192 0.0557937
5680 0.786192 0.0394012
5683 0.785868 0.0477149
5686 0.784179 0.0225954
5689 0.784122 0.0227251
5692 0.784434 0.0196864
5695 0.78507 0.0189814
5698 0.785852 0.00610972
5701 0.783932 0.10504
5704 0.78208 0.06651
5707 0.782108 0.0616927
5710 0.779665 0.0174216
5713 0.774905 0.0169638
5716 0.774354 0.0334454
5719 0.773823 0.07343
5722 0.770557 0.160388
5725 0.770197 0.116595
5728 0.770533 0.0101531
5731 0.770327 0.0207114
5734 0.769925 0.0194393
5737 0.769913 0.0201726
