frame_number static_density dynamic_density
1 0.0700997 0.0987319
4 0.0700997 0.0987319
7 0.0700997 0.0987319
10 0.0700997 0.0987319
13 0.0700997 0.0987319
16 0.0700997 0.0987319
19 0.0700997 0.0987319
22 0.0700997 0.0987319
25 0.0700997 0.0987319
28 0.107649 0.158654
31 0.107649 0.158654
34 0.107649 0.158654
37 0.107649 0.158654
40 0.107649 0.158654
43 0.107649 0.158654
46 0.107649 0.158654
49 0.107649 0.158654
52 0.107649 0.158654
55 0.12766 0.128191
58 0.12766 0.128191
61 0.12766 0.128191
64 0.12766 0.128191
67 0.12766 0.128191
70 0.12766 0.128191
73 0.12766 0.128191
76 0.12766 0.128191
79 0.12766 0.128191
82 0.136869 0.124346
85 0.136869 0.124346
88 0.136869 0.124346
91 0.136869 0.124346
94 0.136869 0.124346
97 0.136869 0.124346
100 0.136869 0.124346
103 0.136869 0.124346
106 0.136869 0.124346
109 0.180439 0.0991492
112 0.180439 0.0991492
115 0.180439 0.0991492
118 0.180439 0.0991492
121 0.180439 0.0991492
124 0.180439 0.0991492
127 0.180439 0.0991492
130 0.180439 0.0991492
133 0.180439 0.0991492
136 0.210554 0.171809
139 0.210554 0.171809
142 0.210554 0.171809
145 0.210554 0.171809
148 0.210554 0.171809
151 0.210554 0.171809
154 0.210554 0.171809
157 0.210554 0.171809
160 0.210554 0.171809
163 0.204331 0.227636
166 0.204331 0.227636
169 0.204331 0.227636
172 0.204331 0.227636
175 0.204331 0.227636
178 0.204331 0.227636
181 0.204331 0.227636
184 0.204331 0.227636
187 0.204331 0.227636
190 0.196439 0.15122
193 0.196439 0.15122
196 0.196439 0.15122
199 0.196439 0.15122
202 0.196439 0.15122
205 0.196439 0.15122
208 0.196439 0.15122
211 0.196439 0.15122
214 0.196439 0.15122
217 0.195705 0.040171
220 0.195705 0.040171
223 0.195705 0.040171
226 0.195705 0.040171
229 0.195705 0.040171
232 0.195705 0.040171
235 0.195705 0.040171
238 0.195705 0.040171
241 0.195705 0.040171
244 0.196957 0.0223685
247 0.196957 0.0223685
250 0.196957 0.0223685
253 0.196957 0.0223685
256 0.196957 0.0223685
259 0.196957 0.0223685
262 0.196957 0.0223685
265 0.196957 0.0223685
268 0.196957 0.0223685
271 0.192991 0.043708
274 0.192991 0.043708
277 0.192991 0.043708
280 0.192991 0.043708
283 0.192991 0.043708
286 0.192991 0.043708
289 0.192991 0.043708
292 0.192991 0.043708
295 0.192991 0.043708
298 0.203095 0.0469695
301 0.203095 0.0469695
304 0.203095 0.0469695
307 0.203095 0.0469695
310 0.203095 0.0469695
313 0.203095 0.0469695
316 0.203095 0.0469695
319 0.203095 0.0469695
322 0.203095 0.0469695
325 0.195973 0.063447
328 0.195973 0.063447
331 0.195973 0.063447
334 0.195973 0.063447
337 0.195973 0.063447
340 0.195973 0.063447
343 0.195973 0.063447
346 0.195973 0.063447
349 0.195973 0.063447
352 0.201272 0.0413014
355 0.201272 0.0413014
358 0.201272 0.0413014
361 0.201272 0.0413014
364 0.201272 0.0413014
367 0.201272 0.0413014
370 0.201272 0.0413014
373 0.201272 0.0413014
376 0.201272 0.0413014
379 0.196479 0.0466575
382 0.196479 0.0466575
385 0.196479 0.0466575
388 0.196479 0.0466575
391 0.196479 0.0466575
394 0.196479 0.0466575
397 0.196479 0.0466575
400 0.196479 0.0466575
403 0.196479 0.0466575
406 0.221554 0.06305
409 0.221554 0.06305
412 0.221554 0.06305
415 0.221554 0.06305
418 0.221554 0.06305
421 0.221554 0.06305
424 0.221554 0.06305
427 0.221554 0.06305
430 0.221554 0.06305
433 0.316769 0.137566
436 0.316769 0.137566
439 0.316769 0.137566
442 0.316769 0.137566
445 0.316769 0.137566
448 0.316769 0.137566
451 0.316769 0.137566
454 0.316769 0.137566
457 0.316769 0.137566
460 0.364302 0.261677
463 0.364302 0.261677
466 0.364302 0.261677
469 0.364302 0.261677
472 0.364302 0.261677
475 0.364302 0.261677
478 0.364302 0.261677
481 0.364302 0.261677
484 0.364302 0.261677
487 0.371007 0.218771
490 0.371007 0.218771
493 0.371007 0.218771
496 0.371007 0.218771
499 0.371007 0.218771
502 0.371007 0.218771
505 0.371007 0.218771
508 0.371007 0.218771
511 0.371007 0.218771
514 0.420975 0.313743
517 0.420975 0.313743
520 0.420975 0.313743
523 0.420975 0.313743
526 0.420975 0.313743
529 0.420975 0.313743
532 0.420975 0.313743
535 0.420975 0.313743
538 0.420975 0.313743
541 0.477761 0.162386
544 0.477761 0.162386
547 0.477761 0.162386
550 0.477761 0.162386
553 0.477761 0.162386
556 0.477761 0.162386
559 0.477761 0.162386
562 0.477761 0.162386
565 0.477761 0.162386
568 0.464667 0.143327
571 0.464667 0.143327
574 0.464667 0.143327
577 0.464667 0.143327
580 0.464667 0.143327
583 0.464667 0.143327
586 0.464667 0.143327
589 0.464667 0.143327
592 0.464667 0.143327
595 0.517774 0.0730532
598 0.517774 0.0730532
601 0.517774 0.0730532
604 0.517774 0.0730532
607 0.517774 0.0730532
610 0.517774 0.0730532
613 0.517774 0.0730532
616 0.517774 0.0730532
619 0.517774 0.0730532
622 0.608196 0.119962
625 0.608196 0.119962
628 0.608196 0.119962
631 0.608196 0.119962
634 0.608196 0.119962
637 0.608196 0.119962
640 0.608196 0.119962
643 0.608196 0.119962
646 0.608196 0.119962
649 0.619229 0.133287
652 0.619229 0.133287
655 0.619229 0.133287
658 0.619229 0.133287
661 0.619229 0.133287
664 0.619229 0.133287
667 0.619229 0.133287
670 0.619229 0.133287
673 0.619229 0.133287
676 0.626238 0.0986914
679 0.626238 0.0986914
682 0.626238 0.0986914
685 0.626238 0.0986914
688 0.626238 0.0986914
691 0.626238 0.0986914
694 0.626238 0.0986914
697 0.626238 0.0986914
700 0.626238 0.0986914
703 0.634033 0.108123
706 0.634033 0.108123
709 0.634033 0.108123
712 0.634033 0.108123
715 0.634033 0.108123
718 0.634033 0.108123
721 0.634033 0.108123
724 0.634033 0.108123
727 0.634033 0.108123
730 0.64372 0.123657
733 0.64372 0.123657
736 0.64372 0.123657
739 0.64372 0.123657
742 0.64372 0.123657
745 0.64372 0.123657
748 0.64372 0.123657
751 0.64372 0.123657
754 0.64372 0.123657
757 0.654278 0.0372579
760 0.654278 0.0372579
763 0.654278 0.0372579
766 0.654278 0.0372579
769 0.654278 0.0372579
772 0.654278 0.0372579
775 0.654278 0.0372579
778 0.654278 0.0372579
781 0.654278 0.0372579
784 0.661701 0.0828499
787 0.661701 0.0828499
790 0.661701 0.0828499
793 0.661701 0.0828499
796 0.661701 0.0828499
799 0.661701 0.0828499
802 0.661701 0.0828499
805 0.661701 0.0828499
808 0.661701 0.0828499
811 0.653675 0.0468803
814 0.653675 0.0468803
817 0.653675 0.0468803
820 0.653675 0.0468803
823 0.653675 0.0468803
826 0.653675 0.0468803
829 0.653675 0.0468803
832 0.653675 0.0468803
835 0.653675 0.0468803
838 0.761794 0.0725752
841 0.761794 0.0725752
844 0.761794 0.0725752
847 0.761794 0.0725752
850 0.761794 0.0725752
853 0.761794 0.0725752
856 0.761794 0.0725752
859 0.761794 0.0725752
862 0.761794 0.0725752
865 0.774386 0.039543
868 0.774386 0.039543
871 0.774386 0.039543
874 0.774386 0.039543
877 0.774386 0.039543
880 0.774386 0.039543
883 0.774386 0.039543
886 0.774386 0.039543
889 0.774386 0.039543
892 0.77657 0.0395997
895 0.77657 0.0395997
898 0.77657 0.0395997
901 0.77657 0.0395997
904 0.77657 0.0395997
907 0.77657 0.0395997
910 0.77657 0.0395997
913 0.77657 0.0395997
916 0.77657 0.0395997
919 0.770464 0.0096224
922 0.770464 0.0096224
925 0.770464 0.0096224
928 0.770464 0.0096224
931 0.770464 0.0096224
934 0.770464 0.0096224
937 0.770464 0.0096224
940 0.770464 0.0096224
943 0.770464 0.0096224
946 0.767102 0.0491937
949 0.767102 0.0491937
952 0.767102 0.0491937
955 0.767102 0.0491937
958 0.767102 0.0491937
961 0.767102 0.0491937
964 0.767102 0.0491937
967 0.767102 0.0491937
970 0.767102 0.0491937
973 0.770857 0.0490722
976 0.770857 0.0490722
979 0.770857 0.0490722
982 0.770857 0.0490722
985 0.770857 0.0490722
988 0.770857 0.0490722
991 0.770857 0.0490722
994 0.770857 0.0490722
997 0.770857 0.0490722
1000 0.762398 0.0454339
1003 0.762398 0.0454339
1006 0.762398 0.0454339
1009 0.762398 0.0454339
1012 0.762398 0.0454339
1015 0.762398 0.0454339
1018 0.762398 0.0454339
1021 0.762398 0.0454339
1024 0.762398 0.0454339
1027 0.752536 0.0409772
1030 0.752536 0.0409772
1033 0.752536 0.0409772
1036 0.752536 0.0409772
1039 0.752536 0.0409772
1042 0.752536 0.0409772
1045 0.752536 0.0409772
1048 0.752536 0.0409772
1051 0.752536 0.0409772
1054 0.758208 0.0476825
1057 0.758208 0.0476825
1060 0.758208 0.0476825
1063 0.758208 0.0476825
1066 0.758208 0.0476825
1069 0.758208 0.0476825
1072 0.758208 0.0476825
1075 0.758208 0.0476825
1078 0.758208 0.0476825
1081 0.752212 0.0446844
1084 0.752212 0.0446844
1087 0.752212 0.0446844
1090 0.752212 0.0446844
1093 0.752212 0.0446844
1096 0.752212 0.0446844
1099 0.752212 0.0446844
1102 0.752212 0.0446844
1105 0.752212 0.0446844
1108 0.755279 0.0388137
1111 0.755279 0.0388137
1114 0.755279 0.0388137
1117 0.755279 0.0388137
1120 0.755279 0.0388137
1123 0.755279 0.0388137
1126 0.755279 0.0388137
1129 0.755279 0.0388137
1132 0.755279 0.0388137
1135 0.757102 0.0512843
1138 0.757102 0.0512843
1141 0.757102 0.0512843
1144 0.757102 0.0512843
1147 0.757102 0.0512843
1150 0.757102 0.0512843
1153 0.757102 0.0512843
1156 0.757102 0.0512843
1159 0.757102 0.0512843
1162 0.756252 0.0565351
1165 0.756252 0.0565351
1168 0.756252 0.0565351
1171 0.756252 0.0565351
1174 0.756252 0.0565351
1177 0.756252 0.0565351
1180 0.756252 0.0565351
1183 0.756252 0.0565351
1186 0.756252 0.0565351
1189 0.766555 0.0580788
1192 0.766555 0.0580788
1195 0.766555 0.0580788
1198 0.766555 0.0580788
1201 0.766555 0.0580788
1204 0.766555 0.0580788
1207 0.766555 0.0580788
1210 0.766555 0.0580788
1213 0.766555 0.0580788
1216 0.770067 0.0336318
1219 0.770067 0.0336318
1222 0.770067 0.0336318
1225 0.770067 0.0336318
1228 0.770067 0.0336318
1231 0.770067 0.0336318
1234 0.770067 0.0336318
1237 0.770067 0.0336318
1240 0.770067 0.0336318
1243 0.759339 0.0356049
1246 0.759339 0.0356049
1249 0.759339 0.0356049
1252 0.759339 0.0356049
1255 0.759339 0.0356049
1258 0.759339 0.0356049
1261 0.759339 0.0356049
1264 0.759339 0.0356049
1267 0.759339 0.0356049
1270 0.753768 0.0361032
1273 0.753768 0.0361032
1276 0.753768 0.0361032
1279 0.753768 0.0361032
1282 0.753768 0.0361032
1285 0.753768 0.0361032
1288 0.753768 0.0361032
1291 0.753768 0.0361032
1294 0.753768 0.0361032
1297 0.752131 0.0475812
1300 0.752131 0.0475812
1303 0.752131 0.0475812
1306 0.752131 0.0475812
1309 0.752131 0.0475812
1312 0.752131 0.0475812
1315 0.752131 0.0475812
1318 0.752131 0.0475812
1321 0.752131 0.0475812
1324 0.728336 0.0406247
1327 0.728336 0.0406247
1330 0.728336 0.0406247
1333 0.728336 0.0406247
1336 0.728336 0.0406247
1339 0.728336 0.0406247
1342 0.728336 0.0406247
1345 0.728336 0.0406247
1348 0.728336 0.0406247
1351 0.727437 0.0532939
1354 0.727437 0.0532939
1357 0.727437 0.0532939
1360 0.727437 0.0532939
1363 0.727437 0.0532939
1366 0.727437 0.0532939
1369 0.727437 0.0532939
1372 0.727437 0.0532939
1375 0.727437 0.0532939
1378 0.730844 0.0447938
1381 0.730844 0.0447938
1384 0.730844 0.0447938
1387 0.730844 0.0447938
1390 0.730844 0.0447938
1393 0.730844 0.0447938
1396 0.730844 0.0447938
1399 0.730844 0.0447938
1402 0.730844 0.0447938
1405 0.736841 0.0388745
1408 0.736841 0.0388745
1411 0.736841 0.0388745
1414 0.736841 0.0388745
1417 0.736841 0.0388745
1420 0.736841 0.0388745
1423 0.736841 0.0388745
1426 0.736841 0.0388745
1429 0.736841 0.0388745
1432 0.754805 0.179212
1435 0.754805 0.179212
1438 0.754805 0.179212
1441 0.754805 0.179212
1444 0.754805 0.179212
1447 0.754805 0.179212
1450 0.754805 0.179212
1453 0.754805 0.179212
1456 0.754805 0.179212
1459 0.778101 0.339887
1462 0.778101 0.339887
1465 0.778101 0.339887
1468 0.778101 0.339887
1471 0.778101 0.339887
1474 0.778101 0.339887
1477 0.778101 0.339887
1480 0.778101 0.339887
1483 0.778101 0.339887
1486 0.823653 0.62734
1489 0.823653 0.62734
1492 0.823653 0.62734
1495 0.823653 0.62734
1498 0.823653 0.62734
1501 0.823653 0.62734
1504 0.823653 0.62734
1507 0.823653 0.62734
1510 0.823653 0.62734
1513 0.849072 0.753193
1516 0.849072 0.753193
1519 0.849072 0.753193
1522 0.849072 0.753193
1525 0.849072 0.753193
1528 0.849072 0.753193
1531 0.849072 0.753193
1534 0.849072 0.753193
1537 0.849072 0.753193
1540 0.803334 0.686942
1543 0.803334 0.686942
1546 0.803334 0.686942
1549 0.803334 0.686942
1552 0.803334 0.686942
1555 0.803334 0.686942
1558 0.803334 0.686942
1561 0.803334 0.686942
1564 0.803334 0.686942
1567 0.754991 0.596021
1570 0.754991 0.596021
1573 0.754991 0.596021
1576 0.754991 0.596021
1579 0.754991 0.596021
1582 0.754991 0.596021
1585 0.754991 0.596021
1588 0.754991 0.596021
1591 0.754991 0.596021
1594 0.756171 0.782672
1597 0.756171 0.782672
1600 0.756171 0.782672
1603 0.756171 0.782672
1606 0.756171 0.782672
1609 0.756171 0.782672
1612 0.756171 0.782672
1615 0.756171 0.782672
1618 0.756171 0.782672
1621 0.707499 0.679208
1624 0.707499 0.679208
1627 0.707499 0.679208
1630 0.707499 0.679208
1633 0.707499 0.679208
1636 0.707499 0.679208
1639 0.707499 0.679208
1642 0.707499 0.679208
1645 0.707499 0.679208
1648 0.709383 0.792148
1651 0.709383 0.792148
1654 0.709383 0.792148
1657 0.709383 0.792148
1660 0.709383 0.792148
1663 0.709383 0.792148
1666 0.709383 0.792148
1669 0.709383 0.792148
1672 0.709383 0.792148
1675 0.748821 0.584936
1678 0.748821 0.584936
1681 0.748821 0.584936
1684 0.748821 0.584936
1687 0.748821 0.584936
1690 0.748821 0.584936
1693 0.748821 0.584936
1696 0.748821 0.584936
1699 0.748821 0.584936
1702 0.72371 0.561636
1705 0.72371 0.561636
1708 0.72371 0.561636
1711 0.72371 0.561636
1714 0.72371 0.561636
1717 0.72371 0.561636
1720 0.72371 0.561636
1723 0.72371 0.561636
1726 0.72371 0.561636
1729 0.646066 0.59402
1732 0.646066 0.59402
1735 0.646066 0.59402
1738 0.646066 0.59402
1741 0.646066 0.59402
1744 0.646066 0.59402
1747 0.646066 0.59402
1750 0.646066 0.59402
1753 0.646066 0.59402
1756 0.37676 0.5594
1759 0.37676 0.5594
1762 0.37676 0.5594
1765 0.37676 0.5594
1768 0.37676 0.5594
1771 0.37676 0.5594
1774 0.37676 0.5594
1777 0.37676 0.5594
1780 0.37676 0.5594
1783 0.370671 0.512434
1786 0.370671 0.512434
1789 0.370671 0.512434
1792 0.370671 0.512434
1795 0.370671 0.512434
1798 0.370671 0.512434
1801 0.370671 0.512434
1804 0.370671 0.512434
1807 0.370671 0.512434
1810 0.31632 0.577307
1813 0.31632 0.577307
1816 0.31632 0.577307
1819 0.31632 0.577307
1822 0.31632 0.577307
1825 0.31632 0.577307
1828 0.31632 0.577307
1831 0.31632 0.577307
1834 0.31632 0.577307
1837 0.249643 0.492185
1840 0.249643 0.492185
1843 0.249643 0.492185
1846 0.249643 0.492185
1849 0.249643 0.492185
1852 0.249643 0.492185
1855 0.249643 0.492185
1858 0.249643 0.492185
1861 0.249643 0.492185
1864 0.141917 0.366198
1867 0.141917 0.366198
1870 0.141917 0.366198
1873 0.141917 0.366198
1876 0.141917 0.366198
1879 0.141917 0.366198
1882 0.141917 0.366198
1885 0.141917 0.366198
1888 0.141917 0.366198
1891 0.272028 0.320088
1894 0.272028 0.320088
1897 0.272028 0.320088
1900 0.272028 0.320088
1903 0.272028 0.320088
1906 0.272028 0.320088
1909 0.272028 0.320088
1912 0.272028 0.320088
1915 0.272028 0.320088
1918 0.358431 0.476659
1921 0.358431 0.476659
1924 0.358431 0.476659
1927 0.358431 0.476659
1930 0.358431 0.476659
1933 0.358431 0.476659
1936 0.358431 0.476659
1939 0.358431 0.476659
1942 0.358431 0.476659
1945 0.243258 0.398124
1948 0.243258 0.398124
1951 0.243258 0.398124
1954 0.243258 0.398124
1957 0.243258 0.398124
1960 0.243258 0.398124
1963 0.243258 0.398124
1966 0.243258 0.398124
1969 0.243258 0.398124
1972 0.0193825 0.192902
1975 0.0193825 0.192902
1978 0.0193825 0.192902
1981 0.0193825 0.192902
1984 0.0193825 0.192902
1987 0.0193825 0.192902
1990 0.0193825 0.192902
1993 0.0193825 0.192902
1996 0.0193825 0.192902
1999 0.00768576 0.0299611
2002 0.00768576 0.0299611
2005 0.00768576 0.0299611
2008 0.00768576 0.0299611
2011 0.00768576 0.0299611
2014 0.00768576 0.0299611
2017 0.00768576 0.0299611
2020 0.00768576 0.0299611
2023 0.00768576 0.0299611
2026 0.289968 0.280508
2029 0.289968 0.280508
2032 0.289968 0.280508
2035 0.289968 0.280508
2038 0.289968 0.280508
2041 0.289968 0.280508
2044 0.289968 0.280508
2047 0.289968 0.280508
2050 0.289968 0.280508
2053 0.199781 0.384475
2056 0.199781 0.384475
2059 0.199781 0.384475
2062 0.199781 0.384475
2065 0.199781 0.384475
2068 0.199781 0.384475
2071 0.199781 0.384475
2074 0.199781 0.384475
2077 0.199781 0.384475
2080 0.0174864 0.198776
2083 0.0174864 0.198776
2086 0.0174864 0.198776
2089 0.0174864 0.198776
2092 0.0174864 0.198776
2095 0.0174864 0.198776
2098 0.0174864 0.198776
2101 0.0174864 0.198776
2104 0.0174864 0.198776
2107 0.0691921 0.0863787
2110 0.0691921 0.0863787
2113 0.0691921 0.0863787
2116 0.0691921 0.0863787
2119 0.0691921 0.0863787
2122 0.0691921 0.0863787
2125 0.0691921 0.0863787
2128 0.0691921 0.0863787
2131 0.0691921 0.0863787
2134 0.340528 0.271639
2137 0.340528 0.271639
2140 0.340528 0.271639
2143 0.340528 0.271639
2146 0.340528 0.271639
2149 0.340528 0.271639
2152 0.340528 0.271639
2155 0.340528 0.271639
2158 0.340528 0.271639
2161 0.287355 0.310915
2164 0.287355 0.310915
2167 0.287355 0.310915
2170 0.287355 0.310915
2173 0.287355 0.310915
2176 0.287355 0.310915
2179 0.287355 0.310915
2182 0.287355 0.310915
2185 0.287355 0.310915
2188 0.094575 0.188206
2191 0.094575 0.188206
2194 0.094575 0.188206
2197 0.094575 0.188206
2200 0.094575 0.188206
2203 0.094575 0.188206
2206 0.094575 0.188206
2209 0.094575 0.188206
2212 0.094575 0.188206
2215 0.0014545 0.0447452
2218 0.0014545 0.0447452
2221 0.0014545 0.0447452
2224 0.0014545 0.0447452
2227 0.0014545 0.0447452
2230 0.0014545 0.0447452
2233 0.0014545 0.0447452
2236 0.0014545 0.0447452
2239 0.0014545 0.0447452
2242 0.00188802 0.0256908
2245 0.00188802 0.0256908
2248 0.00188802 0.0256908
2251 0.00188802 0.0256908
2254 0.00188802 0.0256908
2257 0.00188802 0.0256908
2260 0.00188802 0.0256908
2263 0.00188802 0.0256908
2266 0.00188802 0.0256908
2269 0.0292561 0.0629447
2272 0.0292561 0.0629447
2275 0.0292561 0.0629447
2278 0.0292561 0.0629447
2281 0.0292561 0.0629447
2284 0.0292561 0.0629447
2287 0.0292561 0.0629447
2290 0.0292561 0.0629447
2293 0.0292561 0.0629447
2296 0.0895916 0.165671
2299 0.0895916 0.165671
2302 0.0895916 0.165671
2305 0.0895916 0.165671
2308 0.0895916 0.165671
2311 0.0895916 0.165671
2314 0.0895916 0.165671
2317 0.0895916 0.165671
2320 0.0895916 0.165671
2323 0.053148 0.240329
2326 0.053148 0.240329
2329 0.053148 0.240329
2332 0.053148 0.240329
2335 0.053148 0.240329
2338 0.053148 0.240329
2341 0.053148 0.240329
2344 0.053148 0.240329
2347 0.053148 0.240329
2350 0.0132809 0.0876752
2353 0.0132809 0.0876752
2356 0.0132809 0.0876752
2359 0.0132809 0.0876752
2362 0.0132809 0.0876752
2365 0.0132809 0.0876752
2368 0.0132809 0.0876752
2371 0.0132809 0.0876752
2374 0.0132809 0.0876752
2377 0.0140305 0.0659104
2380 0.0140305 0.0659104
2383 0.0140305 0.0659104
2386 0.0140305 0.0659104
2389 0.0140305 0.0659104
2392 0.0140305 0.0659104
2395 0.0140305 0.0659104
2398 0.0140305 0.0659104
2401 0.0140305 0.0659104
2404 0.0708533 0.0897658
2407 0.0708533 0.0897658
2410 0.0708533 0.0897658
2413 0.0708533 0.0897658
2416 0.0708533 0.0897658
2419 0.0708533 0.0897658
2422 0.0708533 0.0897658
2425 0.0708533 0.0897658
2428 0.0708533 0.0897658
2431 0.00369095 0.112819
2434 0.00369095 0.112819
2437 0.00369095 0.112819
2440 0.00369095 0.112819
2443 0.00369095 0.112819
2446 0.00369095 0.112819
2449 0.00369095 0.112819
2452 0.00369095 0.112819
2455 0.00369095 0.112819
2458 0.0504943 0.0557734
2461 0.0504943 0.0557734
2464 0.0504943 0.0557734
2467 0.0504943 0.0557734
2470 0.0504943 0.0557734
2473 0.0504943 0.0557734
2476 0.0504943 0.0557734
2479 0.0504943 0.0557734
2482 0.0504943 0.0557734
2485 0.0104813 0.0752775
2488 0.0104813 0.0752775
2491 0.0104813 0.0752775
2494 0.0104813 0.0752775
2497 0.0104813 0.0752775
2500 0.0104813 0.0752775
2503 0.0104813 0.0752775
2506 0.0104813 0.0752775
2509 0.0104813 0.0752775
2512 0.0417835 0.067847
2515 0.0417835 0.067847
2518 0.0417835 0.067847
2521 0.0417835 0.067847
2524 0.0417835 0.067847
2527 0.0417835 0.067847
2530 0.0417835 0.067847
2533 0.0417835 0.067847
2536 0.0417835 0.067847
2539 0.0815574 0.173835
2542 0.0815574 0.173835
2545 0.0815574 0.173835
2548 0.0815574 0.173835
2551 0.0815574 0.173835
2554 0.0815574 0.173835
2557 0.0815574 0.173835
2560 0.0815574 0.173835
2563 0.0815574 0.173835
2566 0.00939146 0.0975326
2569 0.00939146 0.0975326
2572 0.00939146 0.0975326
2575 0.00939146 0.0975326
2578 0.00939146 0.0975326
2581 0.00939146 0.0975326
2584 0.00939146 0.0975326
2587 0.00939146 0.0975326
2590 0.00939146 0.0975326
2593 0.000615833 0.0101207
2596 0.000615833 0.0101207
2599 0.000615833 0.0101207
2602 0.000615833 0.0101207
2605 0.000615833 0.0101207
2608 0.000615833 0.0101207
2611 0.000615833 0.0101207
2614 0.000615833 0.0101207
2617 0.000615833 0.0101207
2620 0.000656349 0.116441
2623 0.000656349 0.116441
2626 0.000656349 0.116441
2629 0.000656349 0.116441
2632 0.000656349 0.116441
2635 0.000656349 0.116441
2638 0.000656349 0.116441
2641 0.000656349 0.116441
2644 0.000656349 0.116441
2647 0.120813 0.159967
2650 0.120813 0.159967
2653 0.120813 0.159967
2656 0.120813 0.159967
2659 0.120813 0.159967
2662 0.120813 0.159967
2665 0.120813 0.159967
2668 0.120813 0.159967
2671 0.120813 0.159967
2674 0.159391 0.324082
2677 0.159391 0.324082
2680 0.159391 0.324082
2683 0.159391 0.324082
2686 0.159391 0.324082
2689 0.159391 0.324082
2692 0.159391 0.324082
2695 0.159391 0.324082
2698 0.159391 0.324082
2701 0.0647922 0.229301
2704 0.0647922 0.229301
2707 0.0647922 0.229301
2710 0.0647922 0.229301
2713 0.0647922 0.229301
2716 0.0647922 0.229301
2719 0.0647922 0.229301
2722 0.0647922 0.229301
2725 0.0647922 0.229301
2728 0.0522202 0.116976
2731 0.0522202 0.116976
2734 0.0522202 0.116976
2737 0.0522202 0.116976
2740 0.0522202 0.116976
2743 0.0522202 0.116976
2746 0.0522202 0.116976
2749 0.0522202 0.116976
2752 0.0522202 0.116976
2755 0.0986711 0.149631
2758 0.0986711 0.149631
2761 0.0986711 0.149631
2764 0.0986711 0.149631
2767 0.0986711 0.149631
2770 0.0986711 0.149631
2773 0.0986711 0.149631
2776 0.0986711 0.149631
2779 0.0986711 0.149631
2782 0.115327 0.26025
2785 0.115327 0.26025
2788 0.115327 0.26025
2791 0.115327 0.26025
2794 0.115327 0.26025
2797 0.115327 0.26025
2800 0.115327 0.26025
2803 0.115327 0.26025
2806 0.115327 0.26025
2809 0.12247 0.20899
2812 0.12247 0.20899
2815 0.12247 0.20899
2818 0.12247 0.20899
2821 0.12247 0.20899
2824 0.12247 0.20899
2827 0.12247 0.20899
2830 0.12247 0.20899
2833 0.12247 0.20899
2836 0.124641 0.0865368
2839 0.124641 0.0865368
2842 0.124641 0.0865368
2845 0.124641 0.0865368
2848 0.124641 0.0865368
2851 0.124641 0.0865368
2854 0.124641 0.0865368
2857 0.124641 0.0865368
2860 0.124641 0.0865368
2863 0.123795 0.0348148
2866 0.123795 0.0348148
2869 0.123795 0.0348148
2872 0.123795 0.0348148
2875 0.123795 0.0348148
2878 0.123795 0.0348148
2881 0.123795 0.0348148
2884 0.123795 0.0348148
2887 0.123795 0.0348148
2890 0.13759 0.0575196
2893 0.13759 0.0575196
2896 0.13759 0.0575196
2899 0.13759 0.0575196
2902 0.13759 0.0575196
2905 0.13759 0.0575196
2908 0.13759 0.0575196
2911 0.13759 0.0575196
2914 0.13759 0.0575196
2917 0.138182 0.0826837
2920 0.138182 0.0826837
2923 0.138182 0.0826837
2926 0.138182 0.0826837
2929 0.138182 0.0826837
2932 0.138182 0.0826837
2935 0.138182 0.0826837
2938 0.138182 0.0826837
2941 0.138182 0.0826837
2944 0.158399 0.107123
2947 0.158399 0.107123
2950 0.158399 0.107123
2953 0.158399 0.107123
2956 0.158399 0.107123
2959 0.158399 0.107123
2962 0.158399 0.107123
2965 0.158399 0.107123
2968 0.158399 0.107123
2971 0.295892 0.124516
2974 0.295892 0.124516
2977 0.295892 0.124516
2980 0.295892 0.124516
2983 0.295892 0.124516
2986 0.295892 0.124516
2989 0.295892 0.124516
2992 0.295892 0.124516
2995 0.295892 0.124516
2998 0.441403 0.210716
3001 0.441403 0.210716
3004 0.441403 0.210716
3007 0.441403 0.210716
3010 0.441403 0.210716
3013 0.441403 0.210716
3016 0.441403 0.210716
3019 0.441403 0.210716
3022 0.441403 0.210716
3025 0.639956 0.265773
3028 0.639956 0.265773
3031 0.639956 0.265773
3034 0.639956 0.265773
3037 0.639956 0.265773
3040 0.639956 0.265773
3043 0.639956 0.265773
3046 0.639956 0.265773
3049 0.639956 0.265773
3052 0.644802 0.452431
3055 0.644802 0.452431
3058 0.644802 0.452431
3061 0.644802 0.452431
3064 0.644802 0.452431
3067 0.644802 0.452431
3070 0.644802 0.452431
3073 0.644802 0.452431
3076 0.644802 0.452431
3079 0.657204 0.196949
3082 0.657204 0.196949
3085 0.657204 0.196949
3088 0.657204 0.196949
3091 0.657204 0.196949
3094 0.657204 0.196949
3097 0.657204 0.196949
3100 0.657204 0.196949
3103 0.657204 0.196949
3106 0.665931 0.218114
3109 0.665931 0.218114
3112 0.665931 0.218114
3115 0.665931 0.218114
3118 0.665931 0.218114
3121 0.665931 0.218114
3124 0.665931 0.218114
3127 0.665931 0.218114
3130 0.665931 0.218114
3133 0.664662 0.132988
3136 0.664662 0.132988
3139 0.664662 0.132988
3142 0.664662 0.132988
3145 0.664662 0.132988
3148 0.664662 0.132988
3151 0.664662 0.132988
3154 0.664662 0.132988
3157 0.664662 0.132988
3160 0.662333 0.0707641
3163 0.662333 0.0707641
3166 0.662333 0.0707641
3169 0.662333 0.0707641
3172 0.662333 0.0707641
3175 0.662333 0.0707641
3178 0.662333 0.0707641
3181 0.662333 0.0707641
3184 0.662333 0.0707641
3187 0.669472 0.11726
3190 0.669472 0.11726
3193 0.669472 0.11726
3196 0.669472 0.11726
3199 0.669472 0.11726
3202 0.669472 0.11726
3205 0.669472 0.11726
3208 0.669472 0.11726
3211 0.669472 0.11726
3214 0.661288 0.105077
3217 0.661288 0.105077
3220 0.661288 0.105077
3223 0.661288 0.105077
3226 0.661288 0.105077
3229 0.661288 0.105077
3232 0.661288 0.105077
3235 0.661288 0.105077
3238 0.661288 0.105077
3241 0.653602 0.0792521
3244 0.653602 0.0792521
3247 0.653602 0.0792521
3250 0.653602 0.0792521
3253 0.653602 0.0792521
3256 0.653602 0.0792521
3259 0.653602 0.0792521
3262 0.653602 0.0792521
3265 0.653602 0.0792521
3268 0.651588 0.0447127
3271 0.651588 0.0447127
3274 0.651588 0.0447127
3277 0.651588 0.0447127
3280 0.651588 0.0447127
3283 0.651588 0.0447127
3286 0.651588 0.0447127
3289 0.651588 0.0447127
3292 0.651588 0.0447127
3295 0.675184 0.0387408
3298 0.675184 0.0387408
3301 0.675184 0.0387408
3304 0.675184 0.0387408
3307 0.675184 0.0387408
3310 0.675184 0.0387408
3313 0.675184 0.0387408
3316 0.675184 0.0387408
3319 0.675184 0.0387408
3322 0.664561 0.0394295
3325 0.664561 0.0394295
3328 0.664561 0.0394295
3331 0.664561 0.0394295
3334 0.664561 0.0394295
3337 0.664561 0.0394295
3340 0.664561 0.0394295
3343 0.664561 0.0394295
3346 0.664561 0.0394295
3349 0.645446 0.0546512
3352 0.645446 0.0546512
3355 0.645446 0.0546512
3358 0.645446 0.0546512
3361 0.645446 0.0546512
3364 0.645446 0.0546512
3367 0.645446 0.0546512
3370 0.645446 0.0546512
3373 0.645446 0.0546512
3376 0.649716 0.0357751
3379 0.649716 0.0357751
3382 0.649716 0.0357751
3385 0.649716 0.0357751
3388 0.649716 0.0357751
3391 0.649716 0.0357751
3394 0.649716 0.0357751
3397 0.649716 0.0357751
3400 0.649716 0.0357751
3403 0.65756 0.0387124
3406 0.65756 0.0387124
3409 0.65756 0.0387124
3412 0.65756 0.0387124
3415 0.65756 0.0387124
3418 0.65756 0.0387124
3421 0.65756 0.0387124
3424 0.65756 0.0387124
3427 0.65756 0.0387124
3430 0.647731 0.087578
3433 0.647731 0.087578
3436 0.647731 0.087578
3439 0.647731 0.087578
3442 0.647731 0.087578
3445 0.647731 0.087578
3448 0.647731 0.087578
3451 0.647731 0.087578
3454 0.647731 0.087578
3457 0.710595 0.0415566
3460 0.710595 0.0415566
3463 0.710595 0.0415566
3466 0.710595 0.0415566
3469 0.710595 0.0415566
3472 0.710595 0.0415566
3475 0.710595 0.0415566
3478 0.710595 0.0415566
3481 0.710595 0.0415566
3484 0.710627 0.0319707
3487 0.710627 0.0319707
3490 0.710627 0.0319707
3493 0.710627 0.0319707
3496 0.710627 0.0319707
3499 0.710627 0.0319707
3502 0.710627 0.0319707
3505 0.710627 0.0319707
3508 0.710627 0.0319707
3511 0.72247 0.102115
3514 0.72247 0.102115
3517 0.72247 0.102115
3520 0.72247 0.102115
3523 0.72247 0.102115
3526 0.72247 0.102115
3529 0.72247 0.102115
3532 0.72247 0.102115
3535 0.72247 0.102115
3538 0.716437 0.0488696
3541 0.716437 0.0488696
3544 0.716437 0.0488696
3547 0.716437 0.0488696
3550 0.716437 0.0488696
3553 0.716437 0.0488696
3556 0.716437 0.0488696
3559 0.716437 0.0488696
3562 0.716437 0.0488696
3565 0.705822 0.0344543
3568 0.705822 0.0344543
3571 0.705822 0.0344543
3574 0.705822 0.0344543
3577 0.705822 0.0344543
3580 0.705822 0.0344543
3583 0.705822 0.0344543
3586 0.705822 0.0344543
3589 0.705822 0.0344543
3592 0.712779 0.0808079
3595 0.712779 0.0808079
3598 0.712779 0.0808079
3601 0.712779 0.0808079
3604 0.712779 0.0808079
3607 0.712779 0.0808079
3610 0.712779 0.0808079
3613 0.712779 0.0808079
3616 0.712779 0.0808079
3619 0.708605 0.0331942
3622 0.708605 0.0331942
3625 0.708605 0.0331942
3628 0.708605 0.0331942
3631 0.708605 0.0331942
3634 0.708605 0.0331942
3637 0.708605 0.0331942
3640 0.708605 0.0331942
3643 0.708605 0.0331942
3646 0.710891 0.086006
3649 0.710891 0.086006
3652 0.710891 0.086006
3655 0.710891 0.086006
3658 0.710891 0.086006
3661 0.710891 0.086006
3664 0.710891 0.086006
3667 0.710891 0.086006
3670 0.710891 0.086006
3673 0.715444 0.0574508
3676 0.715444 0.0574508
3679 0.715444 0.0574508
3682 0.715444 0.0574508
3685 0.715444 0.0574508
3688 0.715444 0.0574508
3691 0.715444 0.0574508
3694 0.715444 0.0574508
3697 0.715444 0.0574508
3700 0.70679 0.043631
3703 0.70679 0.043631
3706 0.70679 0.043631
3709 0.70679 0.043631
3712 0.70679 0.043631
3715 0.70679 0.043631
3718 0.70679 0.043631
3721 0.70679 0.043631
3724 0.70679 0.043631
3727 0.69024 0.0906936
3730 0.69024 0.0906936
3733 0.69024 0.0906936
3736 0.69024 0.0906936
3739 0.69024 0.0906936
3742 0.69024 0.0906936
3745 0.69024 0.0906936
3748 0.69024 0.0906936
3751 0.69024 0.0906936
3754 0.684624 0.0711288
3757 0.684624 0.0711288
3760 0.684624 0.0711288
3763 0.684624 0.0711288
3766 0.684624 0.0711288
3769 0.684624 0.0711288
3772 0.684624 0.0711288
3775 0.684624 0.0711288
3778 0.684624 0.0711288
3781 0.682578 0.0822097
3784 0.682578 0.0822097
3787 0.682578 0.0822097
3790 0.682578 0.0822097
3793 0.682578 0.0822097
3796 0.682578 0.0822097
3799 0.682578 0.0822097
3802 0.682578 0.0822097
3805 0.682578 0.0822097
3808 0.66478 0.0638522
3811 0.66478 0.0638522
3814 0.66478 0.0638522
3817 0.66478 0.0638522
3820 0.66478 0.0638522
3823 0.66478 0.0638522
3826 0.66478 0.0638522
3829 0.66478 0.0638522
3832 0.66478 0.0638522
3835 0.796751 0.0821935
3838 0.796751 0.0821935
3841 0.796751 0.0821935
3844 0.796751 0.0821935
3847 0.796751 0.0821935
3850 0.796751 0.0821935
3853 0.796751 0.0821935
3856 0.796751 0.0821935
3859 0.796751 0.0821935
3862 0.794547 0.0292967
3865 0.794547 0.0292967
3868 0.794547 0.0292967
3871 0.794547 0.0292967
3874 0.794547 0.0292967
3877 0.794547 0.0292967
3880 0.794547 0.0292967
3883 0.794547 0.0292967
3886 0.794547 0.0292967
3889 0.794697 0.0326432
3892 0.794697 0.0326432
3895 0.794697 0.0326432
3898 0.794697 0.0326432
3901 0.794697 0.0326432
3904 0.794697 0.0326432
3907 0.794697 0.0326432
3910 0.794697 0.0326432
3913 0.794697 0.0326432
3916 0.791265 0.0299976
3919 0.791265 0.0299976
3922 0.791265 0.0299976
3925 0.791265 0.0299976
3928 0.791265 0.0299976
3931 0.791265 0.0299976
3934 0.791265 0.0299976
3937 0.791265 0.0299976
3940 0.791265 0.0299976
3943 0.792792 0.0493518
3946 0.792792 0.0493518
3949 0.792792 0.0493518
3952 0.792792 0.0493518
3955 0.792792 0.0493518
3958 0.792792 0.0493518
3961 0.792792 0.0493518
3964 0.792792 0.0493518
3967 0.792792 0.0493518
3970 0.797083 0.063285
3973 0.797083 0.063285
3976 0.797083 0.063285
3979 0.797083 0.063285
3982 0.797083 0.063285
3985 0.797083 0.063285
3988 0.797083 0.063285
3991 0.797083 0.063285
3994 0.797083 0.063285
3997 0.795381 0.115513
4000 0.795381 0.115513
4003 0.795381 0.115513
4006 0.795381 0.115513
4009 0.795381 0.115513
4012 0.795381 0.115513
4015 0.795381 0.115513
4018 0.795381 0.115513
4021 0.795381 0.115513
4024 0.795507 0.041119
4027 0.795507 0.041119
4030 0.795507 0.041119
4033 0.795507 0.041119
4036 0.795507 0.041119
4039 0.795507 0.041119
4042 0.795507 0.041119
4045 0.795507 0.041119
4048 0.795507 0.041119
4051 0.783158 0.033729
4054 0.783158 0.033729
4057 0.783158 0.033729
4060 0.783158 0.033729
4063 0.783158 0.033729
4066 0.783158 0.033729
4069 0.783158 0.033729
4072 0.783158 0.033729
4075 0.783158 0.033729
4078 0.794093 0.0641277
4081 0.794093 0.0641277
4084 0.794093 0.0641277
4087 0.794093 0.0641277
4090 0.794093 0.0641277
4093 0.794093 0.0641277
4096 0.794093 0.0641277
4099 0.794093 0.0641277
4102 0.794093 0.0641277
4105 0.79184 0.0919658
4108 0.79184 0.0919658
4111 0.79184 0.0919658
4114 0.79184 0.0919658
4117 0.79184 0.0919658
4120 0.79184 0.0919658
4123 0.79184 0.0919658
4126 0.79184 0.0919658
4129 0.79184 0.0919658
4132 0.792225 0.0962564
4135 0.792225 0.0962564
4138 0.792225 0.0962564
4141 0.792225 0.0962564
4144 0.792225 0.0962564
4147 0.792225 0.0962564
4150 0.792225 0.0962564
4153 0.792225 0.0962564
4156 0.792225 0.0962564
4159 0.782639 0.325014
4162 0.782639 0.325014
4165 0.782639 0.325014
4168 0.782639 0.325014
4171 0.782639 0.325014
4174 0.782639 0.325014
4177 0.782639 0.325014
4180 0.782639 0.325014
4183 0.782639 0.325014
4186 0.800952 0.395689
4189 0.800952 0.395689
4192 0.800952 0.395689
4195 0.800952 0.395689
4198 0.800952 0.395689
4201 0.800952 0.395689
4204 0.800952 0.395689
4207 0.800952 0.395689
4210 0.800952 0.395689
4213 0.810502 0.59923
4216 0.810502 0.59923
4219 0.810502 0.59923
4222 0.810502 0.59923
4225 0.810502 0.59923
4228 0.810502 0.59923
4231 0.810502 0.59923
4234 0.810502 0.59923
4237 0.810502 0.59923
4240 0.849842 0.440301
4243 0.849842 0.440301
4246 0.849842 0.440301
4249 0.849842 0.440301
4252 0.849842 0.440301
4255 0.849842 0.440301
4258 0.849842 0.440301
4261 0.849842 0.440301
4264 0.849842 0.440301
4267 0.726278 0.381217
4270 0.726278 0.381217
4273 0.726278 0.381217
4276 0.726278 0.381217
4279 0.726278 0.381217
4282 0.726278 0.381217
4285 0.726278 0.381217
4288 0.726278 0.381217
4291 0.726278 0.381217
4294 0.72108 0.375318
4297 0.72108 0.375318
4300 0.72108 0.375318
4303 0.72108 0.375318
4306 0.72108 0.375318
4309 0.72108 0.375318
4312 0.72108 0.375318
4315 0.72108 0.375318
4318 0.72108 0.375318
4321 0.659331 0.49829
4324 0.659331 0.49829
4327 0.659331 0.49829
4330 0.659331 0.49829
4333 0.659331 0.49829
4336 0.659331 0.49829
4339 0.659331 0.49829
4342 0.659331 0.49829
4345 0.659331 0.49829
4348 0.611012 0.614237
4351 0.611012 0.614237
4354 0.611012 0.614237
4357 0.611012 0.614237
4360 0.611012 0.614237
4363 0.611012 0.614237
4366 0.611012 0.614237
4369 0.611012 0.614237
4372 0.611012 0.614237
4375 0.597314 0.621838
4378 0.597314 0.621838
4381 0.597314 0.621838
4384 0.597314 0.621838
4387 0.597314 0.621838
4390 0.597314 0.621838
4393 0.597314 0.621838
4396 0.597314 0.621838
4399 0.597314 0.621838
4402 0.510639 0.629524
4405 0.510639 0.629524
4408 0.510639 0.629524
4411 0.510639 0.629524
4414 0.510639 0.629524
4417 0.510639 0.629524
4420 0.510639 0.629524
4423 0.510639 0.629524
4426 0.510639 0.629524
4429 0.494474 0.524901
4432 0.494474 0.524901
4435 0.494474 0.524901
4438 0.494474 0.524901
4441 0.494474 0.524901
4444 0.494474 0.524901
4447 0.494474 0.524901
4450 0.494474 0.524901
4453 0.494474 0.524901
4456 0.486496 0.51841
4459 0.486496 0.51841
4462 0.486496 0.51841
4465 0.486496 0.51841
4468 0.486496 0.51841
4471 0.486496 0.51841
4474 0.486496 0.51841
4477 0.486496 0.51841
4480 0.486496 0.51841
4483 0.467863 0.744077
4486 0.467863 0.744077
4489 0.467863 0.744077
4492 0.467863 0.744077
4495 0.467863 0.744077
4498 0.467863 0.744077
4501 0.467863 0.744077
4504 0.467863 0.744077
4507 0.467863 0.744077
4510 0.597217 0.297164
4513 0.597217 0.297164
4516 0.597217 0.297164
4519 0.597217 0.297164
4522 0.597217 0.297164
4525 0.597217 0.297164
4528 0.597217 0.297164
4531 0.597217 0.297164
4534 0.597217 0.297164
4537 0.779345 0.560283
4540 0.779345 0.560283
4543 0.779345 0.560283
4546 0.779345 0.560283
4549 0.779345 0.560283
4552 0.779345 0.560283
4555 0.779345 0.560283
4558 0.779345 0.560283
4561 0.779345 0.560283
4564 0.596775 0.603407
4567 0.596775 0.603407
4570 0.596775 0.603407
4573 0.596775 0.603407
4576 0.596775 0.603407
4579 0.596775 0.603407
4582 0.596775 0.603407
4585 0.596775 0.603407
4588 0.596775 0.603407
4591 0.471121 0.658674
4594 0.471121 0.658674
4597 0.471121 0.658674
4600 0.471121 0.658674
4603 0.471121 0.658674
4606 0.471121 0.658674
4609 0.471121 0.658674
4612 0.471121 0.658674
4615 0.471121 0.658674
4618 0.442622 0.297111
4621 0.442622 0.297111
4624 0.442622 0.297111
4627 0.442622 0.297111
4630 0.442622 0.297111
4633 0.442622 0.297111
4636 0.442622 0.297111
4639 0.442622 0.297111
4642 0.442622 0.297111
4645 0.425043 0.503772
4648 0.425043 0.503772
4651 0.425043 0.503772
4654 0.425043 0.503772
4657 0.425043 0.503772
4660 0.425043 0.503772
4663 0.425043 0.503772
4666 0.425043 0.503772
4669 0.425043 0.503772
4672 0.386018 0.528499
4675 0.386018 0.528499
4678 0.386018 0.528499
4681 0.386018 0.528499
4684 0.386018 0.528499
4687 0.386018 0.528499
4690 0.386018 0.528499
4693 0.386018 0.528499
4696 0.386018 0.528499
4699 0.286099 0.465947
4702 0.286099 0.465947
4705 0.286099 0.465947
4708 0.286099 0.465947
4711 0.286099 0.465947
4714 0.286099 0.465947
4717 0.286099 0.465947
4720 0.286099 0.465947
4723 0.286099 0.465947
4726 0.417369 0.526967
4729 0.417369 0.526967
4732 0.417369 0.526967
4735 0.417369 0.526967
4738 0.417369 0.526967
4741 0.417369 0.526967
4744 0.417369 0.526967
4747 0.417369 0.526967
4750 0.417369 0.526967
4753 0.286598 0.405737
4756 0.286598 0.405737
4759 0.286598 0.405737
4762 0.286598 0.405737
4765 0.286598 0.405737
4768 0.286598 0.405737
4771 0.286598 0.405737
4774 0.286598 0.405737
4777 0.286598 0.405737
4780 0.0874524 0.282465
4783 0.0874524 0.282465
4786 0.0874524 0.282465
4789 0.0874524 0.282465
4792 0.0874524 0.282465
4795 0.0874524 0.282465
4798 0.0874524 0.282465
4801 0.0874524 0.282465
4804 0.0874524 0.282465
4807 0.000194474 0.124613
4810 0.000194474 0.124613
4813 0.000194474 0.124613
4816 0.000194474 0.124613
4819 0.000194474 0.124613
4822 0.000194474 0.124613
4825 0.000194474 0.124613
4828 0.000194474 0.124613
4831 0.000194474 0.124613
4834 0.000769792 0.0791913
4837 0.000769792 0.0791913
4840 0.000769792 0.0791913
4843 0.000769792 0.0791913
4846 0.000769792 0.0791913
4849 0.000769792 0.0791913
4852 0.000769792 0.0791913
4855 0.000769792 0.0791913
4858 0.000769792 0.0791913
4861 0.00174621 0.0409408
4864 0.00174621 0.0409408
4867 0.00174621 0.0409408
4870 0.00174621 0.0409408
4873 0.00174621 0.0409408
4876 0.00174621 0.0409408
4879 0.00174621 0.0409408
4882 0.00174621 0.0409408
4885 0.00174621 0.0409408
4888 0.000433514 0.0287173
4891 0.000433514 0.0287173
4894 0.000433514 0.0287173
4897 0.000433514 0.0287173
4900 0.000433514 0.0287173
4903 0.000433514 0.0287173
4906 0.000433514 0.0287173
4909 0.000433514 0.0287173
4912 0.000433514 0.0287173
4915 0.00144235 0.0136577
4918 0.00144235 0.0136577
4921 0.00144235 0.0136577
4924 0.00144235 0.0136577
4927 0.00144235 0.0136577
4930 0.00144235 0.0136577
4933 0.00144235 0.0136577
4936 0.00144235 0.0136577
4939 0.00144235 0.0136577
4942 0.102427 0.120237
4945 0.102427 0.120237
4948 0.102427 0.120237
4951 0.102427 0.120237
4954 0.102427 0.120237
4957 0.102427 0.120237
4960 0.102427 0.120237
4963 0.102427 0.120237
4966 0.102427 0.120237
4969 0.0644518 0.133842
4972 0.0644518 0.133842
4975 0.0644518 0.133842
4978 0.0644518 0.133842
4981 0.0644518 0.133842
4984 0.0644518 0.133842
4987 0.0644518 0.133842
4990 0.0644518 0.133842
4993 0.0644518 0.133842
4996 0.0919942 0.186606
4999 0.0919942 0.186606
5002 0.0919942 0.186606
5005 0.0919942 0.186606
5008 0.0919942 0.186606
5011 0.0919942 0.186606
5014 0.0919942 0.186606
5017 0.0919942 0.186606
5020 0.0919942 0.186606
5023 0.0231667 0.179775
5026 0.0231667 0.179775
5029 0.0231667 0.179775
5032 0.0231667 0.179775
5035 0.0231667 0.179775
5038 0.0231667 0.179775
5041 0.0231667 0.179775
5044 0.0231667 0.179775
5047 0.0231667 0.179775
5050 0.0488656 0.0926546
5053 0.0488656 0.0926546
5056 0.0488656 0.0926546
5059 0.0488656 0.0926546
5062 0.0488656 0.0926546
5065 0.0488656 0.0926546
5068 0.0488656 0.0926546
5071 0.0488656 0.0926546
5074 0.0488656 0.0926546
5077 0.230796 0.207487
5080 0.230796 0.207487
5083 0.230796 0.207487
5086 0.230796 0.207487
5089 0.230796 0.207487
5092 0.230796 0.207487
5095 0.230796 0.207487
5098 0.230796 0.207487
5101 0.230796 0.207487
5104 0.109959 0.27407
5107 0.109959 0.27407
5110 0.109959 0.27407
5113 0.109959 0.27407
5116 0.109959 0.27407
5119 0.109959 0.27407
5122 0.109959 0.27407
5125 0.109959 0.27407
5128 0.109959 0.27407
5131 0.00167734 0.14169
5134 0.00167734 0.14169
5137 0.00167734 0.14169
5140 0.00167734 0.14169
5143 0.00167734 0.14169
5146 0.00167734 0.14169
5149 0.00167734 0.14169
5152 0.00167734 0.14169
5155 0.00167734 0.14169
5158 5.67215e-05 0.0165505
5161 5.67215e-05 0.0165505
5164 5.67215e-05 0.0165505
5167 5.67215e-05 0.0165505
5170 5.67215e-05 0.0165505
5173 5.67215e-05 0.0165505
5176 5.67215e-05 0.0165505
5179 5.67215e-05 0.0165505
5182 5.67215e-05 0.0165505
5185 0.000113443 0.141832
5188 0.000113443 0.141832
5191 0.000113443 0.141832
5194 0.000113443 0.141832
5197 0.000113443 0.141832
5200 0.000113443 0.141832
5203 0.000113443 0.141832
5206 0.000113443 0.141832
5209 0.000113443 0.141832
5212 0 0.100186
5215 0 0.100186
5218 0 0.100186
5221 0 0.100186
5224 0 0.100186
5227 0 0.100186
5230 0 0.100186
5233 0 0.100186
5236 0 0.100186
5239 3.64638e-05 0.0822178
5242 3.64638e-05 0.0822178
5245 3.64638e-05 0.0822178
5248 3.64638e-05 0.0822178
5251 3.64638e-05 0.0822178
5254 3.64638e-05 0.0822178
5257 3.64638e-05 0.0822178
5260 3.64638e-05 0.0822178
5263 3.64638e-05 0.0822178
5266 0.0457499 0.0450855
5269 0.0457499 0.0450855
5272 0.0457499 0.0450855
5275 0.0457499 0.0450855
5278 0.0457499 0.0450855
5281 0.0457499 0.0450855
5284 0.0457499 0.0450855
5287 0.0457499 0.0450855
5290 0.0457499 0.0450855
5293 0.105879 0.139041
5296 0.105879 0.139041
5299 0.105879 0.139041
5302 0.105879 0.139041
5305 0.105879 0.139041
5308 0.105879 0.139041
5311 0.105879 0.139041
5314 0.105879 0.139041
5317 0.105879 0.139041
5320 0.167608 0.286679
5323 0.167608 0.286679
5326 0.167608 0.286679
5329 0.167608 0.286679
5332 0.167608 0.286679
5335 0.167608 0.286679
5338 0.167608 0.286679
5341 0.167608 0.286679
5344 0.167608 0.286679
5347 0.192553 0.157941
5350 0.192553 0.157941
5353 0.192553 0.157941
5356 0.192553 0.157941
5359 0.192553 0.157941
5362 0.192553 0.157941
5365 0.192553 0.157941
5368 0.192553 0.157941
5371 0.192553 0.157941
5374 0.247391 0.192736
5377 0.247391 0.192736
5380 0.247391 0.192736
5383 0.247391 0.192736
5386 0.247391 0.192736
5389 0.247391 0.192736
5392 0.247391 0.192736
5395 0.247391 0.192736
5398 0.247391 0.192736
5401 0.296706 0.268892
5404 0.296706 0.268892
5407 0.296706 0.268892
5410 0.296706 0.268892
5413 0.296706 0.268892
5416 0.296706 0.268892
5419 0.296706 0.268892
5422 0.296706 0.268892
5425 0.296706 0.268892
5428 0.347865 0.318426
5431 0.347865 0.318426
5434 0.347865 0.318426
5437 0.347865 0.318426
5440 0.347865 0.318426
5443 0.347865 0.318426
5446 0.347865 0.318426
5449 0.347865 0.318426
5452 0.347865 0.318426
5455 0.412612 0.317811
5458 0.412612 0.317811
5461 0.412612 0.317811
5464 0.412612 0.317811
5467 0.412612 0.317811
5470 0.412612 0.317811
5473 0.412612 0.317811
5476 0.412612 0.317811
5479 0.412612 0.317811
5482 0.423718 0.223791
5485 0.423718 0.223791
5488 0.423718 0.223791
5491 0.423718 0.223791
5494 0.423718 0.223791
5497 0.423718 0.223791
5500 0.423718 0.223791
5503 0.423718 0.223791
5506 0.423718 0.223791
5509 0.532817 0.0940523
5512 0.532817 0.0940523
5515 0.532817 0.0940523
5518 0.532817 0.0940523
5521 0.532817 0.0940523
5524 0.532817 0.0940523
5527 0.532817 0.0940523
5530 0.532817 0.0940523
5533 0.532817 0.0940523
5536 0.621392 0.138712
5539 0.621392 0.138712
5542 0.621392 0.138712
5545 0.621392 0.138712
5548 0.621392 0.138712
5551 0.621392 0.138712
5554 0.621392 0.138712
5557 0.621392 0.138712
5560 0.621392 0.138712
5563 0.687456 0.124937
5566 0.687456 0.124937
5569 0.687456 0.124937
5572 0.687456 0.124937
5575 0.687456 0.124937
5578 0.687456 0.124937
5581 0.687456 0.124937
5584 0.687456 0.124937
5587 0.687456 0.124937
5590 0.695418 0.122522
5593 0.695418 0.122522
5596 0.695418 0.122522
5599 0.695418 0.122522
5602 0.695418 0.122522
5605 0.695418 0.122522
5608 0.695418 0.122522
5611 0.695418 0.122522
5614 0.695418 0.122522
5617 0.69983 0.164059
5620 0.69983 0.164059
5623 0.69983 0.164059
5626 0.69983 0.164059
5629 0.69983 0.164059
5632 0.69983 0.164059
5635 0.69983 0.164059
5638 0.69983 0.164059
5641 0.69983 0.164059
5644 0.74509 0.101694
5647 0.74509 0.101694
5650 0.74509 0.101694
5653 0.74509 0.101694
5656 0.74509 0.101694
5659 0.74509 0.101694
5662 0.74509 0.101694
5665 0.74509 0.101694
5668 0.74509 0.101694
5671 0.78445 0.0917065
5674 0.78445 0.0917065
5677 0.78445 0.0917065
5680 0.78445 0.0917065
5683 0.78445 0.0917065
5686 0.78445 0.0917065
5689 0.78445 0.0917065
5692 0.78445 0.0917065
5695 0.78445 0.0917065
5698 0.785852 0.0713516
5701 0.785852 0.0713516
5704 0.785852 0.0713516
5707 0.785852 0.0713516
5710 0.785852 0.0713516
5713 0.785852 0.0713516
5716 0.785852 0.0713516
5719 0.785852 0.0713516
5722 0.785852 0.0713516
5725 0.770197 0.100729
5728 0.770197 0.100729
5731 0.770197 0.100729
5734 0.770197 0.100729
5737 0.770197 0.100729
