frame_number static_density dynamic_density
1 0.0700996 0.115039
4 0.0688721 0.112491
7 0.0775018 0.1151
10 0.0860464 0.112973
13 0.0905155 0.118767
16 0.0944048 0.131209
19 0.0970909 0.100689
22 0.0997892 0.161843
25 0.102824 0.106782
28 0.107649 0.139426
31 0.110684 0.0936917
34 0.112333 0.10209
37 0.113642 0.0884086
40 0.11493 0.0924277
43 0.116303 0.105915
46 0.117381 0.123653
49 0.118208 0.152119
52 0.120926 0.0999069
55 0.12766 0.0830321
58 0.132603 0.0833521
61 0.135078 0.0750466
64 0.130646 0.0660805
67 0.126692 0.0601531
70 0.121364 0.125022
73 0.123386 0.0671987
76 0.125885 0.0564419
79 0.129686 0.0749778
82 0.136869 0.0868648
85 0.148805 0.0925978
88 0.160611 0.0914432
91 0.173544 0.103675
94 0.179512 0.109322
97 0.185532 0.213322
100 0.185718 0.129941
103 0.184381 0.128843
106 0.179102 0.131622
109 0.180439 0.124844
112 0.186646 0.124265
115 0.192586 0.138854
118 0.196759 0.141492
121 0.197354 0.151272
124 0.198335 0.132121
127 0.199574 0.138088
130 0.202759 0.135147
133 0.20583 0.138789
136 0.210554 0.154238
139 0.214772 0.159497
142 0.216384 0.152253
145 0.218276 0.168544
148 0.216631 0.145527
151 0.215347 0.146767
154 0.212762 0.149437
157 0.208865 0.165902
160 0.206316 0.131594
163 0.204331 0.163419
166 0.202224 0.162706
169 0.201155 0.134511
172 0.199319 0.168171
175 0.198367 0.137416
178 0.197488 0.118362
181 0.197982 0.120979
184 0.197561 0.115217
187 0.196147 0.123078
190 0.196439 0.136889
193 0.195782 0.113682
196 0.196346 0.172458
199 0.196167 0.0922657
202 0.196094 0.104825
205 0.196803 0.0901385
208 0.196467 0.0767482
211 0.196637 0.104655
214 0.196297 0.0920185
217 0.195705 0.0643423
220 0.197824 0.168507
223 0.197306 0.11083
226 0.197022 0.090726
229 0.196799 0.0951017
232 0.197156 0.0682926
235 0.198241 0.0895672
238 0.197289 0.0897617
241 0.195713 0.0541447
244 0.196957 0.0836967
247 0.195187 0.106936
250 0.194834 0.0926343
253 0.194194 0.0837452
256 0.194312 0.0858115
259 0.194502 0.0752977
262 0.194328 0.119224
265 0.194595 0.0843003
268 0.194336 0.0852606
271 0.192991 0.143878
274 0.192768 0.122162
277 0.196731 0.0775423
280 0.201426 0.0720404
283 0.207244 0.0790536
286 0.213273 0.0768496
289 0.212548 0.0665586
292 0.210299 0.0491127
295 0.207657 0.140758
298 0.203095 0.0953164
301 0.199955 0.100855
304 0.197921 0.0928734
307 0.197261 0.0786078
310 0.197508 0.0877522
313 0.196512 0.0742769
316 0.197059 0.0820596
319 0.195146 0.0825501
322 0.195543 0.148408
325 0.195973 0.110959
328 0.196188 0.103642
331 0.196216 0.0986791
334 0.196321 0.0793897
337 0.196114 0.0835144
340 0.196803 0.0756583
343 0.199259 0.0409772
346 0.201564 0.110814
349 0.202492 0.0718863
352 0.201272 0.0436391
355 0.200932 0.0591849
358 0.200981 0.0771211
361 0.200912 0.0661656
364 0.20064 0.0686249
367 0.199935 0.0590794
370 0.198197 0.137785
373 0.19767 0.150357
376 0.197107 0.091516
379 0.196479 0.121364
382 0.197492 0.0579936
385 0.201037 0.0740662
388 0.203428 0.08144
391 0.2072 0.11081
394 0.208942 0.0972937
397 0.212268 0.131752
400 0.21303 0.137347
403 0.214934 0.106203
406 0.221554 0.0769144
409 0.231553 0.0755974
412 0.241832 0.102066
415 0.254023 0.111551
418 0.264901 0.126108
421 0.271667 0.197059
424 0.284021 0.151755
427 0.296775 0.170922
430 0.306608 0.169804
433 0.316769 0.186739
436 0.327145 0.198464
439 0.331784 0.238117
442 0.334053 0.243064
445 0.338409 0.283871
448 0.344855 0.271044
451 0.351613 0.272749
454 0.356527 0.283879
457 0.361652 0.277595
460 0.364302 0.284503
463 0.367336 0.28317
466 0.367434 0.276914
469 0.367017 0.274625
472 0.37042 0.312073
475 0.370152 0.279977
478 0.368499 0.285127
481 0.369168 0.265306
484 0.369788 0.256551
487 0.371007 0.247431
490 0.370914 0.263747
493 0.370987 0.291966
496 0.371951 0.293173
499 0.373807 0.274256
502 0.382384 0.26604
505 0.392865 0.23289
508 0.405863 0.190657
511 0.414987 0.12072
514 0.420975 0.187671
517 0.428567 0.164739
520 0.443748 0.230848
523 0.452078 0.190714
526 0.461134 0.131225
529 0.466449 0.162681
532 0.469869 0.138838
535 0.47217 0.20203
538 0.474856 0.162122
541 0.477761 0.123633
544 0.479033 0.138745
547 0.478405 0.198971
550 0.475808 0.155137
553 0.474577 0.120237
556 0.473426 0.124103
559 0.47121 0.158788
562 0.46965 0.151292
565 0.466182 0.188449
568 0.464667 0.277737
571 0.466842 0.313346
574 0.46916 0.296184
577 0.473693 0.292505
580 0.479382 0.218977
583 0.484839 0.195726
586 0.4896 0.12424
589 0.494798 0.133786
592 0.500454 0.137874
595 0.517774 0.223742
598 0.532663 0.121834
601 0.544166 0.106697
604 0.55188 0.128916
607 0.564816 0.121817
610 0.578021 0.118163
613 0.58554 0.114881
616 0.591715 0.136901
619 0.595178 0.137643
622 0.608196 0.197383
625 0.610299 0.181707
628 0.610676 0.147755
631 0.615149 0.194482
634 0.617503 0.176153
637 0.618184 0.21655
640 0.618208 0.160741
643 0.618037 0.157998
646 0.618232 0.191399
649 0.619229 0.156855
652 0.621056 0.120339
655 0.622121 0.15113
658 0.623276 0.127765
661 0.623418 0.143076
664 0.625026 0.120343
667 0.625537 0.0933029
670 0.624516 0.160975
673 0.625812 0.127579
676 0.626238 0.141832
679 0.627247 0.1324
682 0.629487 0.145438
685 0.629961 0.156806
688 0.629661 0.140892
691 0.629738 0.1572
694 0.630232 0.159091
697 0.633453 0.274167
700 0.633474 0.178377
703 0.634033 0.160186
706 0.6349 0.162057
709 0.635852 0.157621
712 0.63821 0.160453
715 0.638421 0.159007
718 0.63981 0.153116
721 0.642711 0.261328
724 0.643327 0.164569
727 0.643797 0.20267
730 0.64372 0.188976
733 0.644547 0.162815
736 0.645292 0.132874
739 0.646528 0.0807147
742 0.647249 0.0940159
745 0.650802 0.255838
748 0.653869 0.123754
751 0.653562 0.19263
754 0.654278 0.161409
757 0.654279 0.13676
760 0.654923 0.180544
763 0.656004 0.121765
766 0.65664 0.123944
769 0.656632 0.121137
772 0.663119 0.202042
775 0.662904 0.195199
778 0.662973 0.170343
781 0.662037 0.121623
784 0.661701 0.091034
787 0.662649 0.0988819
790 0.661709 0.0900252
793 0.661599 0.110198
796 0.657362 0.193461
799 0.656596 0.15927
802 0.654185 0.124139
805 0.652674 0.140609
808 0.652042 0.114318
811 0.653675 0.108905
814 0.661146 0.168593
817 0.669302 0.174419
820 0.696678 0.264205
823 0.713083 0.189203
826 0.739033 0.129317
829 0.750908 0.144194
832 0.757973 0.10769
835 0.76098 0.117815
838 0.761794 0.120837
841 0.763317 0.099619
844 0.763711 0.0876915
847 0.777494 0.184066
850 0.777202 0.100036
853 0.77721 0.0753099
856 0.775444 0.123308
859 0.774994 0.111717
862 0.775306 0.130763
865 0.774386 0.0949558
868 0.772859 0.0768576
871 0.777635 0.209075
874 0.778515 0.120659
877 0.778231 0.109942
880 0.780083 0.142379
883 0.779791 0.111672
886 0.779512 0.0867354
889 0.779333 0.105846
892 0.77657 0.083806
895 0.779738 0.155263
898 0.773102 0.121003
901 0.772429 0.090094
904 0.772587 0.0677335
907 0.766247 0.250835
910 0.76685 0.166798
913 0.768102 0.0886395
916 0.77029 0.0860342
919 0.770464 0.0610365
922 0.771003 0.0739406
925 0.770946 0.0646503
928 0.771578 0.0864761
931 0.771898 0.225756
934 0.772117 0.147719
937 0.771797 0.100814
940 0.771084 0.0641966
943 0.769715 0.114314
946 0.767102 0.0945992
949 0.767535 0.110931
952 0.766713 0.0895469
955 0.779236 0.211389
958 0.778592 0.127911
961 0.776133 0.133571
964 0.773252 0.153407
967 0.773483 0.123175
970 0.772482 0.0976662
973 0.770857 0.0492545
976 0.770112 0.0537922
979 0.768349 0.0889718
982 0.758832 0.13556
985 0.756045 0.0969129
988 0.755713 0.0866462
991 0.761425 0.0910459
994 0.762989 0.0862652
997 0.761806 0.0854346
1000 0.762398 0.0679241
1003 0.761948 0.072247
1006 0.759388 0.200827
1009 0.759805 0.106612
1012 0.752986 0.157406
1015 0.752411 0.103881
1018 0.753926 0.069257
1021 0.753189 0.0877685
1024 0.752646 0.0747386
1027 0.752536 0.0833117
1030 0.752504 0.124512
1033 0.752354 0.167304
1036 0.758233 0.21685
1039 0.757366 0.130678
1042 0.756248 0.0884125
1045 0.756714 0.0908799
1048 0.757139 0.0800341
1051 0.758156 0.0700023
1054 0.758208 0.0623004
1057 0.757921 0.0510413
1060 0.758545 0.0593428
1063 0.752455 0.181416
1066 0.752265 0.0681429
1069 0.751017 0.0623369
1072 0.752208 0.0577304
1075 0.751082 0.0735921
1078 0.751925 0.0417065
1081 0.752212 0.0626165
1084 0.753448 0.0596669
1087 0.75737 0.14902
1090 0.756709 0.0470505
1093 0.757856 0.0507009
1096 0.758257 0.0684061
1099 0.757957 0.0531399
1102 0.756438 0.0552103
1105 0.756138 0.055109
1108 0.755279 0.0658617
1111 0.757674 0.148205
1114 0.755409 0.0963859
1117 0.756373 0.0843732
1120 0.754615 0.0862168
1123 0.755555 0.0897537
1126 0.755465 0.0423426
1129 0.756069 0.0513047
1132 0.759675 0.0497731
1135 0.757102 0.0523743
1138 0.763617 0.127947
1141 0.76525 0.108366
1144 0.762552 0.0974435
1147 0.76151 0.0746537
1150 0.760352 0.0792076
1153 0.758095 0.0620128
1156 0.75615 0.0809132
1159 0.757033 0.0608581
1162 0.756251 0.157058
1165 0.754744 0.0867354
1168 0.754412 0.0501783
1171 0.755737 0.0617454
1174 0.754663 0.0617981
1177 0.754116 0.0615792
1180 0.756 0.0553278
1183 0.758816 0.0468884
1186 0.766227 0.136849
1189 0.766555 0.0774856
1192 0.765615 0.107195
1195 0.766733 0.0580827
1198 0.76922 0.0925248
1201 0.76935 0.0528118
1204 0.77025 0.0622519
1207 0.768439 0.0788794
1210 0.767182 0.0645369
1213 0.770776 0.222681
1216 0.770067 0.0933068
1219 0.768236 0.155927
1222 0.768264 0.163698
1225 0.767648 0.124139
1228 0.765996 0.0835102
1231 0.766846 0.0599992
1234 0.766644 0.0535978
1237 0.756904 0.14823
1240 0.754226 0.0682035
1243 0.759339 0.109894
1246 0.761976 0.115339
1249 0.761397 0.0922047
1252 0.75786 0.0839558
1255 0.754971 0.0770805
1258 0.754193 0.0759055
1261 0.755077 0.149773
1264 0.753261 0.131987
1267 0.753582 0.119865
1270 0.753768 0.112191
1273 0.751815 0.115574
1276 0.752796 0.109732
1279 0.75265 0.10028
1282 0.75286 0.0645449
1285 0.751155 0.0463658
1288 0.750851 0.0989101
1291 0.74902 0.106089
1294 0.75079 0.0599992
1297 0.752131 0.0741797
1300 0.750879 0.0805243
1303 0.752447 0.0706141
1306 0.752431 0.041824
1309 0.748639 0.0910421
1312 0.742561 0.176582
1315 0.738198 0.0988411
1318 0.734154 0.0805244
1321 0.73272 0.0668625
1324 0.728337 0.0885017
1327 0.727895 0.109322
1330 0.726744 0.0810024
1333 0.723831 0.0983875
1336 0.72896 0.234852
1339 0.726108 0.141524
1342 0.726684 0.100827
1345 0.727611 0.0993882
1348 0.727992 0.124455
1351 0.727437 0.108484
1354 0.728551 0.107836
1357 0.730686 0.104963
1360 0.731343 0.104947
1363 0.72779 0.217721
1366 0.727636 0.117596
1369 0.731375 0.0901587
1372 0.733713 0.0767199
1375 0.731788 0.0986468
1378 0.730845 0.0686047
1381 0.731622 0.0865287
1384 0.731468 0.0796249
1387 0.730208 0.197881
1390 0.731327 0.156803
1393 0.732444 0.0995786
1396 0.733737 0.115716
1399 0.734458 0.129682
1402 0.735755 0.0952434
1405 0.73684 0.098505
1408 0.73917 0.108083
1411 0.755336 0.249105
1414 0.754748 0.172506
1417 0.754801 0.172567
1420 0.756037 0.130638
1423 0.756648 0.176902
1426 0.755109 0.209825
1429 0.755222 0.177712
1432 0.754805 0.154266
1435 0.756657 0.190629
1438 0.761016 0.288275
1441 0.760242 0.259477
1444 0.761713 0.288182
1447 0.764014 0.298821
1450 0.766944 0.278993
1453 0.767268 0.294903
1456 0.771712 0.337943
1459 0.778101 0.366036
1462 0.792841 0.447618
1465 0.793591 0.395864
1468 0.796471 0.433065
1471 0.798776 0.435917
1474 0.803395 0.417867
1477 0.804801 0.420265
1480 0.808042 0.434604
1483 0.809493 0.338352
1486 0.823653 0.409963
1489 0.828264 0.443955
1492 0.830123 0.451394
1495 0.829491 0.506701
1498 0.831254 0.525711
1501 0.834956 0.579876
1504 0.837124 0.520128
1507 0.839624 0.581254
1510 0.843834 0.611907
1513 0.849072 0.653428
1516 0.844899 0.652573
1519 0.846317 0.598679
1522 0.836067 0.563872
1525 0.829605 0.62546
1528 0.827798 0.565424
1531 0.822924 0.571975
1534 0.81694 0.60867
1537 0.807333 0.618264
1540 0.803335 0.606482
1543 0.798744 0.506013
1546 0.79432 0.615015
1549 0.79229 0.614906
1552 0.766733 0.6104
1555 0.761113 0.633915
1558 0.759857 0.632684
1561 0.752123 0.633502
1564 0.756734 0.629175
1567 0.754991 0.649554
1570 0.755486 0.627627
1573 0.753318 0.614273
1576 0.755166 0.631326
1579 0.767369 0.587493
1582 0.772936 0.640187
1585 0.770987 0.593781
1588 0.769743 0.575557
1591 0.759408 0.5349
1594 0.756171 0.578357
1597 0.756065 0.62292
1600 0.75034 0.619261
1603 0.750434 0.647593
1606 0.74654 0.62691
1609 0.752431 0.622372
1612 0.752763 0.598618
1615 0.73772 0.524828
1618 0.722518 0.54517
1621 0.707499 0.569654
1624 0.703339 0.562381
1627 0.706004 0.546666
1630 0.715858 0.554627
1633 0.725107 0.488518
1636 0.716162 0.574415
1639 0.723855 0.599218
1642 0.724062 0.55726
1645 0.721647 0.574403
1648 0.709383 0.552682
1651 0.706146 0.47768
1654 0.710084 0.554599
1657 0.716396 0.553744
1660 0.723945 0.562398
1663 0.730379 0.512126
1666 0.735058 0.527291
1669 0.74654 0.508431
1672 0.754967 0.36243
1675 0.748821 0.492643
1678 0.740215 0.458281
1681 0.724483 0.442367
1684 0.715153 0.529876
1687 0.703768 0.551353
1690 0.707463 0.466595
1693 0.714898 0.428766
1696 0.715218 0.575792
1699 0.716384 0.587315
1702 0.723709 0.541062
1705 0.723633 0.537302
1708 0.71072 0.543331
1711 0.69419 0.53315
1714 0.683304 0.520813
1717 0.676339 0.521307
1720 0.662689 0.475237
1723 0.655474 0.506264
1726 0.650466 0.484138
1729 0.646066 0.453428
1732 0.582574 0.486237
1735 0.545612 0.45908
1738 0.512361 0.437991
1741 0.486152 0.491001
1744 0.461133 0.46899
1747 0.445515 0.509392
1750 0.403561 0.483097
1753 0.383344 0.464217
1756 0.37676 0.498525
1759 0.368872 0.478199
1762 0.369188 0.458662
1765 0.366328 0.436306
1768 0.377036 0.460028
1771 0.375063 0.47811
1774 0.381278 0.424346
1777 0.38238 0.481667
1780 0.373742 0.440787
1783 0.370671 0.373872
1786 0.362933 0.335475
1789 0.348136 0.391727
1792 0.333685 0.370768
1795 0.319622 0.35848
1798 0.320161 0.351697
1801 0.323138 0.355611
1804 0.322271 0.381193
1807 0.320529 0.368382
1810 0.31632 0.359051
1813 0.307795 0.405231
1816 0.298635 0.389697
1819 0.292606 0.370177
1822 0.288319 0.360036
1825 0.279422 0.341334
1828 0.27025 0.341703
1831 0.262961 0.368187
1834 0.25673 0.361729
1837 0.249644 0.3547
1840 0.236731 0.370707
1843 0.22371 0.320209
1846 0.210291 0.316619
1849 0.194162 0.29101
1852 0.173301 0.240122
1855 0.161823 0.220906
1858 0.159327 0.225148
1861 0.151754 0.216384
1864 0.141917 0.189478
1867 0.143902 0.196001
1870 0.160116 0.214253
1873 0.170801 0.213516
1876 0.185386 0.2264
1879 0.207823 0.261251
1882 0.219439 0.277113
1885 0.231784 0.297634
1888 0.24731 0.349955
1891 0.272028 0.373908
1894 0.292719 0.365315
1897 0.290074 0.43266
1900 0.298703 0.468945
1903 0.328936 0.470282
1906 0.371117 0.467721
1909 0.3824 0.480229
1912 0.374662 0.398489
1915 0.373527 0.420197
1918 0.358431 0.387027
1921 0.35767 0.40331
1924 0.352844 0.40455
1927 0.335467 0.41145
1930 0.317794 0.356713
1933 0.287542 0.352634
1936 0.272125 0.318349
1939 0.260206 0.279856
1942 0.253189 0.261207
1945 0.243258 0.311899
1948 0.221587 0.29987
1951 0.188672 0.258472
1954 0.159574 0.211786
1957 0.127336 0.242391
1960 0.111 0.121672
1963 0.0894619 0.168435
1966 0.0671946 0.138951
1969 0.0443603 0.103205
1972 0.0193826 0.0465076
1975 0.00716716 0.0806133
1978 0.00716716 0.0786525
1981 0.00737379 0.0720646
1984 0.00707396 0.0717526
1987 0.00685114 0.0904546
1990 0.00696055 0.0644721
1993 0.00641763 0.0695365
1996 0.00654728 0.0638563
1999 0.00768576 0.0498825
2002 0.0289929 0.0645735
2005 0.0687666 0.0713071
2008 0.10726 0.0784984
2011 0.148023 0.14637
2014 0.187825 0.183782
2017 0.222575 0.200672
2020 0.244891 0.255635
2023 0.25865 0.261377
2026 0.289968 0.349129
2029 0.318317 0.314233
2032 0.310895 0.372413
2035 0.294834 0.321307
2038 0.282048 0.312576
2041 0.279556 0.265955
2044 0.248339 0.303995
2047 0.229523 0.301843
2050 0.222765 0.26717
2053 0.199781 0.229208
2056 0.169034 0.201969
2059 0.138303 0.15931
2062 0.105494 0.146398
2065 0.0804513 0.122454
2068 0.0698404 0.114099
2071 0.0625881 0.100446
2074 0.0504902 0.0881127
2077 0.0328538 0.0493476
2080 0.0174864 0.0446074
2083 0.0124787 0.0552549
2086 0.0122924 0.149566
2089 0.0110445 0.0981402
2092 0.0099911 0.102731
2095 0.00958999 0.0970788
2098 0.0144235 0.0748279
2101 0.0270805 0.0878615
2104 0.0460294 0.0916336
2107 0.0691921 0.0948301
2110 0.0969208 0.0871323
2113 0.128847 0.163597
2116 0.161677 0.184317
2119 0.194202 0.209436
2122 0.227218 0.169382
2125 0.265696 0.180929
2128 0.301722 0.209258
2131 0.325986 0.238579
2134 0.340527 0.223244
2137 0.341541 0.263913
2140 0.338931 0.2516
2143 0.338121 0.254457
2146 0.332744 0.273839
2149 0.32294 0.263204
2152 0.299384 0.280079
2155 0.293542 0.242562
2158 0.292813 0.281108
2161 0.287355 0.274463
2164 0.282975 0.27798
2167 0.274103 0.194437
2170 0.260234 0.142476
2173 0.243364 0.175516
2176 0.212163 0.236768
2179 0.178114 0.223872
2182 0.142347 0.197439
2185 0.118357 0.15062
2188 0.0945752 0.147358
2191 0.0735353 0.163487
2194 0.0541528 0.188534
2197 0.0365123 0.0956446
2200 0.0219876 0.101876
2203 0.0165586 0.165526
2206 0.0124747 0.15316
2209 0.00872296 0.0984604
2212 0.00348433 0.191723
2215 0.0014545 0.139389
2218 0.0018394 0.143294
2221 0.00116279 0.114407
2224 0.00156794 0.145227
2227 0.00134511 0.11557
2230 0.00200956 0.13823
2233 0.00192853 0.105733
2236 0.00166923 0.145393
2239 0.00173811 0.127745
2242 0.00188801 0.130938
2245 0.00179888 0.118151
2248 0.00195689 0.156555
2251 0.00290496 0.168443
2254 0.00358966 0.106782
2257 0.00292521 0.11307
2260 0.00426221 0.10989
2263 0.00583421 0.173154
2266 0.00962643 0.0753788
2269 0.0292561 0.0831984
2272 0.046459 0.126947
2275 0.0603516 0.157204
2278 0.0683454 0.134442
2281 0.075229 0.145328
2284 0.0799084 0.140357
2287 0.0850822 0.185135
2290 0.0879751 0.16824
2293 0.0891784 0.147261
2296 0.0895915 0.185427
2299 0.0959403 0.183883
2302 0.102261 0.203063
2305 0.104769 0.189758
2308 0.102281 0.173722
2311 0.091593 0.191784
2314 0.0782473 0.15799
2317 0.0688761 0.149793
2320 0.0568958 0.151734
2323 0.053148 0.13883
2326 0.0486305 0.131699
2329 0.0462686 0.136816
2332 0.041119 0.157483
2335 0.0319828 0.146191
2338 0.0276112 0.129823
2341 0.0245158 0.10327
2344 0.0204927 0.169435
2347 0.015882 0.138798
2350 0.0132809 0.0759459
2353 0.0136496 0.125962
2356 0.0114051 0.118264
2359 0.0100964 0.105607
2362 0.0104611 0.114946
2365 0.0130905 0.0869421
2368 0.0136861 0.050478
2371 0.0137307 0.0851794
2374 0.0159469 0.0826918
2377 0.0140305 0.0947613
2380 0.0129082 0.120331
2383 0.0138157 0.084815
2386 0.0376672 0.149506
2389 0.0567823 0.123977
2392 0.0633376 0.151155
2395 0.0675228 0.164318
2398 0.0687666 0.168852
2401 0.0686613 0.12783
2404 0.0708531 0.13255
2407 0.0757798 0.147111
2410 0.0781623 0.160558
2413 0.0721701 0.180731
2416 0.0599465 0.15064
2419 0.0519245 0.215505
2422 0.0362896 0.167701
2425 0.0215137 0.156292
2428 0.0102747 0.13503
2431 0.00369095 0.0760151
2434 0.0189896 0.104894
2437 0.0310267 0.192849
2440 0.0361356 0.118828
2443 0.0409692 0.100337
2446 0.0449519 0.105891
2449 0.0488454 0.0920791
2452 0.0505713 0.114302
2455 0.051171 0.128365
2458 0.0504943 0.130613
2461 0.0584395 0.135171
2464 0.0472287 0.126797
2467 0.03396 0.145377
2470 0.0225711 0.122178
2473 0.0160157 0.138433
2476 0.0112552 0.112669
2479 0.00760069 0.105858
2482 0.00911595 0.0818612
2485 0.0104813 0.0832307
2488 0.0120736 0.133863
2491 0.013366 0.11151
2494 0.0145207 0.0618629
2497 0.0151446 0.0709141
2500 0.0164898 0.0620735
2503 0.016899 0.0941333
2506 0.0182967 0.117406
2509 0.0254923 0.0937121
2512 0.0417834 0.124475
2515 0.0541204 0.16038
2518 0.0548173 0.162475
2521 0.0587634 0.187063
2524 0.0633052 0.173207
2527 0.0673081 0.172875
2530 0.0716637 0.198436
2533 0.0744064 0.171108
2536 0.0784337 0.199773
2539 0.0815574 0.182202
2542 0.0826918 0.195479
2545 0.0857022 0.223195
2548 0.0851228 0.240045
2551 0.0743174 0.220165
2554 0.068629 0.20429
2557 0.051572 0.183527
2560 0.0357062 0.205688
2563 0.0219878 0.161725
2566 0.00939147 0.147322
2569 0.00155984 0.0562272
2572 0.000534803 0.0825297
2575 0.000530752 0.0965359
2578 0.000538854 0.102492
2581 0.000542906 0.096868
2584 0.000514545 0.0931812
2587 0.000704966 0.139061
2590 0.000603678 0.119508
2593 0.000615834 0.136476
2596 0.0006604 0.114768
2599 0.00055506 0.116895
2602 0.000526699 0.117381
2605 0.000530752 0.129147
2608 0.000591524 0.122085
2611 0.000822462 0.197395
2614 0.000704966 0.135382
2617 0.00070902 0.112292
2620 0.000656348 0.11903
2623 0.000688762 0.10284
2626 0.0123329 0.102475
2629 0.0250182 0.117191
2632 0.0323881 0.0958795
2635 0.0375496 0.106288
2638 0.0495017 0.170047
2641 0.0710274 0.158192
2644 0.095847 0.162604
2647 0.120813 0.19923
2650 0.138542 0.248865
2653 0.150985 0.259428
2656 0.1582 0.256806
2659 0.16984 0.278166
2662 0.17802 0.305158
2665 0.169508 0.309525
2668 0.161766 0.298254
2671 0.154744 0.276124
2674 0.159391 0.292444
2677 0.16239 0.267053
2680 0.154732 0.242387
2683 0.138842 0.208221
2686 0.13142 0.23992
2689 0.119447 0.217762
2692 0.11102 0.180111
2695 0.0971842 0.177607
2698 0.0780892 0.180861
2701 0.0647921 0.172976
2704 0.0500122 0.160959
2707 0.0420427 0.118426
2710 0.0425007 0.0956649
2713 0.0432096 0.136334
2716 0.0452515 0.10989
2719 0.0459889 0.122109
2722 0.0446845 0.117523
2725 0.0459931 0.111766
2728 0.0522203 0.104335
2731 0.0655215 0.116401
2734 0.0751683 0.127206
2737 0.0808444 0.150255
2740 0.0845433 0.130423
2743 0.0862855 0.137165
2746 0.0884207 0.136674
2749 0.0944048 0.150685
2752 0.0962847 0.152698
2755 0.0986712 0.162288
2758 0.100588 0.153837
2761 0.102281 0.193655
2764 0.104242 0.214812
2767 0.106624 0.200008
2770 0.107694 0.134402
2773 0.109703 0.174273
2776 0.10991 0.191447
2779 0.111697 0.160842
2782 0.115327 0.190199
2785 0.116907 0.22136
2788 0.117029 0.232015
2791 0.118977 0.201398
2794 0.119322 0.194121
2797 0.119212 0.186679
2800 0.120189 0.203152
2803 0.120477 0.200385
2806 0.121789 0.20066
2809 0.12247 0.176594
2812 0.121558 0.198465
2815 0.123017 0.124115
2818 0.123211 0.139397
2821 0.124086 0.140937
2824 0.124159 0.130889
2827 0.123831 0.115655
2830 0.123361 0.110939
2833 0.123973 0.0739203
2836 0.124641 0.202326
2839 0.12484 0.13159
2842 0.124974 0.0940077
2845 0.123957 0.09748
2848 0.12439 0.117855
2851 0.130998 0.090645
2854 0.136448 0.0766226
2857 0.132578 0.0854509
2860 0.128503 0.0746941
2863 0.123795 0.143197
2866 0.125488 0.125427
2869 0.126858 0.0811805
2872 0.12815 0.116757
2875 0.127425 0.099222
2878 0.126704 0.0682643
2881 0.13016 0.0845878
2884 0.133838 0.110655
2887 0.135236 0.132194
2890 0.13759 0.10705
2893 0.137189 0.0895835
2896 0.135601 0.0696823
2899 0.13663 0.0848149
2902 0.13729 0.108739
2905 0.136346 0.106012
2908 0.137995 0.0736327
2911 0.137979 0.112997
2914 0.138364 0.111997
2917 0.138182 0.104923
2920 0.136982 0.0956123
2923 0.138234 0.113459
2926 0.137643 0.112426
2929 0.137963 0.119419
2932 0.141674 0.117288
2935 0.143445 0.129305
2938 0.143558 0.135443
2941 0.148866 0.0868244
2944 0.158399 0.0995827
2947 0.171882 0.109274
2950 0.185435 0.0919739
2953 0.198594 0.103837
2956 0.211709 0.109732
2959 0.227328 0.109748
2962 0.2469 0.168167
2965 0.261993 0.151305
2968 0.277846 0.199145
2971 0.295892 0.168361
2974 0.314857 0.186431
2977 0.329917 0.219358
2980 0.340491 0.222012
2983 0.355883 0.195491
2986 0.378219 0.24733
2989 0.385528 0.232631
2992 0.403359 0.251211
2995 0.420711 0.261924
2998 0.441403 0.268884
3001 0.466737 0.271194
3004 0.490544 0.307046
3007 0.512467 0.295183
3010 0.531027 0.270808
3013 0.561717 0.315015
3016 0.590759 0.358779
3019 0.613091 0.331477
3022 0.626489 0.317223
3025 0.639956 0.23394
3028 0.647273 0.197922
3031 0.663755 0.173102
3034 0.673118 0.196698
3037 0.694441 0.242691
3040 0.680642 0.181825
3043 0.656547 0.201779
3046 0.651657 0.153865
3049 0.648979 0.159979
3052 0.644802 0.176068
3055 0.641561 0.160185
3058 0.643817 0.123333
3061 0.649984 0.191852
3064 0.654173 0.152508
3067 0.657228 0.176809
3070 0.662102 0.200822
3073 0.661928 0.183413
3076 0.658613 0.188988
3079 0.657204 0.177964
3082 0.663787 0.168491
3085 0.66999 0.1777
3088 0.685269 0.247877
3091 0.681809 0.159233
3094 0.677769 0.134547
3097 0.673321 0.171372
3100 0.669755 0.146516
3103 0.668605 0.156892
3106 0.665931 0.137274
3109 0.66397 0.162033
3112 0.660396 0.204303
3115 0.659278 0.14872
3118 0.655117 0.165841
3121 0.655693 0.130978
3124 0.656138 0.148618
3127 0.660441 0.136565
3130 0.664865 0.130857
3133 0.664662 0.135872
3136 0.671096 0.206219
3139 0.67016 0.150065
3142 0.67031 0.133713
3145 0.666907 0.103768
3148 0.664824 0.089944
3151 0.663508 0.120209
3154 0.662928 0.0891378
3157 0.663034 0.105036
3160 0.662333 0.0937728
3163 0.661486 0.170833
3166 0.660858 0.155794
3169 0.658055 0.118293
3172 0.658261 0.133048
3175 0.656896 0.140483
3178 0.657957 0.136995
3181 0.661247 0.100624
3184 0.662997 0.107823
3187 0.669472 0.185572
3190 0.666393 0.165031
3193 0.666303 0.163629
3196 0.665813 0.130747
3199 0.664176 0.119986
3202 0.663528 0.113443
3205 0.663338 0.12076
3208 0.661624 0.124767
3211 0.658399 0.18588
3214 0.661287 0.130407
3217 0.661186 0.12104
3220 0.660664 0.0796693
3223 0.659359 0.0595982
3226 0.65869 0.0477028
3229 0.658079 0.0805689
3232 0.655636 0.0546107
3235 0.654943 0.0530589
3238 0.655036 0.146272
3241 0.653602 0.0619723
3244 0.652994 0.0521068
3247 0.652115 0.105121
3250 0.651657 0.0533952
3253 0.651215 0.0681834
3256 0.64996 0.075318
3259 0.651187 0.0694717
3262 0.65047 0.153667
3265 0.652528 0.0993315
3268 0.651588 0.0581072
3271 0.653407 0.0328255
3274 0.654797 0.0480107
3277 0.658346 0.0495381
3280 0.658942 0.0524715
3283 0.659181 0.0517948
3286 0.675622 0.149036
3289 0.673941 0.123365
3292 0.674078 0.096082
3295 0.675184 0.0656551
3298 0.673009 0.0844908
3301 0.671011 0.079475
3304 0.670723 0.0612593
3307 0.670525 0.092059
3310 0.670331 0.0982661
3313 0.668455 0.150924
3316 0.66719 0.112742
3319 0.665234 0.0726116
3322 0.664561 0.0970749
3325 0.664282 0.103614
3328 0.663512 0.0777003
3331 0.661786 0.078531
3334 0.660574 0.0987723
3337 0.650433 0.170606
3340 0.649469 0.0950571
3343 0.649295 0.111486
3346 0.647768 0.0882383
3349 0.645446 0.103152
3352 0.645426 0.0898753
3355 0.646208 0.0806174
3358 0.648505 0.0773196
3361 0.654489 0.147443
3364 0.654282 0.0799814
3367 0.652005 0.0646222
3370 0.649088 0.0679038
3373 0.649129 0.0748521
3376 0.649716 0.0428207
3379 0.65043 0.0435256
3382 0.65051 0.0434406
3385 0.650685 0.0553602
3388 0.65107 0.136419
3391 0.65188 0.0617616
3394 0.653043 0.0471518
3397 0.653663 0.0380074
3400 0.655899 0.0356819
3403 0.65756 0.0453245
3406 0.657584 0.0595981
3409 0.6563 0.0474475
3412 0.651568 0.193671
3415 0.65 0.0856088
3418 0.648566 0.0989182
3421 0.647853 0.0830929
3424 0.647346 0.103651
3427 0.647488 0.083636
3430 0.647731 0.0895957
3433 0.651333 0.0885747
3436 0.688178 0.242229
3439 0.688842 0.106981
3442 0.690556 0.121676
3445 0.697881 0.0946074
3448 0.706012 0.0597075
3451 0.709128 0.0824569
3454 0.710003 0.096848
3457 0.710595 0.0594239
3460 0.710761 0.0871486
3463 0.706944 0.197099
3466 0.706726 0.126448
3469 0.706418 0.141557
3472 0.704829 0.111677
3475 0.705794 0.0560327
3478 0.707431 0.090961
3481 0.709197 0.0771413
3484 0.710627 0.0927072
3487 0.706215 0.180581
3490 0.709817 0.110311
3493 0.711413 0.117361
3496 0.715732 0.120241
3499 0.716263 0.125277
3502 0.717122 0.118556
3505 0.717608 0.0888218
3508 0.717515 0.0695445
3511 0.72247 0.169022
3514 0.723697 0.0971233
3517 0.72497 0.111879
3520 0.724386 0.0848837
3523 0.725095 0.0989264
3526 0.725569 0.0994126
3529 0.725051 0.0628555
3532 0.725265 0.0818369
3535 0.725298 0.0910379
3538 0.716437 0.239604
3541 0.717223 0.188254
3544 0.717774 0.0679362
3547 0.717162 0.102026
3550 0.717397 0.0834413
3553 0.716222 0.0750789
3556 0.718357 0.0896644
3559 0.71747 0.0692651
3562 0.705939 0.20186
3565 0.705822 0.079564
3568 0.70643 0.0688153
3571 0.709148 0.166952
3574 0.708585 0.116469
3577 0.71147 0.11726
3580 0.711778 0.0717202
3583 0.71288 0.0875901
3586 0.709821 0.136132
3589 0.709472 0.0978
3592 0.712778 0.0913095
3595 0.706341 0.141706
3598 0.705344 0.100409
3601 0.707199 0.073183
3604 0.706401 0.0488939
3607 0.706276 0.12418
3610 0.705737 0.0436026
3613 0.706697 0.0714772
3616 0.707094 0.0504862
3619 0.708605 0.0350417
3622 0.702394 0.176829
3625 0.704364 0.119342
3628 0.703569 0.0872416
3631 0.702362 0.097322
3634 0.7038 0.0744225
3637 0.708925 0.0873957
3640 0.713475 0.087023
3643 0.713812 0.114196
3646 0.710891 0.181387
3649 0.713593 0.145325
3652 0.712932 0.106053
3655 0.713755 0.104149
3658 0.716842 0.134799
3661 0.716842 0.140102
3664 0.718795 0.0977878
3667 0.720995 0.0963496
3670 0.71286 0.251017
3673 0.715445 0.104838
3676 0.716619 0.104943
3679 0.717114 0.0589944
3682 0.717199 0.0619156
3685 0.716737 0.0674662
3688 0.71606 0.0744592
3691 0.715651 0.0413824
3694 0.715619 0.0321489
3697 0.708654 0.138534
3700 0.70679 0.0892513
3703 0.705664 0.103067
3706 0.703991 0.110874
3709 0.703298 0.0972247
3712 0.703221 0.0853781
3715 0.703654 0.0849971
3718 0.703614 0.0863098
3721 0.694056 0.206685
3724 0.692464 0.109594
3727 0.69024 0.0933433
3730 0.689932 0.124022
3733 0.689604 0.102532
3736 0.689426 0.079718
3739 0.692448 0.0942226
3742 0.693116 0.102317
3745 0.684365 0.222332
3748 0.685029 0.132971
3751 0.684819 0.145766
3754 0.684624 0.111527
3757 0.684665 0.111729
3760 0.683012 0.104327
3763 0.681995 0.0493679
3766 0.680565 0.0756139
3769 0.678341 0.105004
3772 0.679414 0.119107
3775 0.682684 0.0704319
3778 0.682485 0.0862086
3781 0.682578 0.067766
3784 0.678964 0.0898347
3787 0.679418 0.0817802
3790 0.679102 0.0606515
3793 0.678956 0.0595576
3796 0.671218 0.248598
3799 0.670136 0.16984
3802 0.667701 0.142659
3805 0.665979 0.143246
3808 0.66478 0.124159
3811 0.699441 0.138704
3814 0.719301 0.145272
3817 0.744482 0.139892
3820 0.787918 0.235147
3823 0.790147 0.154692
3826 0.791674 0.0868204
3829 0.793793 0.0703387
3832 0.795608 0.0814925
3835 0.796751 0.0776639
3838 0.797371 0.0748278
3841 0.797435 0.0992463
3844 0.797739 0.0446114
3847 0.798335 0.195977
3850 0.798035 0.126801
3853 0.796795 0.0777814
3856 0.795483 0.0930597
3859 0.794547 0.0775504
3862 0.794547 0.070051
3865 0.794863 0.0651567
3868 0.794842 0.079564
3871 0.793979 0.1604
3874 0.794668 0.1132
3877 0.795102 0.0744997
3880 0.795069 0.0605219
3883 0.794741 0.0605785
3886 0.794936 0.0475691
3889 0.794697 0.0380925
3892 0.794393 0.072162
3895 0.792184 0.127473
3898 0.792257 0.0776762
3901 0.792375 0.133988
3904 0.792237 0.103918
3907 0.792201 0.0827487
3910 0.791455 0.0693866
3913 0.791297 0.0600113
3916 0.791265 0.0619075
3919 0.789089 0.051726
3922 0.790726 0.158217
3925 0.79167 0.0831983
3928 0.791553 0.0911352
3931 0.790807 0.0388542
3934 0.790321 0.062191
3937 0.791791 0.0727088
3940 0.792525 0.0458431
3943 0.792792 0.0647273
3946 0.792999 0.184393
3949 0.792821 0.108217
3952 0.792509 0.0746779
3955 0.792748 0.0889313
3958 0.793149 0.0841504
3961 0.793473 0.0657726
3964 0.792699 0.0606637
3967 0.79321 0.0353172
3970 0.797083 0.176311
3973 0.79703 0.15233
3976 0.79652 0.0944981
3979 0.796171 0.0559719
3982 0.793339 0.105595
3985 0.792225 0.0836642
3988 0.791698 0.0604611
3991 0.794352 0.0818045
3994 0.794303 0.0915648
3997 0.795381 0.174119
4000 0.795328 0.125205
4003 0.793874 0.129831
4006 0.793226 0.0808728
4009 0.792962 0.128681
4012 0.793173 0.090953
4015 0.793728 0.0558181
4018 0.794494 0.0754315
4021 0.79573 0.118548
4024 0.795507 0.0843773
4027 0.795576 0.0950408
4030 0.79526 0.109979
4033 0.795264 0.0921644
4036 0.795345 0.0896402
4039 0.795341 0.0816424
4042 0.793927 0.058095
4045 0.782858 0.25628
4048 0.781035 0.102334
4051 0.783158 0.0921684
4054 0.784782 0.145831
4057 0.782323 0.112681
4060 0.780723 0.0759176
4063 0.785504 0.0609391
4066 0.788684 0.0378859
4069 0.79056 0.0451665
4072 0.793838 0.187197
4075 0.794178 0.086156
4078 0.794093 0.100875
4081 0.79389 0.0891499
4084 0.793866 0.0659996
4087 0.793979 0.131367
4090 0.793663 0.0706791
4093 0.795413 0.215497
4096 0.795175 0.141788
4099 0.794903 0.132603
4102 0.793538 0.139142
4105 0.79184 0.124171
4108 0.791512 0.14406
4111 0.793262 0.117794
4114 0.793635 0.0818371
4117 0.794303 0.07689
4120 0.793963 0.150709
4123 0.793862 0.0595008
4126 0.792991 0.058488
4129 0.792829 0.0864394
4132 0.792225 0.199441
4135 0.79103 0.190815
4138 0.789851 0.218455
4141 0.789474 0.21687
4144 0.788769 0.268892
4147 0.787165 0.245089
4150 0.786423 0.212714
4153 0.784932 0.248651
4156 0.784041 0.206855
4159 0.782639 0.243501
4162 0.783263 0.28148
4165 0.784774 0.257471
4168 0.784511 0.306203
4171 0.794186 0.327899
4174 0.788485 0.286363
4177 0.792719 0.214144
4180 0.79338 0.219581
4183 0.797382 0.221793
4186 0.800952 0.23676
4189 0.804145 0.305923
4192 0.807325 0.260947
4195 0.805121 0.324524
4198 0.807167 0.342387
4201 0.806616 0.42676
4204 0.806122 0.462001
4207 0.808334 0.360951
4210 0.808095 0.452014
4213 0.810502 0.466846
4216 0.815424 0.414026
4219 0.81935 0.53163
4222 0.818775 0.573195
4225 0.820088 0.539114
4228 0.826416 0.467503
4231 0.833543 0.52514
4234 0.840746 0.471303
4237 0.845507 0.49609
4240 0.849842 0.527575
4243 0.841022 0.568686
4246 0.834709 0.577793
4249 0.817215 0.55282
4252 0.799019 0.560709
4255 0.760019 0.554493
4258 0.753038 0.548088
4261 0.721113 0.530881
4264 0.72266 0.569216
4267 0.726278 0.569958
4270 0.728583 0.579434
4273 0.746925 0.559399
4276 0.75436 0.522814
4279 0.759566 0.490446
4282 0.766907 0.512961
4285 0.760587 0.540702
4288 0.758123 0.572519
4291 0.75645 0.580459
4294 0.72108 0.521323
4297 0.709716 0.546937
4300 0.710672 0.586601
4303 0.705554 0.603387
4306 0.694733 0.576886
4309 0.691577 0.635309
4312 0.695402 0.640929
4315 0.698513 0.637116
4318 0.677704 0.686914
4321 0.659331 0.65807
4324 0.641074 0.677093
4327 0.635293 0.660781
4330 0.61414 0.525448
4333 0.608075 0.631347
4336 0.607301 0.664582
4339 0.604724 0.623203
4342 0.608217 0.660109
4345 0.604935 0.645547
4348 0.611012 0.610571
4351 0.616575 0.621805
4354 0.616518 0.636857
4357 0.614468 0.629175
4360 0.611656 0.590981
4363 0.607665 0.614367
4366 0.607001 0.60547
4369 0.596823 0.577725
4372 0.601402 0.583446
4375 0.597314 0.561324
4378 0.594032 0.532505
4381 0.589762 0.527307
4384 0.590673 0.448177
4387 0.590373 0.496038
4390 0.581821 0.49263
4393 0.5723 0.496836
4396 0.55081 0.541472
4399 0.52625 0.50079
4402 0.510639 0.550429
4405 0.494611 0.527834
4408 0.472611 0.500105
4411 0.459934 0.46495
4414 0.461668 0.478653
4417 0.475788 0.471453
4420 0.485463 0.484175
4423 0.501207 0.465866
4426 0.508622 0.51256
4429 0.494474 0.465456
4432 0.481987 0.406665
4435 0.473098 0.451264
4438 0.462872 0.544709
4441 0.459294 0.558512
4444 0.466141 0.560177
4447 0.479742 0.566214
4450 0.485613 0.548679
4453 0.483741 0.567973
4456 0.486496 0.553359
4459 0.48409 0.517288
4462 0.478527 0.581723
4465 0.47685 0.547525
4468 0.481719 0.541212
4471 0.496888 0.55833
4474 0.516846 0.492128
4477 0.512519 0.547687
4480 0.490317 0.495345
4483 0.467863 0.490556
4486 0.458204 0.471011
4489 0.442266 0.445341
4492 0.444158 0.465023
4495 0.441893 0.446556
4498 0.460368 0.407597
4501 0.482254 0.478397
4504 0.523118 0.470789
4507 0.557929 0.477186
4510 0.597217 0.48823
4513 0.63428 0.504955
4516 0.660895 0.468252
4519 0.672429 0.499267
4522 0.673758 0.471895
4525 0.70867 0.50773
4528 0.721408 0.498748
4531 0.766636 0.491074
4534 0.777522 0.509764
4537 0.779345 0.47832
4540 0.765558 0.494907
4543 0.757759 0.44197
4546 0.733113 0.489264
4549 0.718285 0.487578
4552 0.704676 0.470987
4555 0.697407 0.511514
4558 0.615546 0.550122
4561 0.598695 0.533134
4564 0.596775 0.546329
4567 0.555988 0.527165
4570 0.564918 0.525168
4573 0.532149 0.54451
4576 0.523134 0.528288
4579 0.507807 0.528802
4582 0.483838 0.501029
4585 0.479337 0.475209
4588 0.472964 0.44953
4591 0.471121 0.465477
4594 0.494425 0.469901
4597 0.501479 0.523069
4600 0.497727 0.481338
4603 0.489778 0.428831
4606 0.488935 0.507455
4609 0.481881 0.48582
4612 0.47704 0.430666
4615 0.45564 0.382428
4618 0.442622 0.399648
4621 0.430038 0.423013
4624 0.383518 0.438579
4627 0.360789 0.389729
4630 0.357005 0.382566
4633 0.372255 0.354805
4636 0.381699 0.400515
4639 0.397707 0.401925
4642 0.412187 0.427267
4645 0.425042 0.430986
4648 0.431351 0.401313
4651 0.446961 0.448331
4654 0.455016 0.461729
4657 0.459436 0.441236
4660 0.436322 0.416737
4663 0.427753 0.418694
4666 0.416652 0.403626
4669 0.405737 0.397172
4672 0.386018 0.400531
4675 0.361867 0.351515
4678 0.311835 0.384872
4681 0.273864 0.349721
4684 0.261466 0.349757
4687 0.253209 0.349563
4690 0.269945 0.348728
4693 0.278717 0.36935
4696 0.280277 0.354113
4699 0.286099 0.361709
4702 0.293068 0.314545
4705 0.296305 0.384029
4708 0.296118 0.403748
4711 0.313362 0.414031
4714 0.34026 0.424556
4717 0.357459 0.408018
4720 0.40329 0.390657
4723 0.408666 0.41181
4726 0.417369 0.461
4729 0.426939 0.452929
4732 0.412187 0.414464
4735 0.404286 0.442391
4738 0.39011 0.389077
4741 0.371011 0.434037
4744 0.360173 0.404619
4747 0.337955 0.405385
4750 0.313642 0.404396
4753 0.286597 0.369026
4756 0.25737 0.329288
4759 0.234661 0.345268
4762 0.208245 0.351799
4765 0.186743 0.319812
4768 0.164488 0.307159
4771 0.149153 0.245888
4774 0.1308 0.220728
4777 0.105186 0.214699
4780 0.0874525 0.199101
4783 0.0698686 0.192022
4786 0.0494975 0.161834
4789 0.0316101 0.204902
4792 0.0166721 0.151135
4795 0.00711855 0.147508
4798 0.000320071 0.0999596
4801 0.000299814 0.116117
4804 0.000251195 0.15908
4807 0.000194474 0.120918
4810 0.000153958 0.128235
4813 0.000117495 0.147516
4816 9.31852e-05 0.159246
4819 8.91336e-05 0.110514
4822 0.000174216 0.163601
4825 0.000125598 0.0994773
4828 0.00010534 0.103379
4831 4.86183e-05 0.144875
4834 0.000769791 0.167819
4837 0.000704967 0.104817
4840 0.000960213 0.106649
4843 0.00122356 0.111952
4846 0.00134106 0.0887448
4849 0.00135727 0.0785876
4852 0.00137752 0.0817072
4855 0.00175837 0.091269
4858 0.00164897 0.109533
4861 0.00174621 0.0694353
4864 0.00121951 0.0965847
4867 0.000846771 0.107613
4870 0.000858926 0.0512964
4873 0.00047808 0.112937
4876 0.000700916 0.149891
4879 0.000575318 0.107244
4882 0.000522648 0.186691
4885 0.000559112 0.129005
4888 0.000433514 0.10408
4891 0.000506442 0.0945589
4894 0.000583421 0.0867597
4897 0.00183535 0.0780731
4900 0.00408799 0.0697268
4903 0.00721173 0.0804554
4906 0.00827323 0.0905762
4909 0.00617455 0.172284
4912 0.00364638 0.100089
4915 0.00144235 0.0902844
4918 0.0152216 0.0725549
4921 0.0275544 0.142448
4924 0.033729 0.129159
4927 0.0492423 0.111344
4930 0.0719553 0.145831
4933 0.084523 0.135536
4936 0.0918887 0.138449
4939 0.0975366 0.167442
4942 0.102427 0.144012
4945 0.111717 0.171833
4948 0.116486 0.195397
4951 0.10707 0.224536
4954 0.0986995 0.223118
4957 0.0903288 0.174824
4960 0.0865125 0.188064
4963 0.0760149 0.227048
4966 0.0633497 0.169346
4969 0.0644519 0.171356
4972 0.0668018 0.16933
4975 0.0748036 0.197047
4978 0.0782271 0.195827
4981 0.0745564 0.18413
4984 0.077117 0.230666
4987 0.0819828 0.174884
4990 0.085362 0.169018
4993 0.0884005 0.180561
4996 0.0919942 0.191184
4999 0.0974516 0.228742
5002 0.0899278 0.239944
5005 0.0869055 0.23755
5008 0.0854711 0.21038
5011 0.0724657 0.20145
5014 0.0556316 0.157001
5017 0.0409854 0.143072
5020 0.0271575 0.123041
5023 0.0231667 0.13913
5026 0.0163723 0.146836
5029 0.00980876 0.107904
5032 0.011166 0.0807431
5035 0.012422 0.153371
5038 0.0138319 0.0630257
5041 0.0148853 0.0951788
5044 0.0176931 0.0663116
5047 0.0304554 0.0859573
5050 0.0488656 0.115266
5053 0.0716797 0.112219
5056 0.0916741 0.120172
5059 0.117928 0.212957
5062 0.141848 0.142225
5065 0.168374 0.152573
5068 0.190025 0.176132
5071 0.208293 0.203148
5074 0.223106 0.172442
5077 0.230796 0.190491
5080 0.223637 0.206689
5083 0.213686 0.236269
5086 0.199894 0.223313
5089 0.179714 0.241642
5092 0.158715 0.246633
5095 0.154882 0.25457
5098 0.14669 0.211085
5101 0.127518 0.211668
5104 0.109959 0.149534
5107 0.0908963 0.169168
5110 0.0796208 0.136626
5113 0.0694109 0.121133
5116 0.0607204 0.165675
5119 0.0462077 0.148926
5122 0.0277409 0.180638
5125 0.00824083 0.163103
5128 0.000283607 0.143036
5131 0.00167734 0.121238
5134 0.0010615 0.142724
5137 0.000174216 0.131403
5140 0.000121546 0.113159
5143 8.50821e-05 0.11884
5146 7.69791e-05 0.126465
5149 6.8876e-05 0.0937444
5152 5.67214e-05 0.137302
5155 5.267e-05 0.107159
5158 5.67214e-05 0.0897619
5161 0.000234989 0.20427
5164 0.000121546 0.122729
5167 8.50822e-05 0.107021
5170 5.67214e-05 0.129536
5173 5.26699e-05 0.130942
5176 5.26699e-05 0.10897
5179 6.48246e-05 0.163949
5182 4.45668e-05 0.136314
5185 0.000113443 0.197241
5188 9.72369e-05 0.145219
5191 4.45669e-05 0.157977
5194 8.10308e-06 0.11604
5197 1.21546e-05 0.200401
5200 0 0.142744
5203 0 0.109675
5206 0 0.158079
5209 0 0.137246
5212 0 0.15171
5215 0 0.137683
5218 0.000206628 0.208646
5221 0.000133701 0.109148
5224 6.88762e-05 0.135824
5227 6.8876e-05 0.13129
5230 4.86184e-05 0.17939
5233 5.267e-05 0.155745
5236 4.05152e-05 0.133749
5239 3.64637e-05 0.114391
5242 3.64637e-05 0.114679
5245 8.10306e-05 0.180763
5248 5.67214e-05 0.141391
5251 9.72368e-05 0.162734
5254 3.64638e-05 0.138721
5257 0.0122194 0.11632
5260 0.0289888 0.133097
5263 0.0402115 0.122563
5266 0.04575 0.123236
5269 0.0507658 0.185572
5272 0.053541 0.151839
5275 0.0570982 0.152155
5278 0.0598656 0.143939
5281 0.0620898 0.149822
5284 3.64638e-05 0.195997
5287 0.0673326 0.105117
5290 0.0828498 0.122308
5293 0.105879 0.139385
5296 0.125075 0.186241
5299 0.138858 0.195888
5302 0.149328 0.161425
5305 0.160959 0.183984
5308 0.168532 0.189899
5311 0.173049 0.187813
5314 0.173645 0.193607
5317 0.171218 0.188611
5320 0.167608 0.241107
5323 0.162686 0.130731
5326 0.158439 0.108383
5329 0.160652 0.111515
5332 0.168276 0.136431
5335 0.173872 0.148688
5338 0.1792 0.155802
5341 0.182979 0.145462
5344 0.188364 0.128685
5347 0.192553 0.162053
5350 0.195021 0.133693
5353 0.208358 0.144648
5356 0.225679 0.170136
5359 0.240122 0.189968
5362 0.24996 0.188773
5365 0.247954 0.20423
5368 0.245438 0.19075
5371 0.245653 0.215347
5374 0.247391 0.181869
5377 0.251398 0.19605
5380 0.254837 0.184219
5383 0.256231 0.209837
5386 0.26732 0.202751
5389 0.281517 0.222685
5392 0.291196 0.22249
5395 0.29733 0.256405
5398 0.299809 0.204368
5401 0.296706 0.20376
5404 0.292889 0.20788
5407 0.292639 0.19133
5410 0.296621 0.144032
5413 0.298335 0.159837
5416 0.302228 0.159764
5419 0.317774 0.14684
5422 0.332372 0.168625
5425 0.342424 0.174779
5428 0.347865 0.185743
5431 0.356896 0.184612
5434 0.362766 0.215088
5437 0.372077 0.232177
5440 0.385893 0.252163
5443 0.396418 0.252289
5446 0.402808 0.289742
5449 0.411263 0.24468
5452 0.414525 0.245292
5455 0.412612 0.218341
5458 0.410956 0.204214
5461 0.407832 0.192221
5464 0.404797 0.203715
5467 0.401345 0.186168
5470 0.403857 0.238522
5473 0.401086 0.167296
5476 0.4003 0.164557
5479 0.409104 0.156381
5482 0.423718 0.140783
5485 0.438242 0.143959
5488 0.452265 0.149056
5491 0.467057 0.154222
5494 0.478948 0.166725
5497 0.492403 0.218872
5500 0.50045 0.182015
5503 0.514314 0.183372
5506 0.522697 0.159837
5509 0.532817 0.165206
5512 0.538218 0.182007
5515 0.539259 0.162787
5518 0.540832 0.163941
5521 0.552609 0.239344
5524 0.560878 0.185143
5527 0.570497 0.168754
5530 0.594206 0.153659
5533 0.609809 0.155644
5536 0.621392 0.18396
5539 0.632441 0.143906
5542 0.639446 0.115696
5545 0.65282 0.198521
5548 0.657114 0.242505
5551 0.661717 0.143728
5554 0.669156 0.1975
5557 0.675857 0.186391
5560 0.682177 0.165084
5563 0.687456 0.133551
5566 0.691135 0.17371
5569 0.69184 0.170801
5572 0.690471 0.229726
5575 0.690114 0.195393
5578 0.690151 0.208046
5581 0.691625 0.222514
5584 0.690685 0.206612
5587 0.692233 0.188234
5590 0.695418 0.202176
5593 0.695572 0.18016
5596 0.703314 0.217292
5599 0.701045 0.195175
5602 0.699388 0.133287
5605 0.699684 0.119176
5608 0.700527 0.0990479
5611 0.69987 0.0844866
5614 0.699684 0.0801231
5617 0.69983 0.106134
5620 0.710019 0.15252
5623 0.709351 0.150782
5626 0.70957 0.200332
5629 0.70675 0.166834
5632 0.703436 0.127024
5635 0.70156 0.100632
5638 0.707511 0.0940686
5641 0.714529 0.124913
5644 0.74509 0.141451
5647 0.787837 0.184632
5650 0.790122 0.121185
5653 0.787675 0.192306
5656 0.786249 0.153788
5659 0.78304 0.171125
5662 0.784479 0.161883
5665 0.784215 0.158929
5668 0.784304 0.13238
5671 0.78445 0.229499
5674 0.785682 0.127814
5677 0.785192 0.169192
5680 0.786192 0.144044
5683 0.785868 0.128114
5686 0.784179 0.0892433
5689 0.784122 0.123949
5692 0.784434 0.109833
5695 0.78507 0.188793
5698 0.785852 0.194709
5701 0.783932 0.102212
5704 0.78208 0.143449
5707 0.782108 0.192472
5710 0.779665 0.107346
5713 0.774905 0.0943441
5716 0.774354 0.15346
5719 0.773823 0.109436
5722 0.770557 0.197922
5725 0.770197 0.210222
5728 0.770533 0.141881
5731 0.770327 0.147901
5734 0.769925 0.132745
5737 0.769913 0.132104
