frame_number static_density dynamic_density
1 0.145526 0.201607
4 0.139279 0.207315
7 0.142886 0.0769799
10 0.141097 0.218162
13 0.141778 0.208791
16 0.141892 0.211943
19 0.142431 0.122384
22 0.14192 0.363432
25 0.141608 0.199421
28 0.142062 0.272738
31 0.188829 0.0720107
34 0.237158 0.0980208
37 0.279013 0.0574722
40 0.313428 0.110742
43 0.310617 0.118437
46 0.306784 0.128972
49 0.303774 0.0799898
52 0.299656 0.0976233
55 0.29676 0.127183
58 0.297555 0.135389
61 0.292842 0.120169
64 0.293495 0.170032
67 0.295567 0.153221
70 0.28915 0.262629
73 0.294034 0.0362041
76 0.301445 0.0230854
79 0.306187 0.127098
82 0.316239 0.0581821
85 0.326234 0.0659909
88 0.33498 0.0837096
91 0.343215 0.0874578
94 0.346594 0.0821194
97 0.349292 0.347531
100 0.351734 0.184967
103 0.352585 0.318199
106 0.350626 0.144703
109 0.349717 0.152568
112 0.349632 0.148053
115 0.349973 0.130647
118 0.348894 0.141324
121 0.344805 0.0656501
124 0.346537 0.0652526
127 0.35145 0.0509413
130 0.360224 0.0617883
133 0.371468 0.0954085
136 0.386518 0.109578
139 0.396967 0.168669
142 0.403924 0.156033
145 0.409035 0.203623
148 0.415424 0.149189
151 0.422864 0.133373
154 0.423006 0.154414
157 0.424624 0.142289
160 0.424113 0.153562
163 0.42312 0.146265
166 0.423034 0.1821
169 0.426953 0.144561
172 0.42204 0.228583
175 0.426385 0.147031
178 0.431553 0.202828
181 0.440214 0.18829
184 0.445864 0.075986
187 0.451628 0.115115
190 0.456285 0.143879
193 0.461311 0.101542
196 0.466025 0.0574438
199 0.467076 0.121816
202 0.47213 0.0718687
205 0.476446 0.0699662
208 0.474629 0.0609649
211 0.474345 0.100122
214 0.472158 0.102394
217 0.46682 0.0795922
220 0.461766 0.192577
223 0.457393 0.102536
226 0.455575 0.105801
229 0.454468 0.0960332
232 0.454468 0.0996394
235 0.458557 0.112304
238 0.455206 0.0756737
241 0.445126 0.0850158
244 0.441633 0.0596019
247 0.435159 0.103217
250 0.436948 0.0553426
253 0.436551 0.160831
256 0.437317 0.129114
259 0.4378 0.190931
262 0.437317 0.0799046
265 0.437488 0.0371128
268 0.438538 0.0949541
271 0.437232 0.132493
274 0.436806 0.077349
277 0.43692 0.0312633
280 0.436749 0.0936196
283 0.435642 0.205327
286 0.441065 0.0648266
289 0.438368 0.0807281
292 0.438283 0.266945
295 0.43692 0.257944
298 0.436579 0.175341
301 0.435926 0.201124
304 0.435102 0.16705
307 0.437914 0.179686
310 0.440753 0.194679
313 0.432007 0.210239
316 0.435699 0.187466
319 0.433399 0.149076
322 0.435017 0.247806
325 0.440043 0.204191
328 0.442996 0.174603
331 0.444189 0.178635
334 0.445552 0.115342
337 0.443309 0.0525598
340 0.447369 0.0718403
343 0.452338 0.069881
346 0.455008 0.147287
349 0.453077 0.0741687
352 0.443649 0.0640032
355 0.439901 0.0710736
358 0.442315 0.0550018
361 0.442684 0.0576994
364 0.442599 0.133487
367 0.442343 0.0956072
370 0.439163 0.353011
373 0.441065 0.272397
376 0.440327 0.104495
379 0.440895 0.179885
382 0.44081 0.112077
385 0.440952 0.0693415
388 0.440185 0.113042
391 0.439532 0.164182
394 0.43956 0.192549
397 0.43621 0.218474
400 0.436607 0.351961
403 0.436891 0.138172
406 0.438141 0.0204731
409 0.441491 0.0220348
412 0.444785 0.0471931
415 0.450067 0.0475055
418 0.450606 0.0495783
421 0.453758 0.189056
424 0.457592 0.10052
427 0.474203 0.0948974
430 0.493597 0.0653946
433 0.50788 0.129653
436 0.516909 0.139563
439 0.524434 0.166652
442 0.520942 0.230968
445 0.526024 0.296647
448 0.551041 0.228185
451 0.574438 0.287219
454 0.588636 0.30349
457 0.603913 0.298918
460 0.613851 0.359088
463 0.627311 0.360565
466 0.63441 0.363546
469 0.64006 0.335179
472 0.647812 0.373172
475 0.646392 0.368316
478 0.646478 0.367124
481 0.647613 0.337337
484 0.650141 0.294403
487 0.6498 0.208337
490 0.648636 0.314763
493 0.644632 0.316353
496 0.642332 0.314649
499 0.641508 0.420876
502 0.638981 0.32896
505 0.639152 0.233722
508 0.636937 0.283471
511 0.63688 0.231621
514 0.637391 0.255388
517 0.638243 0.139052
520 0.649885 0.379675
523 0.653633 0.251327
526 0.656302 0.152881
529 0.656671 0.139024
532 0.658091 0.119005
535 0.658517 0.306869
538 0.658432 0.209785
541 0.658176 0.0552006
544 0.658489 0.040293
547 0.659852 0.266207
550 0.654542 0.0569043
553 0.653718 0.106596
556 0.6544 0.085754
559 0.656217 0.21606
562 0.656274 0.140472
565 0.657438 0.303632
568 0.654655 0.334895
571 0.654599 0.433967
574 0.650822 0.293211
577 0.649005 0.485163
580 0.648749 0.353579
583 0.646932 0.128659
586 0.6475 0.178721
589 0.651021 0.128915
592 0.649743 0.0719539
595 0.659511 0.334043
598 0.657864 0.100292
601 0.656728 0.0573019
604 0.65653 0.140869
607 0.662209 0.236335
610 0.671835 0.00999517
613 0.677031 0.054008
616 0.681631 0.0656217
619 0.686061 0.0438993
622 0.697447 0.226624
625 0.702786 0.0843911
628 0.706875 0.119687
631 0.709317 0.113241
634 0.708152 0.200244
637 0.708323 0.0694551
640 0.709771 0.0771218
643 0.709686 0.117812
646 0.699804 0.140273
649 0.698526 0.130079
652 0.700741 0.0569611
655 0.703609 0.222222
658 0.705483 0.0963739
661 0.707442 0.114433
664 0.708919 0.123491
667 0.706647 0.0898146
670 0.700713 0.154982
673 0.699037 0.109265
676 0.698555 0.110089
679 0.697674 0.0688304
682 0.695062 0.0514808
685 0.698015 0.116449
688 0.697107 0.140415
691 0.695999 0.231536
694 0.6958 0.175881
697 0.706846 0.352301
700 0.70872 0.219269
703 0.705171 0.351109
706 0.703836 0.130505
709 0.705852 0.302553
712 0.709828 0.176676
715 0.710765 0.00891615
718 0.710793 0.0265781
721 0.692734 0.276656
724 0.69245 0.163699
727 0.69279 0.144277
730 0.692847 0.0377942
733 0.692932 0.0353522
736 0.693955 0.0643723
739 0.694494 0.0636056
742 0.694324 0.0350967
745 0.698498 0.309112
748 0.69864 0.0529858
751 0.700372 0.239913
754 0.701962 0.215322
757 0.702502 0.144532
760 0.703609 0.197149
763 0.703637 0.233041
766 0.706704 0.0983616
769 0.707215 0.25039
772 0.709629 0.393702
775 0.708323 0.272567
778 0.708919 0.292842
781 0.709146 0.0850725
784 0.708181 0.121163
787 0.706363 0.195076
790 0.704149 0.192435
793 0.704944 0.111651
796 0.707272 0.321322
799 0.70625 0.206463
802 0.704716 0.0290201
805 0.702842 0.0545759
808 0.702871 0.0793083
811 0.703637 0.0632649
814 0.712554 0.101542
817 0.72147 0.114178
820 0.737542 0.253911
823 0.736604 0.0541216
826 0.735412 0.131016
829 0.73226 0.112446
832 0.735525 0.0508845
835 0.737059 0.0260386
838 0.736576 0.114916
841 0.73774 0.0847602
844 0.738791 0.101201
847 0.737087 0.0438425
850 0.735355 0.0203027
853 0.735043 0.0444956
856 0.735469 0.107846
859 0.735071 0.0600278
862 0.733311 0.0659057
865 0.732629 0.158418
868 0.730869 0.0775478
871 0.734503 0.221427
874 0.735611 0.162677
877 0.736321 0.117159
880 0.731749 0.150836
883 0.730045 0.104751
886 0.730812 0.0542068
889 0.731891 0.0695403
892 0.730897 0.0497487
895 0.730528 0.0958344
898 0.73385 0.117046
901 0.73544 0.0511685
904 0.735838 0.0907516
907 0.742454 0.304313
910 0.740211 0.0601698
913 0.739103 0.059034
916 0.739728 0.0399807
919 0.737485 0.0306386
922 0.739188 0.0328535
925 0.739671 0.0276855
928 0.740637 0.0575858
931 0.735298 0.37232
934 0.73615 0.244853
937 0.738337 0.0614192
940 0.738251 0.0561093
943 0.738479 0.0850442
946 0.735753 0.0772354
949 0.735469 0.11963
952 0.735525 0.100917
955 0.740949 0.289917
958 0.73899 0.0705625
961 0.739842 0.101741
964 0.73916 0.123548
967 0.736974 0.104893
970 0.736321 0.0931084
973 0.736321 0.0526166
976 0.734361 0.0816367
979 0.730159 0.0757589
982 0.725275 0.223727
985 0.725701 0.102592
988 0.727887 0.107732
991 0.732288 0.119403
994 0.733651 0.167959
997 0.734645 0.0967147
1000 0.734674 0.0151347
1003 0.733509 0.0717267
1006 0.73155 0.286027
1009 0.731976 0.100804
1012 0.727319 0.126842
1015 0.723401 0.0953517
1018 0.72749 0.127864
1021 0.724991 0.1175
1024 0.722577 0.121163
1027 0.721867 0.118437
1030 0.732487 0.13803
1033 0.720675 0.13732
1036 0.724906 0.185308
1039 0.72536 0.147145
1042 0.72482 0.134651
1045 0.727802 0.108584
1048 0.726893 0.126984
1051 0.731039 0.128092
1054 0.731919 0.121021
1057 0.730216 0.105744
1060 0.733879 0.103189
1063 0.732828 0.235937
1066 0.732033 0.0831701
1069 0.731522 0.0929381
1072 0.730499 0.0716415
1075 0.73067 0.064202
1078 0.728853 0.0763268
1081 0.729733 0.0728057
1084 0.728796 0.0657921
1087 0.731295 0.170429
1090 0.731096 0.0523611
1093 0.73226 0.09078
1096 0.733083 0.0579266
1099 0.734162 0.0573019
1102 0.733964 0.0402362
1105 0.735242 0.0356362
1108 0.735895 0.0366016
1111 0.730471 0.144419
1114 0.728029 0.0623562
1117 0.729335 0.0383338
1120 0.729591 0.0358918
1123 0.731351 0.0148792
1126 0.731635 0.0271744
1129 0.732061 0.0691995
1132 0.733311 0.137036
1135 0.732913 0.137576
1138 0.737087 0.324304
1141 0.736945 0.375018
1144 0.737769 0.252776
1147 0.738195 0.249311
1150 0.738649 0.227277
1153 0.737882 0.0961751
1156 0.738251 0.243547
1159 0.737769 0.095664
1162 0.735469 0.378624
1165 0.735866 0.294403
1168 0.736604 0.180538
1171 0.73703 0.259562
1174 0.737684 0.0504018
1177 0.738109 0.259363
1180 0.737172 0.106397
1183 0.73669 0.117756
1186 0.733708 0.377687
1189 0.734418 0.361189
1192 0.734077 0.295823
1195 0.734702 0.224891
1198 0.734816 0.215805
1201 0.735355 0.101201
1204 0.735014 0.190022
1207 0.735298 0.0690008
1210 0.734958 0.110231
1213 0.739501 0.322941
1216 0.737542 0.16015
1219 0.736604 0.15998
1222 0.737485 0.254394
1225 0.737314 0.120198
1228 0.737825 0.179686
1231 0.737854 0.0361757
1234 0.738024 0.0181446
1237 0.73703 0.120737
1240 0.737456 0.0410881
1243 0.738109 0.0292472
1246 0.7374 0.04884
1249 0.737172 0.0339609
1252 0.737542 0.0252435
1255 0.736576 0.0194792
1258 0.736832 0.0353239
1261 0.734219 0.305137
1264 0.733396 0.118125
1267 0.734361 0.129852
1270 0.73544 0.275691
1273 0.734872 0.395576
1276 0.736491 0.194338
1279 0.736491 0.0510833
1282 0.738138 0.0261237
1285 0.737939 0.0205299
1288 0.738024 0.091064
1291 0.736292 0.0789675
1294 0.735327 0.0540932
1297 0.7374 0.0338757
1300 0.7374 0.104353
1303 0.736491 0.0170088
1306 0.736235 0.0219212
1309 0.737002 0.203226
1312 0.732516 0.245648
1315 0.733311 0.225374
1318 0.734759 0.273675
1321 0.733453 0.12122
1324 0.733935 0.195076
1327 0.735156 0.120936
1330 0.734248 0.11733
1333 0.735611 0.192833
1336 0.739046 0.364455
1339 0.737627 0.178323
1342 0.737172 0.10776
1345 0.738933 0.105858
1348 0.737229 0.0870602
1351 0.733964 0.0654797
1354 0.734958 0.0665588
1357 0.735866 0.0740267
1360 0.73669 0.054292
1363 0.732658 0.125082
1366 0.73774 0.0400659
1369 0.741943 0.0300423
1372 0.742766 0.020899
1375 0.742 0.0295312
1378 0.742028 0.0401795
1381 0.742255 0.115342
1384 0.742056 0.0242497
1387 0.748502 0.255019
1390 0.749723 0.177358
1393 0.749894 0.293012
1396 0.751455 0.311952
1399 0.749439 0.136979
1402 0.748673 0.130647
1405 0.749865 0.121987
1408 0.750092 0.111622
1411 0.75225 0.177528
1414 0.752875 0.173836
1417 0.755942 0.248034
1420 0.759406 0.205412
1423 0.763523 0.233751
1426 0.764262 0.00692847
1429 0.766164 0.0665872
1432 0.763353 0.0189113
1435 0.760457 0.37993
1438 0.76659 0.283187
1441 0.753869 0.0720675
1444 0.743192 0.370929
1447 0.740665 0.246415
1450 0.738053 0.629951
1453 0.73845 0.491382
1456 0.735895 0.553426
1459 0.733169 0.653974
1462 0.713576 0.574609
1465 0.709402 0.61493
1468 0.709373 0.594968
1471 0.722634 0.518045
1474 0.733623 0.514581
1477 0.754465 0.437062
1480 0.765113 0.0674106
1483 0.777465 0.572025
1486 0.791919 0.610898
1489 0.82074 0.553937
1492 0.83278 0.550217
1495 0.856376 0.514979
1498 0.884289 0.583497
1501 0.893091 0.628134
1504 0.893858 0.359485
1507 0.901979 0.592044
1510 0.912713 0.46222
1513 0.911548 0.527785
1516 0.87702 0.431922
1519 0.860011 0.510804
1522 0.816339 0.607235
1525 0.788142 0.578925
1528 0.796434 0.67104
1531 0.787688 0.716472
1534 0.775733 0.670358
1537 0.783343 0.676321
1540 0.79118 0.602834
1543 0.80694 0.4746
1546 0.835562 0.492745
1549 0.853565 0.597098
1552 0.884942 0.602323
1555 0.899083 0.576597
1558 0.906494 0.383338
1561 0.891132 0.58486
1564 0.891757 0.561377
1567 0.900843 0.636056
1570 0.89789 0.640089
1573 0.860266 0.585825
1576 0.839538 0.620382
1579 0.820342 0.55831
1582 0.78641 0.696368
1585 0.779453 0.650566
1588 0.75986 0.686543
1591 0.778942 0.587529
1594 0.779936 0.605134
1597 0.779056 0.651901
1600 0.768436 0.719794
1603 0.825709 0.681887
1606 0.840049 0.691371
1609 0.851805 0.641679
1612 0.86285 0.680268
1615 0.852372 0.682227
1618 0.85649 0.484851
1621 0.815856 0.505778
1624 0.780561 0.510066
1627 0.722435 0.577619
1630 0.664367 0.442144
1633 0.666383 0.434875
1636 0.698611 0.426243
1639 0.725303 0.435755
1642 0.753074 0.460005
1645 0.786921 0.49141
1648 0.800522 0.55848
1651 0.823807 0.457733
1654 0.814408 0.552886
1657 0.809609 0.445637
1660 0.833859 0.475992
1663 0.812818 0.22191
1666 0.774001 0.151319
1669 0.782037 0.551353
1672 0.808303 0.491581
1675 0.815033 0.498367
1678 0.820428 0.585967
1681 0.81171 0.623477
1684 0.776642 0.480052
1687 0.769004 0.374989
1690 0.758923 0.295056
1693 0.793651 0.529886
1696 0.787801 0.566147
1699 0.727887 0.529943
1702 0.696453 0.638981
1705 0.65511 0.673226
1708 0.64006 0.552886
1711 0.628588 0.488855
1714 0.680864 0.540705
1717 0.729761 0.478718
1720 0.756822 0.43479
1723 0.773178 0.45515
1726 0.789164 0.429622
1729 0.764375 0.34012
1732 0.651418 0.354176
1735 0.608002 0.388988
1738 0.519153 0.42806
1741 0.489394 0.536502
1744 0.525314 0.624358
1747 0.587955 0.62944
1750 0.558509 0.581481
1753 0.615101 0.704688
1756 0.582702 0.655763
1759 0.543289 0.575574
1762 0.497998 0.482381
1765 0.423971 0.478491
1768 0.42187 0.487833
1771 0.408382 0.379504
1774 0.479825 0.306982
1777 0.517108 0.55689
1780 0.551807 0.539427
1783 0.603175 0.566658
1786 0.620638 0.464435
1789 0.637277 0.303177
1792 0.60698 0.344152
1795 0.573729 0.31871
1798 0.479314 0.360905
1801 0.434676 0.292586
1804 0.392765 0.296221
1807 0.358577 0.411534
1810 0.332226 0.515092
1813 0.307777 0.517023
1816 0.301758 0.385723
1819 0.354516 0.437488
1822 0.468126 0.56362
1825 0.501178 0.400488
1828 0.451203 0.433086
1831 0.41815 0.553
1834 0.383281 0.471647
1837 0.239543 0.374308
1840 0.104268 0.211943
1843 0.0751058 0.0761564
1846 0.0864639 0.1267
1849 0.0990147 0.175597
1852 0.108641 0.151802
1855 0.110799 0.190845
1858 0.130221 0.174007
1861 0.175341 0.151887
1864 0.206548 0.175285
1867 0.221626 0.198086
1870 0.207229 0.23872
1873 0.204276 0.205526
1876 0.213562 0.326802
1879 0.328762 0.317262
1882 0.39816 0.4332
1885 0.382372 0.443422
1888 0.367067 0.458529
1891 0.35869 0.387512
1894 0.317631 0.333731
1897 0.306556 0.360792
1900 0.263339 0.328393
1903 0.272823 0.43178
1906 0.290911 0.430133
1909 0.274697 0.486072
1912 0.202573 0.335151
1915 0.215123 0.328109
1918 0.274782 0.426243
1921 0.381322 0.410796
1924 0.487889 0.477411
1927 0.565693 0.484823
1930 0.628588 0.530994
1933 0.646676 0.59193
1936 0.663486 0.366811
1939 0.621404 0.550643
1942 0.537439 0.370986
1945 0.432717 0.379731
1948 0.256921 0.189908
1951 0.117273 0.301275
1954 0.0398955 0.234716
1957 0.00548031 0.422097
1960 0.00153335 0.276287
1963 0.00102223 0.224267
1966 0.00318028 0.00789392
1969 0.00471363 0.0165545
1972 0.00724082 0.01982
1975 0.00851861 0.0171792
1978 0.0108754 0.0224607
1981 0.0166965 0.0356646
1984 0.0177187 0.0572167
1987 0.0194224 0.0903257
1990 0.0214385 0.0493228
1993 0.0179459 0.028367
1996 0.018599 0.0749922
1999 0.0217225 0.0348979
2002 0.0221768 0.0200471
2005 0.0240793 0.0921998
2008 0.0258114 0.0509981
2011 0.0254423 0.10282
2014 0.0306954 0.0752761
2017 0.0800182 0.0639748
2020 0.262061 0.0805293
2023 0.226822 0.276315
2026 0.208905 0.248715
2029 0.231791 0.428941
2032 0.301303 0.387569
2035 0.325013 0.207513
2038 0.338189 0.436976
2041 0.492603 0.546128
2044 0.477128 0.441009
2047 0.451259 0.441605
2050 0.389954 0.38879
2053 0.366953 0.210665
2056 0.35003 0.277678
2059 0.255076 0.154584
2062 0.0864923 0.309424
2065 0.00624698 0.294659
2068 0.00159014 0.405259
2071 0.000596303 0.171025
2074 0.000482721 0.413437
2077 0.000397535 0.394412
2080 0.00036914 0.27288
2083 0.000312349 0.323509
2086 0.00036914 0.329557
2089 0.000454326 0.344777
2092 0.000283954 0.250618
2095 0.000283954 0.178124
2098 0.000283954 0.172048
2101 0.000283954 0.103643
2104 0.000283954 0.0898998
2107 0.000255558 0.109549
2110 0.000227163 0.197149
2113 0.00130619 0.403981
2116 0.00107902 0.369765
2119 0.0116137 0.109606
2122 0.0848738 0.100832
2125 0.189085 0.144334
2128 0.248516 0.16492
2131 0.291138 0.186529
2134 0.330948 0.169435
2137 0.372008 0.262941
2140 0.400716 0.248403
2143 0.429792 0.285459
2146 0.463838 0.307408
2149 0.492802 0.385382
2152 0.525173 0.34401
2155 0.504841 0.290797
2158 0.485958 0.262033
2161 0.502854 0.283783
2164 0.500383 0.133685
2167 0.452963 0.200443
2170 0.3525 0.138456
2173 0.266491 0.123917
2176 0.227248 0.168981
2179 0.161343 0.196752
2182 0.132322 0.222194
2185 0.142971 0.251384
2188 0.0841071 0.313741
2191 0.0382202 0.1336
2194 0.000454326 0.0441264
2197 0.00036914 0.315955
2200 0.000312349 0.240736
2203 0.000283954 0.230003
2206 0.000283954 0.250703
2209 0.000255558 0.193429
2212 0.00036914 0.434336
2215 0.000312349 0.375415
2218 0.000255558 0.345912
2221 0.000227163 0.188261
2224 0.000227163 0.193032
2227 0.000283954 0.186416
2230 0.000255558 0.127353
2233 0.000170372 0.148593
2236 0.000482721 0.240594
2239 0.000425931 0.289462
2242 0.00036914 0.20757
2245 0.000397535 0.201834
2248 0.000255558 0.344805
2251 0.000340745 0.344095
2254 0.000511117 0.107022
2257 0.0012494 0.112843
2260 0.00139137 0.179771
2263 0.00227163 0.367493
2266 0.00187409 0.17182
2269 0.00434449 0.05875
2272 0.00442968 0.0873442
2275 0.00530994 0.053866
2278 0.00528154 0.0150779
2281 0.00502598 0.0452622
2284 0.00542352 0.0280262
2287 0.00778033 0.335747
2290 0.0425647 0.099469
2293 0.181872 0.184911
2296 0.265923 0.279439
2299 0.246983 0.190874
2302 0.199705 0.367351
2305 0.167504 0.339807
2308 0.165034 0.271857
2311 0.132039 0.25996
2314 0.0659909 0.141295
2317 0.0118977 0.161257
2320 0.0403214 0.0688588
2323 0.0529006 0.144249
2326 0.0516796 0.141721
2329 0.0453474 0.153335
2332 0.0505438 0.166397
2335 0.0630945 0.160576
2338 0.0644291 0.173865
2341 0.0400659 0.130335
2344 0.0131755 0.0789959
2347 0.000397535 0.0775194
2350 0.000454326 0.246245
2353 0.000283954 0.200784
2356 0.000198768 0.258881
2359 0.000198768 0.184939
2362 0.000709884 0.259874
2365 0.000511117 0.369679
2368 0.0278843 0.0596303
2371 0.05415 0.13343
2374 0.0586649 0.145753
2377 0.0339609 0.126331
2380 0.00545191 0.0677798
2383 0.00036914 0.0178607
2386 0.000851861 0.376579
2389 0.000539512 0.178124
2392 0.000596303 0.190391
2395 0.000482721 0.223528
2398 0.000482721 0.329954
2401 0.140898 0.146719
2404 0.171054 0.233325
2407 0.197092 0.26243
2410 0.232956 0.237982
2413 0.11892 0.155862
2416 0.00210126 0.0952097
2419 0.000766675 0.333788
2422 0.000425931 0.392736
2425 0.000425931 0.336343
2428 0.000425931 0.332112
2431 0.000255558 0.10512
2434 0.000255558 0.172956
2437 0.000653094 0.346111
2440 0.000653094 0.280745
2443 0.000397535 0.109379
2446 0.000397535 0.155521
2449 0.0634637 0.0330806
2452 0.172786 0.177528
2455 0.143453 0.190817
2458 0.130959 0.23199
2461 0.087401 0.218389
2464 0.0166113 0.116393
2467 0.000425931 0.0347843
2470 0.000312349 0.293835
2473 0.000340745 0.356618
2476 0.000283954 0.31445
2479 0.000283954 0.313059
2482 0.000312349 0.254962
2485 0.000283954 0.152199
2488 0.000227163 0.367379
2491 0.000198768 0.141579
2494 0.0227731 0.04884
2497 0.0590624 0.124287
2500 0.0637476 0.108868
2503 0.0408326 0.133004
2506 0.0198484 0.0385893
2509 0.000312349 0.0477042
2512 0.000283954 0.38524
2515 0.000283954 0.266917
2518 0.000283954 0.170855
2521 0.000397535 0.278928
2524 0.00036914 0.284493
2527 0.000340745 0.34154
2530 0.0215521 0.052929
2533 0.133941 0.123577
2536 0.240509 0.299401
2539 0.27623 0.423858
2542 0.27995 0.465713
2545 0.205384 0.326689
2548 0.0921998 0.266235
2551 0.00684329 0.0961467
2554 0.000397535 0.0629809
2557 0.000397535 0.315302
2560 0.000397535 0.266292
2563 0.000567908 0.324048
2566 0.000653094 0.225857
2569 0.000653094 0.269955
2572 0.000567908 0.142942
2575 0.000567908 0.163983
2578 0.000539512 0.0726922
2581 0.000596303 0.133061
2584 0.000596303 0.156089
2587 0.000681489 0.393219
2590 0.000653094 0.223046
2593 0.000709884 0.302098
2596 0.000567908 0.110799
2599 0.000511117 0.179629
2602 0.000482721 0.0588068
2605 0.000454326 0.136213
2608 0.000425931 0.239629
2611 0.000511117 0.467218
2614 0.000596303 0.263055
2617 0.000653094 0.270324
2620 0.000681489 0.128517
2623 0.000681489 0.197717
2626 0.000511117 0.215322
2629 0.000511117 0.215464
2632 0.000596303 0.238834
2635 0.000596303 0.139421
2638 0.00036914 0.463611
2641 0.000454326 0.205781
2644 0.000795071 0.163359
2647 0.103075 0.108726
2650 0.185763 0.125422
2653 0.168498 0.128887
2656 0.154726 0.241048
2659 0.181702 0.19624
2662 0.244797 0.256041
2665 0.247778 0.319334
2668 0.27376 0.378312
2671 0.331005 0.482835
2674 0.372576 0.300537
2677 0.289008 0.361416
2680 0.266093 0.370219
2683 0.130988 0.276798
2686 0.0686884 0.160604
2689 0.00187409 0.0596303
2692 0.000596303 0.348837
2695 0.000624698 0.270977
2698 0.000596303 0.19431
2701 0.000709884 0.288809
2704 0.000681489 0.25394
2707 0.017236 0.0415992
2710 0.0272028 0.0793083
2713 0.0389869 0.131584
2716 0.0542352 0.160405
2719 0.0799046 0.175569
2722 0.0951529 0.187381
2725 0.108698 0.20828
2728 0.122952 0.21271
2731 0.13201 0.217281
2734 0.139251 0.223585
2737 0.142715 0.257177
2740 0.149644 0.213306
2743 0.153733 0.218957
2746 0.160065 0.209075
2749 0.168867 0.207116
2752 0.173524 0.213846
2755 0.17838 0.22174
2758 0.182327 0.215549
2761 0.186359 0.316694
2764 0.192549 0.305847
2767 0.223188 0.268989
2770 0.256581 0.0845898
2773 0.293523 0.125337
2776 0.327654 0.270949
2779 0.355425 0.13661
2782 0.379873 0.21836
2785 0.380072 0.251725
2788 0.389925 0.299429
2791 0.391771 0.287872
2794 0.390124 0.284436
2797 0.380952 0.325752
2800 0.375131 0.318
2803 0.377715 0.345629
2806 0.3755 0.186842
2809 0.372547 0.236704
2812 0.367805 0.307919
2815 0.36701 0.222705
2818 0.364767 0.143737
2821 0.365903 0.257007
2824 0.364568 0.125706
2827 0.368373 0.0757021
2830 0.367067 0.0813811
2833 0.367351 0.182582
2836 0.367379 0.291109
2839 0.368174 0.0471079
2842 0.368998 0.0720959
2845 0.373115 0.0310645
2848 0.376438 0.0706477
2851 0.380015 0.0280262
2854 0.379873 0.037851
2857 0.378368 0.0284238
2860 0.377744 0.0376807
2863 0.372803 0.207996
2866 0.376892 0.0532697
2869 0.381066 0.0534117
2872 0.384161 0.0838799
2875 0.384189 0.031888
2878 0.38507 0.0504586
2881 0.387682 0.0550586
2884 0.393219 0.152938
2887 0.390493 0.21802
2890 0.394241 0.240111
2893 0.39373 0.129171
2896 0.395008 0.128404
2899 0.397422 0.115967
2902 0.400346 0.135219
2905 0.399892 0.0801318
2908 0.39816 0.1037
2911 0.391487 0.168527
2914 0.395888 0.125593
2917 0.407587 0.114206
2920 0.416532 0.17023
2923 0.429139 0.141381
2926 0.434676 0.163983
2929 0.442031 0.224295
2932 0.452935 0.223358
2935 0.464293 0.233495
2938 0.470284 0.28827
2941 0.474657 0.249425
2944 0.471164 0.2557
2947 0.472499 0.274044
2950 0.469688 0.247806
2953 0.469319 0.201437
2956 0.46628 0.25269
2959 0.467785 0.138144
2962 0.475026 0.37922
2965 0.475026 0.268904
2968 0.478292 0.274299
2971 0.482239 0.293608
2974 0.487321 0.139677
2977 0.513502 0.13644
2980 0.530511 0.170543
2983 0.548741 0.13255
2986 0.582418 0.240111
2989 0.605759 0.207116
2992 0.619843 0.225005
2995 0.635829 0.185479
2998 0.636653 0.20882
3001 0.65511 0.267087
3004 0.676662 0.275236
3007 0.684556 0.222989
3010 0.685152 0.287986
3013 0.704404 0.335775
3016 0.734162 0.339126
3019 0.737116 0.307181
3022 0.737967 0.318908
3025 0.754636 0.187438
3028 0.754806 0.321436
3031 0.758583 0.076128
3034 0.761706 0.324446
3037 0.752761 0.449044
3040 0.748729 0.213902
3043 0.746884 0.148309
3046 0.74995 0.160831
3049 0.75384 0.097169
3052 0.748048 0.14706
3055 0.738706 0.124003
3058 0.718744 0.150865
3061 0.701252 0.180453
3064 0.693529 0.154357
3067 0.680438 0.193174
3070 0.668683 0.170969
3073 0.651731 0.128915
3076 0.649204 0.163415
3079 0.649771 0.182327
3082 0.647585 0.269472
3085 0.650566 0.240594
3088 0.665985 0.32791
3091 0.667944 0.252094
3094 0.668882 0.177017
3097 0.671465 0.196411
3100 0.670244 0.15413
3103 0.669705 0.0894454
3106 0.669279 0.0407758
3109 0.668484 0.0673538
3112 0.665162 0.260584
3115 0.665872 0.0840503
3118 0.659568 0.0478462
3121 0.65758 0.088764
3124 0.660136 0.105688
3127 0.668143 0.0887072
3130 0.668399 0.0809836
3133 0.656444 0.0677798
3136 0.661726 0.343272
3139 0.675668 0.0755885
3142 0.676037 0.085896
3145 0.676491 0.0418832
3148 0.676605 0.0411733
3151 0.675668 0.260613
3154 0.677003 0.030667
3157 0.678252 0.0764688
3160 0.679132 0.0237101
3163 0.678735 0.402192
3166 0.67811 0.0453474
3169 0.679416 0.132266
3172 0.678536 0.104779
3175 0.678933 0.04654
3178 0.677996 0.0431326
3181 0.674135 0.0683761
3184 0.673964 0.0555981
3187 0.673879 0.248119
3190 0.674078 0.0669847
3193 0.674191 0.042735
3196 0.67581 0.0546327
3199 0.677059 0.0496919
3202 0.677201 0.0511685
3205 0.677429 0.0504586
3208 0.676151 0.0471647
3211 0.679189 0.3157
3214 0.679956 0.173269
3217 0.679729 0.146918
3220 0.680893 0.108754
3223 0.681915 0.1129
3226 0.682596 0.199421
3229 0.683079 0.203027
3232 0.682795 0.14351
3235 0.681915 0.168385
3238 0.678564 0.307494
3241 0.677372 0.0911776
3244 0.676974 0.108839
3247 0.676889 0.148508
3250 0.67828 0.0684613
3253 0.677343 0.0410313
3256 0.676832 0.0650822
3259 0.678451 0.0568191
3262 0.678082 0.251526
3265 0.677599 0.0379646
3268 0.678848 0.0875997
3271 0.678224 0.024846
3274 0.677287 0.0708749
3277 0.67899 0.0680637
3280 0.679871 0.0604822
3283 0.680069 0.0713008
3286 0.682966 0.157708
3289 0.683136 0.128716
3292 0.68359 0.123037
3295 0.68413 0.0590056
3298 0.683363 0.0702218
3301 0.682483 0.10742
3304 0.683562 0.0330238
3307 0.683164 0.160689
3310 0.683534 0.0988159
3313 0.678564 0.310532
3316 0.679842 0.137632
3319 0.678933 0.171224
3322 0.680467 0.0924553
3325 0.682142 0.0404918
3328 0.683193 0.0276855
3331 0.682767 0.0340177
3334 0.67439 0.0671267
3337 0.665417 0.0998949
3340 0.667519 0.0633217
3343 0.67121 0.0648266
3346 0.673198 0.0622995
3349 0.675043 0.0459437
3352 0.677883 0.039498
3355 0.679672 0.083454
3358 0.681887 0.111651
3361 0.68748 0.157736
3364 0.67598 0.0711304
3367 0.671522 0.0531561
3370 0.666184 0.0924553
3373 0.678138 0.0665304
3376 0.684243 0.0331658
3379 0.685777 0.0473919
3382 0.684669 0.0699946
3385 0.686231 0.0485561
3388 0.688531 0.05645
3391 0.687708 0.0753897
3394 0.685266 0.0689724
3397 0.682313 0.0867195
3400 0.683477 0.0439276
3403 0.687083 0.0787688
3406 0.688247 0.0375103
3409 0.686118 0.0749922
3412 0.683704 0.186813
3415 0.683817 0.134168
3418 0.682454 0.0934492
3421 0.683335 0.100434
3424 0.683732 0.150467
3427 0.683903 0.108101
3430 0.684527 0.0957492
3433 0.684329 0.157282
3436 0.684896 0.347417
3439 0.685209 0.18315
3442 0.686061 0.0306954
3445 0.683079 0.117386
3448 0.682824 0.0476758
3451 0.683761 0.139847
3454 0.684045 0.141381
3457 0.682682 0.0516512
3460 0.683959 0.12653
3463 0.685379 0.0881393
3466 0.683846 0.0810972
3469 0.683846 0.0987023
3472 0.682511 0.0529858
3475 0.682795 0.0323423
3478 0.682682 0.194168
3481 0.682625 0.099185
3484 0.682284 0.107931
3487 0.672403 0.38453
3490 0.673056 0.172757
3493 0.673822 0.17182
3496 0.674589 0.132834
3499 0.677798 0.208138
3502 0.679274 0.208308
3505 0.678763 0.0291904
3508 0.67865 0.0437857
3511 0.685351 0.294091
3514 0.685805 0.105262
3517 0.686231 0.18988
3520 0.687793 0.268393
3523 0.687225 0.145782
3526 0.688645 0.119204
3529 0.688332 0.144873
3532 0.689071 0.0963455
3535 0.688957 0.0808416
3538 0.689809 0.287106
3541 0.687168 0.186217
3544 0.685493 0.0662464
3547 0.687509 0.0758157
3550 0.690632 0.0634069
3553 0.690945 0.0703637
3556 0.690916 0.0808984
3559 0.691456 0.104836
3562 0.690121 0.142488
3565 0.690036 0.0726354
3568 0.69049 0.0926541
3571 0.686714 0.129852
3574 0.68785 0.183349
3577 0.689582 0.115314
3580 0.689497 0.0774626
3583 0.6889 0.0749922
3586 0.686458 0.174944
3589 0.687197 0.103189
3592 0.691456 0.0938183
3595 0.686941 0.106823
3598 0.689497 0.0785416
3601 0.691058 0.0424227
3604 0.691825 0.0451203
3607 0.692279 0.215038
3610 0.69262 0.16015
3613 0.692308 0.0961184
3616 0.692421 0.146463
3619 0.693756 0.0423943
3622 0.69509 0.117159
3625 0.693472 0.0538092
3628 0.693358 0.0288213
3631 0.691626 0.0237101
3634 0.693444 0.0179175
3637 0.694324 0.0684045
3640 0.693955 0.0428202
3643 0.693415 0.0783428
3646 0.689922 0.320981
3649 0.689127 0.120567
3652 0.689411 0.0396967
3655 0.690888 0.034472
3658 0.691229 0.0295028
3661 0.69103 0.204617
3664 0.69333 0.1451
3667 0.692705 0.165204
3670 0.686174 0.339921
3673 0.687395 0.0888491
3676 0.687367 0.0943862
3679 0.687083 0.0271744
3682 0.682199 0.0658205
3685 0.683221 0.0648266
3688 0.688048 0.0714712
3691 0.689979 0.0771786
3694 0.688276 0.0824886
3697 0.689752 0.215663
3700 0.687679 0.0755601
3703 0.688332 0.126274
3706 0.687963 0.0361189
3709 0.687083 0.0507709
3712 0.688389 0.061476
3715 0.68944 0.0453758
3718 0.690945 0.155891
3721 0.686998 0.134339
3724 0.687424 0.064202
3727 0.686771 0.045319
3730 0.686969 0.0781725
3733 0.686657 0.0855553
3736 0.687509 0.0455178
3739 0.687424 0.0504018
3742 0.687793 0.0433881
3745 0.687622 0.302212
3748 0.687055 0.161257
3751 0.687225 0.256978
3754 0.687708 0.136923
3757 0.688815 0.237556
3760 0.688304 0.0371128
3763 0.689724 0.0630661
3766 0.691399 0.122867
3769 0.690718 0.0495215
3772 0.694892 0.159866
3775 0.692194 0.0545759
3778 0.678224 0.0666156
3781 0.693074 0.0806145
3784 0.694579 0.0895022
3787 0.696879 0.073402
3790 0.698611 0.0843059
3793 0.698555 0.0682057
3796 0.694636 0.257546
3799 0.694381 0.17642
3802 0.693585 0.0995258
3805 0.690462 0.0836812
3808 0.690377 0.0736008
3811 0.688872 0.0775478
3814 0.687622 0.158957
3817 0.682596 0.120311
3820 0.674617 0.236675
3823 0.672346 0.165148
3826 0.672545 0.0973961
3829 0.673226 0.0668711
3832 0.673056 0.0290201
3835 0.673254 0.0719539
3838 0.67493 0.0600278
3841 0.674958 0.1037
3844 0.676094 0.0406338
3847 0.672601 0.227788
3850 0.67439 0.211432
3853 0.673737 0.0954369
3856 0.67351 0.131783
3859 0.67351 0.153449
3862 0.673254 0.108698
3865 0.673964 0.11767
3868 0.673368 0.124485
3871 0.671267 0.131613
3874 0.671295 0.24332
3877 0.67263 0.119204
3880 0.673169 0.0677514
3883 0.676037 0.0975949
3886 0.67669 0.0722946
3889 0.675412 0.0501178
3892 0.675867 0.0857824
3895 0.672686 0.0914899
3898 0.67263 0.133884
3901 0.673112 0.0883096
3904 0.67334 0.0870886
3907 0.672062 0.0506006
3910 0.668399 0.0528154
3913 0.668228 0.04654
3916 0.669307 0.0471647
3919 0.66962 0.0407474
3922 0.673056 0.140074
3925 0.674248 0.0425931
3928 0.674305 0.0522191
3931 0.673964 0.0272312
3934 0.673993 0.0348411
3937 0.67334 0.0228867
3940 0.674333 0.0676662
3943 0.674106 0.0316608
3946 0.66891 0.324985
3949 0.67209 0.165375
3952 0.672232 0.124372
3955 0.672999 0.0905529
3958 0.672914 0.0501746
3961 0.673624 0.050487
3964 0.672828 0.0801318
3967 0.673112 0.0844762
3970 0.67104 0.220518
3973 0.669932 0.242355
3976 0.669733 0.18934
3979 0.669137 0.0139421
3982 0.669478 0.0308374
3985 0.669705 0.0339893
3988 0.671153 0.0571031
3991 0.670557 0.0660193
3994 0.671267 0.207826
3997 0.668626 0.281625
4000 0.66979 0.273703
4003 0.668342 0.0550302
4006 0.66837 0.107051
4009 0.668938 0.140358
4012 0.669052 0.175171
4015 0.669251 0.0284238
4018 0.667632 0.0493512
4021 0.669052 0.235795
4024 0.669052 0.151092
4027 0.668683 0.0607945
4030 0.668484 0.0489536
4033 0.669733 0.0642871
4036 0.668541 0.105631
4039 0.669904 0.0900133
4042 0.66962 0.067865
4045 0.667519 0.508902
4048 0.668938 0.201806
4051 0.669137 0.142687
4054 0.668314 0.147542
4057 0.668001 0.0618451
4060 0.667888 0.0437857
4063 0.667888 0.0602834
4066 0.668654 0.0435585
4069 0.6682 0.0154755
4072 0.670074 0.330323
4075 0.671238 0.0640884
4078 0.670131 0.0934776
4081 0.670301 0.0593747
4084 0.670046 0.0799046
4087 0.67104 0.0886788
4090 0.670046 0.220944
4093 0.674845 0.422637
4096 0.678508 0.354374
4099 0.680921 0.214925
4102 0.678905 0.218644
4105 0.679956 0.262118
4108 0.681461 0.212625
4111 0.682596 0.186728
4114 0.684811 0.148621
4117 0.685919 0.215493
4120 0.6797 0.261919
4123 0.683306 0.137916
4126 0.684982 0.314649
4129 0.685976 0.294432
4132 0.687339 0.323651
4135 0.688957 0.296561
4138 0.688616 0.317404
4141 0.691825 0.287872
4144 0.696482 0.356192
4147 0.696595 0.288667
4150 0.701849 0.419627
4153 0.704603 0.391601
4156 0.708408 0.432433
4159 0.714513 0.220093
4162 0.719823 0.464747
4165 0.725133 0.478008
4168 0.729875 0.535338
4171 0.669449 0.5116
4174 0.749411 0.477695
4177 0.756396 0.478689
4180 0.766874 0.523753
4183 0.78482 0.42701
4186 0.80146 0.403442
4189 0.833603 0.412812
4192 0.850782 0.326007
4195 0.848993 0.508192
4198 0.864952 0.375018
4201 0.877871 0.203595
4204 0.885765 0.339637
4207 0.902462 0.0785416
4210 0.895704 0.523128
4213 0.887867 0.484737
4216 0.862737 0.587983
4219 0.819547 0.604197
4222 0.781554 0.651986
4225 0.771928 0.679899
4228 0.753386 0.66218
4231 0.749752 0.675072
4234 0.76358 0.795213
4237 0.770111 0.678763
4240 0.780646 0.529801
4243 0.816992 0.620127
4246 0.85277 0.608541
4249 0.88886 0.536417
4252 0.910129 0.477525
4255 0.90303 0.214158
4258 0.887895 0.302212
4261 0.820655 0.301474
4264 0.803078 0.289661
4267 0.78394 0.284976
4270 0.775989 0.262231
4273 0.797882 0.185479
4276 0.784422 0.461624
4279 0.768776 0.485845
4282 0.744555 0.635375
4285 0.712326 0.36011
4288 0.698328 0.600193
4291 0.703183 0.564528
4294 0.684783 0.467416
4297 0.695005 0.537865
4300 0.718886 0.258682
4303 0.705682 0.519323
4306 0.69475 0.431241
4309 0.677173 0.401795
4312 0.701025 0.382713
4315 0.738905 0.722407
4318 0.70006 0.68518
4321 0.682057 0.676548
4324 0.676548 0.746032
4327 0.669705 0.723883
4330 0.65085 0.553767
4333 0.637249 0.594429
4336 0.619048 0.605162
4339 0.615441 0.652128
4342 0.648295 0.539654
4345 0.661811 0.645995
4348 0.672261 0.436551
4351 0.742795 0.162989
4354 0.796604 0.664565
4357 0.82923 0.419684
4360 0.860635 0.386887
4363 0.839055 0.600335
4366 0.822075 0.603544
4369 0.801743 0.537127
4372 0.81242 0.609791
4375 0.830196 0.317262
4378 0.838118 0.614845
4381 0.838714 0.515688
4384 0.792458 0.505296
4387 0.759917 0.528495
4390 0.746713 0.527558
4393 0.730272 0.586052
4396 0.706307 0.615271
4399 0.675782 0.553227
4402 0.687821 0.495726
4405 0.677911 0.138626
4408 0.703723 0.590794
4411 0.714286 0.60042
4414 0.734361 0.621916
4417 0.720164 0.575887
4420 0.664168 0.628134
4423 0.63671 0.508164
4426 0.571713 0.673396
4429 0.544538 0.733822
4432 0.559105 0.769628
4435 0.596303 0.720703
4438 0.619332 0.632564
4441 0.633614 0.564812
4444 0.616748 0.603033
4447 0.585853 0.505097
4450 0.553284 0.504699
4453 0.555953 0.489621
4456 0.512735 0.455377
4459 0.484567 0.402334
4462 0.410398 0.56805
4465 0.354743 0.503649
4468 0.395264 0.464037
4471 0.445495 0.462106
4474 0.482551 0.51106
4477 0.472982 0.45904
4480 0.395235 0.394753
4483 0.297953 0.396002
4486 0.23659 0.320129
4489 0.229435 0.328847
4492 0.237016 0.212057
4495 0.378113 0.461993
4498 0.513701 0.397649
4501 0.593833 0.300565
4504 0.701167 0.374677
4507 0.77809 0.5116
4510 0.857455 0.456087
4513 0.908567 0.483488
4516 0.891757 0.483942
4519 0.904847 0.460204
4522 0.865207 0.516455
4525 0.853054 0.320981
4528 0.819917 0.425789
4531 0.788682 0.446517
4534 0.737258 0.490473
4537 0.72925 0.52574
4540 0.773206 0.55229
4543 0.783798 0.480279
4546 0.771559 0.521538
4549 0.791379 0.495187
4552 0.778828 0.556067
4555 0.783286 0.461425
4558 0.760854 0.573956
4561 0.745918 0.414998
4564 0.758071 0.612431
4567 0.76341 0.711418
4570 0.783003 0.517705
4573 0.765 0.479967
4576 0.705966 0.497459
4579 0.613283 0.3226
4582 0.543885 0.392878
4585 0.542749 0.324928
4588 0.539683 0.49408
4591 0.624187 0.454695
4594 0.695857 0.506204
4597 0.711901 0.534429
4600 0.665162 0.452083
4603 0.512679 0.362808
4606 0.403243 0.292302
4609 0.366414 0.338047
4612 0.296675 0.422807
4615 0.271801 0.369452
4618 0.326547 0.43178
4621 0.371241 0.484965
4624 0.49178 0.551353
4627 0.605531 0.416418
4630 0.659483 0.413692
4633 0.636482 0.463526
4636 0.555641 0.455803
4639 0.508476 0.42931
4642 0.497913 0.329699
4645 0.508703 0.489593
4648 0.493909 0.394781
4651 0.543601 0.465088
4654 0.601215 0.521311
4657 0.555896 0.365988
4660 0.507511 0.471903
4663 0.522305 0.45018
4666 0.441094 0.406508
4669 0.345998 0.326944
4672 0.355794 0.245563
4675 0.402845 0.274527
4678 0.33782 0.338331
4681 0.279978 0.386404
4684 0.282562 0.445779
4687 0.327569 0.43851
4690 0.414913 0.500185
4693 0.433569 0.489082
4696 0.397961 0.42735
4699 0.359343 0.320555
4702 0.314337 0.244115
4705 0.284777 0.0989863
4708 0.287787 0.39339
4711 0.324133 0.500781
4714 0.415055 0.446517
4717 0.534259 0.4332
4720 0.657892 0.330096
4723 0.595281 0.275861
4726 0.493398 0.162138
4729 0.463356 0.306784
4732 0.473266 0.430446
4735 0.535878 0.494619
4738 0.537042 0.48204
4741 0.533095 0.374876
4744 0.528324 0.583951
4747 0.568277 0.667348
4750 0.548286 0.645001
4753 0.535224 0.411989
4756 0.45214 0.386007
4759 0.361587 0.366953
4762 0.366953 0.414289
4765 0.335207 0.459693
4768 0.240338 0.412386
4771 0.163557 0.265156
4774 0.0731465 0.15802
4777 0.00176051 0.190135
4780 0.00036914 0.305705
4783 0.000170372 0.301275
4786 0.000113582 0.272255
4789 0.000141977 0.195956
4792 0.000141977 0.273845
4795 0.000880257 0.458443
4798 0.000425931 0.278615
4801 0.000425931 0.152739
4804 0.000397535 0.303774
4807 0.000141977 0.247494
4810 0.000170372 0.217395
4813 5.67908e-05 0.375245
4816 5.67908e-05 0.259789
4819 5.67908e-05 0.229832
4822 0.000170372 0.258937
4825 5.67908e-05 0.243689
4828 2.83954e-05 0.216259
4831 2.83954e-05 0.245961
4834 0.00482721 0.139137
4837 0.00286793 0.017236
4840 0.00232842 0.145895
4843 0.0036914 0.0564216
4846 0.00454326 0.135702
4849 0.00420252 0.0196212
4852 0.0030951 0.0205299
4855 0.00349263 0.0166965
4858 0.00315189 0.409348
4861 0.00292472 0.147145
4864 0.00173212 0.098106
4867 0.000567908 0.0849306
4870 0.000397535 0.109407
4873 0.000141977 0.264503
4876 0.000141977 0.293125
4879 0.000141977 0.178351
4882 0.000255558 0.370531
4885 0.000141977 0.371184
4888 0.000141977 0.181106
4891 0.000141977 0.175711
4894 8.51861e-05 0.280717
4897 5.67908e-05 0.130931
4900 5.67908e-05 0.119488
4903 5.67908e-05 0.146918
4906 5.67908e-05 0.0958344
4909 0.000113582 0.443507
4912 8.51861e-05 0.262402
4915 5.67908e-05 0.0854417
4918 0 0.129852
4921 0 0.358151
4924 2.83954e-05 0.222052
4927 5.67908e-05 0.212284
4930 2.83954e-05 0.297754
4933 0.0374535 0.061334
4936 0.146293 0.182327
4939 0.14263 0.226822
4942 0.123889 0.215776
4945 0.164438 0.277224
4948 0.230201 0.334583
4951 0.209558 0.344663
4954 0.207939 0.295028
4957 0.211943 0.258653
4960 0.117926 0.228043
4963 0.0266065 0.129171
4966 0.000227163 0.142942
4969 0.000227163 0.346679
4972 8.51861e-05 0.17182
4975 0 0.29199
4978 2.83954e-05 0.219979
4981 2.83954e-05 0.247977
4984 0.0227447 0.143766
4987 0.11997 0.161485
4990 0.134537 0.229548
4993 0.172474 0.253287
4996 0.258284 0.228128
4999 0.219411 0.442798
5002 0.176506 0.336485
5005 0.166312 0.222307
5008 0.105688 0.169662
5011 0.0263509 0.114291
5014 0.000312349 0.0586649
5017 0.000198768 0.279127
5020 0.000198768 0.217679
5023 0.000141977 0.288327
5026 0 0.365732
5029 0 0.223557
5032 5.67908e-05 0.227873
5035 0.000113582 0.334441
5038 0.0115001 0.0292472
5041 0.0561661 0.0881676
5044 0.0658205 0.138342
5047 0.0480734 0.117188
5050 0.0183718 0.0976801
5053 0.000198768 0.0440128
5056 2.83954e-05 0.174802
5059 0.00167533 0.403328
5062 0.00178891 0.321294
5065 0.0646847 0.0650822
5068 0.143425 0.106767
5071 0.19076 0.167249
5074 0.221427 0.165602
5077 0.247011 0.230059
5080 0.254252 0.202715
5083 0.249567 0.187097
5086 0.32649 0.226112
5089 0.358094 0.254309
5092 0.246585 0.261919
5095 0.128659 0.16776
5098 0.184598 0.151489
5101 0.302581 0.299174
5104 0.344635 0.248829
5107 0.175285 0.129256
5110 0.0395832 0.251469
5113 0.00107902 0.202658
5116 0.000425931 0.301672
5119 0.000312349 0.346168
5122 0.000283954 0.362297
5125 0.000198768 0.340177
5128 0.000141977 0.375841
5131 8.51861e-05 0.274555
5134 0.000709884 0.42772
5137 0.00036914 0.226964
5140 0.000227163 0.343045
5143 0.000141977 0.157367
5146 0.000141977 0.288724
5149 0.000141977 0.0704773
5152 5.67908e-05 0.215549
5155 5.67908e-05 0.265156
5158 5.67908e-05 0.148962
5161 0.000312349 0.418434
5164 0.000283954 0.249425
5167 0.000113582 0.271744
5170 0 0.389925
5173 0 0.199506
5176 0 0.220178
5179 5.67908e-05 0.186103
5182 2.83954e-05 0.221172
5185 8.51861e-05 0.431127
5188 2.83954e-05 0.283329
5191 2.83954e-05 0.286424
5194 2.83954e-05 0.149133
5197 0 0.28773
5200 0 0.326547
5203 0 0.139989
5206 0 0.178493
5209 0 0.27552
5212 0 0.241559
5215 0 0.174717
5218 0.000255558 0.448988
5221 0.000141977 0.202544
5224 0.000141977 0.158134
5227 0.000141977 0.342533
5230 0.000113582 0.37621
5233 0.000141977 0.261947
5236 8.51861e-05 0.229889
5239 5.67908e-05 0.206179
5242 5.67908e-05 0.19394
5245 0.000255558 0.425334
5248 0.000170372 0.283215
5251 0.000227163 0.224522
5254 0.000141977 0.24349
5257 0.000113582 0.192691
5260 0.000113582 0.232161
5263 2.83954e-05 0.194537
5266 5.67908e-05 0.321067
5269 0.000113582 0.391288
5272 2.83954e-05 0.237698
5275 2.83954e-05 0.290059
5278 2.83954e-05 0.189681
5281 0.0363461 0.0493228
5284 8.51861e-05 0.125933
5287 0.134906 0.20422
5290 0.185621 0.153647
5293 0.192379 0.204617
5296 0.184059 0.263793
5299 0.179146 0.2005
5302 0.176562 0.265326
5305 0.185933 0.280291
5308 0.18846 0.210296
5311 0.193713 0.291592
5314 0.195843 0.287816
5317 0.200102 0.291791
5320 0.226396 0.38064
5323 0.276827 0.0483573
5326 0.339098 0.165857
5329 0.386773 0.140671
5332 0.415907 0.156175
5335 0.430957 0.181248
5338 0.4332 0.153477
5341 0.439617 0.0856121
5344 0.4539 0.167391
5347 0.474061 0.198796
5350 0.478491 0.231621
5353 0.484368 0.220121
5356 0.484397 0.242809
5359 0.485476 0.261834
5362 0.532243 0.289661
5365 0.562427 0.115058
5368 0.540904 0.193003
5371 0.521453 0.215209
5374 0.516171 0.226879
5377 0.528807 0.220802
5380 0.523355 0.20757
5383 0.527075 0.223244
5386 0.54752 0.170003
5389 0.569299 0.225601
5392 0.589119 0.281341
5395 0.62024 0.405855
5398 0.654883 0.300054
5401 0.68112 0.368118
5404 0.699435 0.338388
5407 0.714314 0.421444
5410 0.744101 0.273022
5413 0.759945 0.353778
5416 0.76571 0.272028
5419 0.768209 0.223699
5422 0.77579 0.294574
5425 0.759207 0.157055
5428 0.744442 0.175427
5431 0.727064 0.167419
5434 0.713036 0.139876
5437 0.709345 0.154499
5440 0.707613 0.0310645
5443 0.703155 0.0509129
5446 0.677826 0.171167
5449 0.678706 0.102848
5452 0.676293 0.112872
5455 0.692677 0.14794
5458 0.705 0.148366
5461 0.714002 0.162734
5464 0.718801 0.0879973
5467 0.724991 0.111622
5470 0.746514 0.217793
5473 0.754323 0.0856972
5476 0.75739 0.130988
5479 0.754266 0.156033
5482 0.75279 0.170088
5485 0.754039 0.106653
5488 0.746316 0.0968282
5491 0.747196 0.114377
5494 0.744896 0.112219
5497 0.755743 0.15112
5500 0.753244 0.145668
5503 0.75685 0.152654
5506 0.755942 0.156657
5509 0.755771 0.171423
5512 0.74978 0.189539
5515 0.745066 0.223443
5518 0.744555 0.220632
5521 0.74004 0.328506
5524 0.742085 0.0635772
5527 0.747537 0.0528722
5530 0.750547 0.075986
5533 0.751398 0.0557969
5536 0.751455 0.0685748
5539 0.75438 0.0744527
5542 0.755686 0.0868047
5545 0.750149 0.21058
5548 0.75421 0.337138
5551 0.754494 0.0627822
5554 0.755345 0.173496
5557 0.756282 0.158191
5560 0.758526 0.0241645
5563 0.757645 0.0852713
5566 0.757418 0.0627254
5569 0.75756 0.118891
5572 0.754863 0.24562
5575 0.757021 0.268365
5578 0.75952 0.166652
5581 0.757929 0.240906
5584 0.755601 0.124571
5587 0.750887 0.220604
5590 0.748843 0.290882
5593 0.745407 0.191271
5596 0.741148 0.330153
5599 0.739756 0.267342
5602 0.736264 0.118806
5605 0.736349 0.179572
5608 0.734049 0.110714
5611 0.732629 0.130221
5614 0.730982 0.200784
5617 0.731209 0.216628
5620 0.726723 0.323906
5623 0.730216 0.19147
5626 0.729278 0.249766
5629 0.730244 0.178181
5632 0.730017 0.10015
5635 0.730187 0.118466
5638 0.727376 0.132947
5641 0.725303 0.224778
5644 0.721669 0.244143
5647 0.711986 0.242156
5650 0.71244 0.249851
5653 0.708237 0.215691
5656 0.698952 0.182838
5659 0.693103 0.24616
5662 0.694409 0.132748
5665 0.693727 0.228412
5668 0.690632 0.208223
5671 0.664963 0.247608
5674 0.668598 0.110998
5677 0.667149 0.267115
5680 0.667405 0.256779
5683 0.667377 0.181532
5686 0.667859 0.117784
5689 0.668143 0.166056
5692 0.668086 0.105858
5695 0.667632 0.179175
5698 0.664793 0.38294
5701 0.663117 0.215947
5704 0.658972 0.215663
5707 0.657325 0.268166
5710 0.654769 0.0823466
5713 0.641366 0.139904
5716 0.640713 0.147429
5719 0.639123 0.0790243
5722 0.630519 0.282988
5725 0.629838 0.298975
5728 0.629866 0.190505
5731 0.630548 0.0684045
5734 0.63103 0.192663
5737 0.631059 0.222222
