frame_number static_density dynamic_density
820 0.672364 0.449404
823 0.69592 0.068321
826 0.727324 0.0323353
829 0.74532 0.0667328
832 0.755303 0.0276355
835 0.761004 0.0205575
838 0.760696 0.0106839
841 0.762811 0.0295762
844 0.76318 0.0244429
847 0.776347 0.127036
850 0.777506 0.0321327
853 0.776586 0.0199295
856 0.776554 0.0312616
859 0.775286 0.0294182
862 0.775942 0.0203103
865 0.774232 0.0460903
868 0.773714 0.0399117
871 0.772713 0.0337533
874 0.778239 0.142715
877 0.778405 0.0637712
880 0.778215 0.0524228
883 0.779726 0.0366826
886 0.779276 0.0325581
889 0.779001 0.0213516
892 0.779195 0.019893
895 0.775594 0.0205291
898 0.772701 0.0306944
901 0.77298 0.0227332
904 0.772745 0.0191678
907 0.767486 0.200745
910 0.766563 0.0315169
913 0.76653 0.0206183
916 0.768143 0.00921319
919 0.770306 0.0141439
922 0.77042 0.0130986
925 0.771181 0.0166113
928 0.771044 0.0142574
931 0.771676 0.0389434
934 0.772668 0.180318
937 0.771489 0.0124058
940 0.771007 0.027202
943 0.770902 0.0182684
946 0.768094 0.0219715
949 0.767511 0.0314075
952 0.767657 0.0358601
955 0.766559 0.0448951
958 0.779714 0.0641358
961 0.778604 0.0525079
964 0.775796 0.0381776
967 0.772948 0.0605988
970 0.773349 0.0474394
973 0.77215 0.0105786
976 0.770898 0.00747103
979 0.770112 0.0288956
982 0.761166 0.0819828
985 0.758569 0.0228223
988 0.755591 0.0227494
991 0.756081 0.0277166
994 0.762689 0.0285512
997 0.762977 0.00982902
1000 0.761916 0.00969938
1003 0.762082 0.0175026
1006 0.761709 0.0129811
1009 0.760096 0.110307
1012 0.758593 0.0327202
1015 0.752536 0.037578
1018 0.752467 0.0303946
1021 0.753744 0.0308889
1024 0.753039 0.0359128
1027 0.75316 0.0338587
1030 0.751463 0.029953
1033 0.752188 0.0363423
1036 0.752674 0.0273924
1039 0.758873 0.0966008
1042 0.756085 0.0522486
1045 0.75673 0.0367353
1048 0.756393 0.0305931
1051 0.757503 0.0342841
1054 0.75767 0.0339964
1057 0.758601 0.0416619
1060 0.757483 0.0309254
1063 0.753124 0.112082
1066 0.752245 0.0333036
1069 0.752496 0.0276193
1072 0.749789 0.024925
1075 0.750737 0.0260028
1078 0.750993 0.0299206
1081 0.751856 0.0229763
1084 0.751074 0.0272344
1087 0.75376 0.0279475
1090 0.75711 0.0849972
1093 0.758253 0.0298922
1096 0.75818 0.0310955
1099 0.758277 0.0250223
1102 0.757236 0.0252735
1105 0.755777 0.0295924
1108 0.756029 0.0265862
1111 0.754542 0.0305931
1114 0.75722 0.0968317
1117 0.756033 0.0353618
1120 0.756466 0.0273438
1123 0.754157 0.0320558
1126 0.755389 0.032153
1129 0.754991 0.0283567
1132 0.756888 0.0327161
1135 0.759132 0.0317316
1138 0.761891 0.0646179
1141 0.763431 0.0312819
1144 0.765124 0.0443076
1147 0.763163 0.0280488
1150 0.761741 0.0264808
1153 0.758391 0.0309659
1156 0.757451 0.030739
1159 0.754611 0.0368811
1162 0.757268 0.0369946
1165 0.754846 0.0509319
1168 0.753448 0.0333401
1171 0.755575 0.0404141
1174 0.755283 0.0310348
1177 0.754619 0.0385463
1180 0.75468 0.0373106
1183 0.756025 0.0327607
1186 0.758682 0.0282676
1189 0.766603 0.0682765
1192 0.765862 0.0284175
1195 0.766324 0.0338546
1198 0.766911 0.017847
1201 0.768451 0.0304838
1204 0.769994 0.0121384
1207 0.768929 0.0301475
1210 0.768601 0.00998703
1213 0.770987 0.140341
1216 0.771364 0.0235354
1219 0.769917 0.0304108
1222 0.7673 0.03915
1225 0.768046 0.0724577
1228 0.76653 0.0220687
1231 0.76636 0.0320071
1234 0.766518 0.025553
1237 0.766781 0.029086
1240 0.756948 0.0313467
1243 0.756531 0.0230451
1246 0.759306 0.0293331
1249 0.765428 0.0233044
1252 0.761514 0.0213556
1255 0.758083 0.0250547
1258 0.755016 0.029637
1261 0.752159 0.0289968
1264 0.754181 0.113119
1267 0.753132 0.0178835
1270 0.752557 0.0237379
1273 0.754165 0.02311
1276 0.752382 0.0251114
1279 0.753136 0.0326554
1282 0.753371 0.0293048
1285 0.75295 0.030269
1288 0.749733 0.0688315
1291 0.750409 0.028462
1294 0.748772 0.0324893
1297 0.750766 0.0269265
1300 0.750879 0.0382262
1303 0.751297 0.0265457
1306 0.75177 0.0282392
1309 0.751175 0.0288064
1312 0.748991 0.0172109
1315 0.739567 0.0331618
1318 0.737205 0.0277003
1321 0.732813 0.0235637
1324 0.729884 0.0313589
1327 0.728616 0.0374119
1330 0.727243 0.0154323
1333 0.72625 0.0239122
1336 0.724974 0.0289928
1339 0.726473 0.121967
1342 0.726979 0.078069
1345 0.727619 0.0456405
1348 0.728632 0.0480188
1351 0.728122 0.0390365
1354 0.728263 0.0393688
1357 0.72941 0.0394214
1360 0.730597 0.0402317
1363 0.725833 0.0835265
1366 0.727842 0.0429665
1369 0.727785 0.0456284
1372 0.731784 0.0450328
1375 0.734183 0.0426667
1378 0.732546 0.0342841
1381 0.730245 0.0295114
1384 0.731416 0.0356778
1387 0.731861 0.0282595
1390 0.730536 0.0322178
1393 0.731764 0.0261648
1396 0.732477 0.0244713
1399 0.733587 0.00603274
1402 0.734782 0.0165141
1405 0.73667 0.0145369
1408 0.738319 0.0233409
1411 0.740394 0.0231343
1414 0.755664 0.0387894
1417 0.755226 0.055583
1420 0.755247 0.0513897
1423 0.755911 0.0913864
1426 0.756807 0.0932258
1429 0.755628 0.0942266
1432 0.755283 0.120902
1435 0.755263 0.0807512
1438 0.76068 0.134863
1441 0.759878 0.193663
1444 0.759663 0.221789
1447 0.762074 0.26036
1450 0.765829 0.319727
1453 0.766328 0.0748116
1456 0.770468 0.339361
1459 0.772514 0.33977
1462 0.781861 0.346046
1465 0.793534 0.365214
1468 0.792622 0.346325
1471 0.795239 0.211275
1474 0.800741 0.30645
1477 0.802832 0.109161
1480 0.806272 0.290191
1483 0.806912 0.0653513
1486 0.811279 0.0310591
1489 0.823199 0.0338303
1492 0.828191 0.265315
1495 0.828304 0.381221
1498 0.831643 0.450782
1501 0.830472 0.171971
1504 0.836452 0.402913
1507 0.83787 0.273041
1510 0.839211 0.385135
1513 0.847573 0.604043
1516 0.847901 0.504343
1519 0.845754 0.490479
1522 0.845207 0.183474
1525 0.835889 0.400652
1528 0.828632 0.593643
1531 0.825399 0.61397
1534 0.819018 0.13567
1537 0.819038 0.403881
1540 0.806175 0.494474
1543 0.803294 0.273005
1546 0.801463 0.392023
1549 0.791966 0.590912
1552 0.781116 0.610672
1555 0.765736 0.611689
1558 0.761312 0.361826
1561 0.758326 0.583283
1564 0.75359 0.642205
1567 0.756859 0.638498
1570 0.753849 0.638052
1573 0.75342 0.612224
1576 0.753796 0.620557
1579 0.757487 0.612499
1582 0.769751 0.638996
1585 0.772409 0.627478
1588 0.773896 0.572138
1591 0.766449 0.452484
1594 0.758954 0.454878
1597 0.756839 0.601442
1600 0.755145 0.637469
1603 0.751151 0.680188
1606 0.75066 0.680301
1609 0.748902 0.693546
1612 0.754157 0.685179
1615 0.75177 0.631582
1618 0.737691 0.652374
1621 0.719378 0.601126
1624 0.708176 0.628336
1627 0.704712 0.639717
1630 0.707965 0.61884
1633 0.717401 0.645786
1636 0.727806 0.653221
1639 0.719504 0.658845
