frame_number static_density dynamic_density
1 2.81547e-05 0.0203277
4 0.057323 0.0524804
7 0.145307 0.162397
10 0.134045 0.174475
13 0.0735683 0.176164
16 0.0261558 0.0924602
19 2.81547e-05 0.0123318
22 5.63095e-05 0.229517
25 0.0123881 0.0160764
28 0.0363478 0.0512416
31 0.045132 0.0703305
34 0.0410496 0.0760741
37 0.0228053 0.0557745
40 0.00335041 0.0313925
43 2.81547e-05 0.00909398
46 2.81547e-05 0.326257
49 2.81547e-05 0.267442
52 0.0123318 0.0208064
55 0.0508475 0.0725266
58 0.0848302 0.0925446
61 0.0990484 0.115829
64 0.0634326 0.0278732
67 0.0255363 0.0563939
70 0.00129512 0.0208908
73 2.81547e-05 0.0686976
76 2.81547e-05 0.0572667
79 0.0124725 0.0225238
82 0.0366856 0.0783828
85 0.0950786 0.157723
88 0.164846 0.203615
91 0.230531 0.256152
94 0.213638 0.288952
97 0.194887 0.206487
100 0.130131 0.14297
103 0.0605045 0.0519455
106 0.0172589 0.022918
109 0.0504533 0.0513261
112 0.104088 0.100512
115 0.146855 0.188496
118 0.148573 0.194268
121 0.113633 0.194718
124 0.0832817 0.149868
127 0.0583085 0.109437
130 0.0363478 0.0668112
133 0.00774255 0.02365
136 5.63095e-05 0.0306324
139 5.63095e-05 0.199054
142 5.63095e-05 0.103891
145 2.81547e-05 0.168281
148 2.81547e-05 0.159694
151 2.81547e-05 0.147756
154 2.81547e-05 0.0814798
157 2.81547e-05 0.155836
160 2.81547e-05 0.131961
163 2.81547e-05 0.146405
166 2.81547e-05 0.194042
169 2.81547e-05 0.120812
172 5.63095e-05 0.200039
175 2.81547e-05 0.223549
178 2.81547e-05 0.177572
181 2.81547e-05 0.141618
184 0 0.12343
187 2.81547e-05 0.120418
190 2.81547e-05 0.168225
193 2.81547e-05 0.272707
196 5.63095e-05 0.134777
199 2.81547e-05 0.159328
202 2.81547e-05 0.156906
205 2.81547e-05 0.205333
208 2.81547e-05 0.119827
211 2.81547e-05 0.229405
214 2.81547e-05 0.248015
217 2.81547e-05 0.192241
220 2.81547e-05 0.192804
223 2.81547e-05 0.131314
226 2.81547e-05 0.0830565
229 2.81547e-05 0.139479
232 2.81547e-05 0.147841
235 2.81547e-05 0.246298
238 2.81547e-05 0.279154
241 2.81547e-05 0.239315
244 2.81547e-05 0.257785
247 5.63095e-05 0.132187
250 5.63095e-05 0.18737
253 2.81547e-05 0.161777
256 2.81547e-05 0.18157
259 2.81547e-05 0.116448
262 2.81547e-05 0.227772
265 2.81547e-05 0.170899
268 2.81547e-05 0.100456
271 5.63095e-05 0.102117
274 5.63095e-05 0.222451
277 0.0292809 0.0438088
280 0.075877 0.0914184
283 0.119995 0.152599
286 0.151444 0.142463
289 0.127175 0.127513
292 0.0866603 0.0383468
295 0.0450476 0.0442874
298 0.00489892 0.0286897
301 0.0119658 0.0209753
304 0.0295062 0.0366856
307 0.0390225 0.0453854
310 0.0369672 0.0476378
313 0.0242975 0.0281829
316 0.0117405 0.0150909
319 0.00340672 0.0143308
322 8.44642e-05 0.139985
325 8.44642e-05 0.0504251
328 5.63095e-05 0.117574
331 2.81547e-05 0.111211
334 0 0.0992455
337 0 0.138944
340 0 0.274255
343 0.0196802 0.0384594
346 0.0399797 0.0702461
349 0.0477504 0.105102
352 0.0461456 0.097894
355 0.0290838 0.0768624
358 0.018385 0.0521144
361 0.00371643 0.0273664
364 2.81547e-05 0.0234811
367 2.81547e-05 0.208289
370 2.81547e-05 0.212794
373 2.81547e-05 0.149924
376 2.81547e-05 0.244327
379 2.81547e-05 0.163861
382 0.00619404 0.0137395
385 0.0344051 0.0735683
388 0.0520018 0.13182
391 0.0725266 0.191593
394 0.0620812 0.184611
397 0.0501999 0.135847
400 0.0335886 0.0859846
403 0.0143871 0.0404302
406 0.0483135 0.064953
409 0.108114 0.120362
412 0.157892 0.196605
415 0.193564 0.223802
418 0.213357 0.253843
421 0.212934 0.288811
424 0.236387 0.296244
427 0.250943 0.264373
430 0.247058 0.285968
433 0.247508 0.246269
436 0.255983 0.204882
439 0.249648 0.260769
442 0.233853 0.265724
445 0.218959 0.309392
448 0.216623 0.303452
451 0.216031 0.317079
454 0.218537 0.334
457 0.215271 0.313644
460 0.204657 0.262543
463 0.202799 0.272003
466 0.193986 0.242272
469 0.185202 0.22459
472 0.176502 0.208542
475 0.168957 0.193845
478 0.161665 0.175376
481 0.156118 0.169154
484 0.152373 0.154626
487 0.152036 0.142547
490 0.150853 0.134101
493 0.150994 0.129821
496 0.14694 0.134214
499 0.160735 0.0346866
502 0.228588 0.131736
505 0.304156 0.246269
508 0.400163 0.33034
511 0.419646 0.327327
514 0.397798 0.316121
517 0.396362 0.285742
520 0.379216 0.187342
523 0.366096 0.17318
526 0.344164 0.169942
529 0.327862 0.22352
532 0.317304 0.217552
535 0.312321 0.232333
538 0.311926 0.248015
541 0.313109 0.256884
544 0.31508 0.258911
547 0.319275 0.297511
550 0.32026 0.229827
553 0.319021 0.129512
556 0.319444 0.212287
559 0.319641 0.0607016
562 0.318852 0.100794
565 0.318486 0.0969931
568 0.318993 0.0849147
571 0.346472 0.0428515
574 0.379019 0.055859
577 0.417563 0.0445408
580 0.458669 0.10879
583 0.500084 0.0637142
586 0.539248 0.116617
589 0.551946 0.178219
592 0.55676 0.179824
595 0.607044 0.111577
598 0.661214 0.170224
601 0.682443 0.209978
604 0.695253 0.241765
607 0.706093 0.25252
610 0.714624 0.274255
613 0.709359 0.268934
616 0.693339 0.285489
619 0.685258 0.289712
622 0.681598 0.289318
625 0.673715 0.183428
628 0.666169 0.262853
631 0.673715 0.295146
634 0.673123 0.270651
637 0.670899 0.262599
640 0.666929 0.25663
643 0.662481 0.238274
646 0.657132 0.242187
649 0.672757 0.179064
652 0.688214 0.217524
655 0.697477 0.220395
658 0.7037 0.244102
661 0.705192 0.215046
664 0.713554 0.233375
667 0.722056 0.242272
670 0.734585 0.237063
673 0.746072 0.22963
676 0.755307 0.235458
679 0.763359 0.234022
682 0.768934 0.233093
685 0.770229 0.177487
688 0.77068 0.0198772
691 0.769385 0.183428
694 0.767498 0.190495
697 0.777634 0.204319
700 0.774818 0.199138
703 0.773777 0.201616
706 0.771947 0.204403
709 0.772397 0.213694
712 0.772284 0.319782
715 0.771496 0.44949
718 0.77082 0.410749
721 0.780815 0.481559
724 0.781773 0.33003
727 0.781632 0.457824
730 0.780449 0.222648
733 0.780872 0.0201869
736 0.782139 0.273185
739 0.78211 0.1834
742 0.782251 0.301002
745 0.784053 0.251788
748 0.784419 0.313728
751 0.783575 0.226589
754 0.783546 0.214342
757 0.782139 0.226308
760 0.782814 0.315699
763 0.780815 0.401571
766 0.780928 0.356157
769 0.7809 0.387156
772 0.787347 0.39563
775 0.787629 0.326342
778 0.787235 0.129371
781 0.786728 0.253928
784 0.786953 0.0188637
787 0.795709 0.0211442
790 0.795118 0.0710063
793 0.795597 0.117997
796 0.795371 0.128526
799 0.79554 0.154429
802 0.785968 0.181148
805 0.777493 0.179852
808 0.775044 0.231629
811 0.774452 0.254265
814 0.773354 0.272904
817 0.772313 0.281519
820 0.779802 0.299932
823 0.780506 0.209499
826 0.782279 0.118165
829 0.783377 0.15136
832 0.785376 0.134157
835 0.785405 0.0432738
838 0.78639 0.0859001
841 0.786587 0.113801
844 0.786615 0.0714004
847 0.789205 0.231601
850 0.789037 0.0866321
853 0.789515 0.0472718
856 0.78853 0.14114
859 0.789234 0.071147
862 0.788727 0.141787
865 0.78791 0.0518892
868 0.788305 0.0153443
871 0.787009 0.0621657
874 0.787066 0.111915
877 0.786418 0.083704
880 0.787544 0.176052
883 0.788107 0.108593
886 0.788164 0.187961
889 0.788107 0.0585055
892 0.78791 0.154147
895 0.787206 0.0674869
898 0.787939 0.23681
901 0.788333 0.0432738
904 0.787967 0.148798
907 0.786165 0.290895
910 0.785968 0.122304
913 0.786024 0.0278169
916 0.786362 0.104792
919 0.78639 0.116645
922 0.786559 0.0462019
925 0.786643 0.0608424
928 0.787516 0.0292528
931 0.78639 0.0917
934 0.786474 0.0641646
937 0.786587 0.0599977
940 0.786165 0.128357
943 0.786503 0.0968805
946 0.785855 0.183625
949 0.785742 0.038206
952 0.785771 0.161608
955 0.784476 0.267104
958 0.785573 0.116786
961 0.785039 0.115406
964 0.783152 0.00701053
967 0.78318 0.0157103
970 0.783631 0.0284363
973 0.784025 0.321555
976 0.783406 0.0505096
979 0.783575 0.0108396
982 0.785461 0.105102
985 0.78501 0.0964581
988 0.784222 0.0719072
991 0.78425 0.0552114
994 0.784785 0.150909
997 0.78501 0.0502562
1000 0.785461 0.0644744
1003 0.785123 0.247002
1006 0.783096 0.278338
1009 0.783237 0.0538882
1012 0.783321 0.309674
1015 0.782983 0.0314488
1018 0.782871 0.0346866
1021 0.783406 0.081142
1024 0.7838 0.0701053
1027 0.78349 0.0204122
1030 0.782927 0.170702
1033 0.783743 0.0404021
1036 0.780618 0.201194
1039 0.780815 0.0575764
1042 0.780731 0.198913
1045 0.780956 0.0301537
1048 0.781491 0.103581
1051 0.781322 0.0521426
1054 0.780956 0.0319556
1057 0.781125 0.0469903
1060 0.78135 0.0299848
1063 0.781942 0.203784
1066 0.782336 0.0268878
1069 0.782279 0.122529
1072 0.782476 0.024382
1075 0.782561 0.258827
1078 0.782364 0.0388817
1081 0.782308 0.0654879
1084 0.782786 0.0269441
1087 0.780393 0.0543668
1090 0.780646 0.14663
1093 0.780449 0.0373332
1096 0.780534 0.00388535
1099 0.780703 0.161693
1102 0.780506 0.0745819
1105 0.780675 0.0924039
1108 0.781012 0.0306042
1111 0.780083 0.183794
1114 0.780815 0.05859
1117 0.780083 0.0715975
1120 0.779577 0.0670083
1123 0.780309 0.0437806
1126 0.780055 0.0996396
1129 0.780421 0.0284644
1132 0.781069 0.0632637
1135 0.780843 0.0188637
1138 0.78135 0.0859846
1141 0.781913 0.0364322
1144 0.781632 0.0102483
1147 0.78121 0.0135706
1150 0.781407 0.0144997
1153 0.780787 0.0261276
1156 0.779971 0.0437243
1159 0.780449 0.0420632
1162 0.780956 0.0549017
1165 0.781576 0.033476
1168 0.781435 0.0358128
1171 0.781998 0.0503688
1174 0.781435 0.0444563
1177 0.781181 0.0478067
1180 0.78121 0.0427389
1183 0.781097 0.0444282
1186 0.780449 0.0433583
1189 0.7809 0.0391632
1192 0.781716 0.0318993
1195 0.781463 0.0184977
1198 0.781519 0.0126415
1201 0.781829 0.00898136
1204 0.782082 0.0436398
1207 0.781491 0.0694577
1210 0.781885 0.0856749
1213 0.781069 0.186525
1216 0.780731 0.13106
1219 0.781407 0.0540853
1222 0.782054 0.223886
1225 0.782476 0.0677403
1228 0.782054 0.0434709
1231 0.782139 0.0785799
1234 0.781998 0.0301819
1237 0.778816 0.255645
1240 0.778591 0.041303
1243 0.778985 0.11031
1246 0.779013 0.0691199
1249 0.779182 0.120052
1252 0.77983 0.170843
1255 0.779633 0.0434709
1258 0.780675 0.118982
1261 0.780083 0.232192
1264 0.780618 0.158567
1267 0.780449 0.0625598
1270 0.780478 0.0288023
1273 0.780111 0.145616
1276 0.781097 0.0312518
1279 0.780872 0.263416
1282 0.781069 0.0217355
1285 0.781294 0.0213976
1288 0.781716 0.239541
1291 0.780984 0.0981193
1294 0.780928 0.115772
1297 0.780843 0.0502562
1300 0.780787 0.164593
1303 0.780365 0.0242131
1306 0.780759 0.0614618
1309 0.780731 0.0713723
1312 0.780646 0.20812
1315 0.78059 0.149023
1318 0.780731 0.0484825
1321 0.780703 0.103919
1324 0.780562 0.0450194
1327 0.780421 0.173968
1330 0.779914 0.0326032
1333 0.779858 0.0455262
1336 0.77724 0.195225
1339 0.776677 0.0674588
1342 0.776677 0.0770314
1345 0.776986 0.0256208
1348 0.777887 0.250267
1351 0.778084 0.166873
1354 0.777887 0.113801
1357 0.777831 0.0237063
1360 0.778253 0.0313362
1363 0.778507 0.209528
1366 0.778619 0.030013
1369 0.778141 0.217918
1372 0.777521 0.0787488
1375 0.778141 0.103863
1378 0.777465 0.227687
1381 0.777859 0.040205
1384 0.778225 0.201447
1387 0.776733 0.27907
1390 0.776648 0.0271975
1393 0.776508 0.0811701
1396 0.776592 0.0141618
1399 0.777352 0.0507911
1402 0.777662 0.0261839
1405 0.777606 0.0226364
1408 0.777634 0.0234247
1411 0.779605 0.29447
1414 0.779971 0.134495
1417 0.780224 0.13503
1420 0.779999 0.0742159
1423 0.780055 0.0915874
1426 0.779661 0.125035
1429 0.779633 0.0472718
1432 0.779999 0.0790867
1435 0.780111 0.0561405
1438 0.778704 0.0437525
1441 0.777887 0.0780449
1444 0.778816 0.0743848
1447 0.778394 0.0592657
1450 0.779013 0.046765
1453 0.778788 0.139338
1456 0.779154 0.0619404
1459 0.779211 0.202883
1462 0.779464 0.123402
1465 0.779633 0.239231
1468 0.778873 0.216341
1471 0.77693 0.0857875
1474 0.779295 0.0729489
1477 0.781604 0.0517484
1480 0.786277 0.166507
1483 0.7867 0.392702
1486 0.786869 0.309646
1489 0.787741 0.2722
1492 0.788248 0.272284
1495 0.786193 0.468748
1498 0.786643 0.485162
1501 0.786446 0.490118
1504 0.787263 0.477814
1507 0.791345 0.47773
1510 0.797455 0.321358
1513 0.805958 0.488597
1516 0.816572 0.460865
1519 0.824202 0.41928
1522 0.838927 0.174616
1525 0.848612 0.333859
1528 0.851878 0.333465
1531 0.853877 0.297455
1534 0.843854 0.303593
1537 0.812321 0.274959
1540 0.799876 0.298243
1543 0.796103 0.319782
1546 0.80317 0.333127
1549 0.809871 0.335379
1552 0.771524 0.286193
1555 0.7722 0.540205
1558 0.770229 0.427417
1561 0.746889 0.0530435
1564 0.757926 0.168957
1567 0.742469 0.490061
1570 0.719522 0.0286052
1573 0.700124 0.268399
1576 0.70705 0.405597
1579 0.720536 0.470212
1582 0.717411 0.356355
1585 0.684414 0.408469
1588 0.672223 0.390112
1591 0.636917 0.333408
1594 0.604088 0.250605
1597 0.577594 0.278197
1600 0.592939 0.335238
1603 0.614646 0.367166
1606 0.630497 0.426882
1609 0.659159 0.450504
1612 0.638972 0.382567
1615 0.559941 0.387184
1618 0.482319 0.343516
1621 0.453545 0.218565
1624 0.412439 0.188524
1627 0.428346 0.110676
1630 0.468213 0.189481
1633 0.537192 0.37702
1636 0.613435 0.409398
1639 0.674137 0.456107
1642 0.685033 0.407118
1645 0.689538 0.484965
1648 0.690748 0.441523
1651 0.680218 0.0557464
1654 0.689228 0.137085
1657 0.651979 0.425418
1660 0.623261 0.365336
1663 0.612703 0.204685
1666 0.579171 0.161383
1669 0.56377 0.302354
1672 0.572583 0.166141
1675 0.599977 0.185061
1678 0.566642 0.132496
1681 0.499747 0.101554
1684 0.462385 0.277521
1687 0.439383 0.256462
1690 0.496509 0.300524
1693 0.594628 0.333662
1696 0.691537 0.346669
1699 0.781322 0.417478
1702 0.813728 0.250183
1705 0.822963 0.341292
1708 0.764683 0.459964
1711 0.7104 0.415367
1714 0.620728 0.433132
1717 0.581226 0.397629
1720 0.516977 0.293429
1723 0.509094 0.162256
1726 0.525593 0.121234
1729 0.509826 0.136945
1732 0.353201 0.214708
1735 0.318796 0.321048
1738 0.297567 0.367701
1741 0.252098 0.338138
1744 0.188074 0.247846
1747 0.101695 0.125232
1750 0.0284926 0.0505096
1753 0.0599414 0.105608
1756 0.112844 0.174024
1759 0.162002 0.248409
1762 0.182978 0.252661
1765 0.164959 0.201588
1768 0.217017 0.296075
1771 0.257728 0.137789
1774 0.248184 0.277071
1777 0.146574 0.274058
1780 0.0926854 0.160876
1783 0.0460893 0.100006
1786 0.00337857 0.0347993
1789 5.63095e-05 0.131004
1792 0 0.0298722
1795 0.0125289 0.0200462
1798 0.104848 0.113886
1801 0.204657 0.284729
1804 0.194887 0.357593
1807 0.172194 0.302185
1810 0.156371 0.218847
1813 0.119292 0.228307
1816 0.0963737 0.168985
1819 0.0965144 0.155836
1822 0.118588 0.159581
1825 0.17256 0.155527
1828 0.226449 0.168731
1831 0.201391 0.219522
1834 0.146968 0.217467
1837 0.117574 0.136072
1840 0.0719635 0.111634
1843 0.0210034 0.043668
1846 0.000760178 0.139028
1849 0.000647559 0.133988
1852 0.000563095 0.135678
1855 0.0344332 0.0430767
1858 0.142435 0.113351
1861 0.151163 0.181373
1864 0.0778479 0.196661
1867 0.052762 0.134664
1870 0.134467 0.114393
1873 0.137592 0.161721
1876 0.112506 0.200321
1879 0.198125 0.216228
1882 0.209584 0.216735
1885 0.198209 0.324089
1888 0.248043 0.36818
1891 0.291542 0.401458
1894 0.30379 0.328425
1897 0.281181 0.326989
1900 0.357115 0.414804
1903 0.453883 0.373388
1906 0.400557 0.413368
1909 0.29081 0.269779
1912 0.0961203 0.0888282
1915 0.00492708 0.0382904
1918 0.00143589 0.110704
1921 0.00112619 0.147672
1924 0.000985416 0.2635
1927 0.000872797 0.266963
1930 0.000703868 0.146771
1933 0.000450476 0.148263
1936 8.44642e-05 0.164621
1939 8.44642e-05 0.110789
1942 5.63095e-05 0.162059
1945 8.44642e-05 0.14846
1948 8.44642e-05 0.155949
1951 0.000197083 0.196154
1954 0.000197083 0.236331
1957 0.000225238 0.231207
1960 0.000225238 0.145222
1963 0.000225238 0.197787
1966 0.000253393 0.193057
1969 0.000253393 0.150374
1972 0.000225238 0.189256
1975 0.000197083 0.232277
1978 0.000225238 0.254547
1981 0.000140774 0.225745
1984 0.000168928 0.103272
1987 0.000168928 0.288839
1990 0.000225238 0.26243
1993 0.000168928 0.19362
1996 0.000140774 0.114336
1999 0.000112619 0.209668
2002 0.147812 0.077876
2005 0.372966 0.165719
2008 0.362774 0.297117
2011 0.360099 0.374458
2014 0.387466 0.401289
2017 0.456135 0.304578
2020 0.412045 0.222901
2023 0.305592 0.417816
2026 0.294667 0.382904
2029 0.205614 0.187905
2032 0.0957543 0.0708092
2035 0.012191 0.05676
2038 0.00132327 0.137508
2041 0.000900952 0.180472
2044 0.00109803 0.168084
2047 0.000872797 0.217946
2050 0.00239315 0.042936
2053 0.00230869 0.00751731
2056 0.00183006 0.0541134
2059 0.000675714 0.00976969
2062 0.000478631 0.0955009
2065 5.63095e-05 0.0215384
2068 5.63095e-05 0.148798
2071 5.63095e-05 0.0975843
2074 5.63095e-05 0.203446
2077 5.63095e-05 0.243341
2080 5.63095e-05 0.393997
2083 5.63095e-05 0.326989
2086 8.44642e-05 0.121319
2089 5.63095e-05 0.182471
2092 5.63095e-05 0.206402
2095 5.63095e-05 0.206487
2098 0.0299003 0.0286052
2101 0.125824 0.122755
2104 0.234895 0.131623
2107 0.301678 0.141675
2110 0.363872 0.176784
2113 0.399825 0.209584
2116 0.420998 0.127062
2119 0.420857 0.0564503
2122 0.428909 0.273777
2125 0.447266 0.284363
2128 0.425277 0.239569
2131 0.357171 0.173095
2134 0.259559 0.140239
2137 0.153837 0.0572949
2140 0.062588 0.0972465
2143 0.00360381 0.126724
2146 0.000872797 0.211639
2149 0.000394166 0.224816
2152 0.000281547 0.173574
2155 0.088237 0.0329129
2158 0.18554 0.180838
2161 0.104848 0.235486
2164 0.0315052 0.121572
2167 0.000140774 0.0077144
2170 0.000140774 0.20705
2173 0.000112619 0.228954
2176 0.000112619 0.0922349
2179 8.44642e-05 0.263782
2182 5.63095e-05 0.21941
2185 5.63095e-05 0.090433
2188 5.63095e-05 0.174137
2191 5.63095e-05 0.189115
2194 5.63095e-05 0.34467
2197 5.63095e-05 0.10924
2200 5.63095e-05 0.269272
2203 5.63095e-05 0.336083
2206 5.63095e-05 0.204713
2209 5.63095e-05 0.259418
2212 5.63095e-05 0.328228
2215 5.63095e-05 0.263359
2218 5.63095e-05 0.253083
2221 5.63095e-05 0.208261
2224 5.63095e-05 0.253759
2227 5.63095e-05 0.328791
2230 5.63095e-05 0.24092
2233 5.63095e-05 0.235092
2236 5.63095e-05 0.289205
2239 5.63095e-05 0.163635
2242 5.63095e-05 0.213948
2245 5.63095e-05 0.265218
2248 5.63095e-05 0.308238
2251 5.63095e-05 0.356608
2254 5.63095e-05 0.248071
2257 5.63095e-05 0.240667
2260 5.63095e-05 0.28608
2263 5.63095e-05 0.33476
2266 0.0214258 0.0623346
2269 0.152007 0.203784
2272 0.260657 0.258967
2275 0.20491 0.340109
2278 0.11245 0.226336
2281 0.0555211 0.0887156
2284 0.00239315 0.13061
2287 5.63095e-05 0.166817
2290 5.63095e-05 0.139591
2293 5.63095e-05 0.161383
2296 5.63095e-05 0.146799
2299 0.0214258 0.0469339
2302 0.0485951 0.141421
2305 0.0243538 0.127457
2308 5.63095e-05 0.0360662
2311 0.0207219 0.0466242
2314 0.0466806 0.13427
2317 0.023284 0.111802
2320 8.44642e-05 0.0304634
2323 8.44642e-05 0.211414
2326 5.63095e-05 0.271693
2329 5.63095e-05 0.211245
2332 5.63095e-05 0.259615
2335 5.63095e-05 0.33704
2338 5.63095e-05 0.282336
2341 5.63095e-05 0.19728
2344 5.63095e-05 0.252998
2347 5.63095e-05 0.196379
2350 0.015654 0.0536911
2353 0.0365167 0.135312
2356 0.012557 0.0876457
2359 5.63095e-05 0.0164987
2362 0.00247762 0.0120502
2365 0.0123036 0.0178219
2368 0.00830565 0.0194268
2371 0.000197083 0.015288
2374 0.000112619 0.0729771
2377 5.63095e-05 0.133566
2380 5.63095e-05 0.158258
2383 0.0230869 0.0326032
2386 0.197111 0.176643
2389 0.231235 0.258292
2392 0.152599 0.180387
2395 0.0550144 0.095895
2398 0.0237908 0.0422321
2401 0.000647559 0.0119658
2404 0.000168928 0.189003
2407 0.000168928 0.108086
2410 0.000140774 0.139507
2413 0.000140774 0.151529
2416 0.000112619 0.183766
2419 8.44642e-05 0.309477
2422 8.44642e-05 0.239062
2425 8.44642e-05 0.259193
2428 0.00915029 0.0148375
2431 0.0232277 0.0344614
2434 0.129681 0.0928543
2437 0.156005 0.188186
2440 0.0509601 0.19103
2443 8.44642e-05 0.0605045
2446 8.44642e-05 0.0810012
2449 5.63095e-05 0.148713
2452 5.63095e-05 0.123937
2455 5.63095e-05 0.166169
2458 5.63095e-05 0.287629
2461 5.63095e-05 0.238358
2464 5.63095e-05 0.199251
2467 5.63095e-05 0.095895
2470 5.63095e-05 0.192578
2473 5.63095e-05 0.117912
2476 0.00962892 0.025114
2479 0.0444845 0.114815
2482 0.0202151 0.093333
2485 0 0.0302663
2488 0 0.106904
2491 0 0.184695
2494 5.63095e-05 0.107185
2497 2.81547e-05 0.0105862
2500 8.44642e-05 0.0285207
2503 0 0.178304
2506 5.63095e-05 0.18019
2509 0.0696267 0.0951067
2512 0.206459 0.206065
2515 0.2365 0.274002
2518 0.137677 0.330818
2521 0.023284 0.129371
2524 0 0.0170899
2527 0 0.127259
2530 0 0.0739625
2533 2.81547e-05 0.177431
2536 2.81547e-05 0.237429
2539 2.81547e-05 0.113323
2542 2.81547e-05 0.133116
2545 2.81547e-05 0.286165
2548 0 0.220874
2551 0 0.170646
2554 0 0.270905
2557 0 0.230137
2560 8.44642e-05 0.298834
2563 0.000366012 0.316966
2566 0 0.120249
2569 0 0.0244383
2572 0 0.0578861
2575 0 0.144856
2578 0 0.248606
2581 0 0.133453
2584 0 0.267273
2587 0 0.213272
2590 0 0.237682
2593 0 0.246129
2596 0 0.163663
2599 0 0.260657
2602 0 0.290726
2605 0 0.253731
2608 0 0.257757
2611 0 0.201532
2614 0 0.211161
2617 0 0.128526
2620 0 0.256884
2623 0 0.264486
2626 0.081142 0.0635452
2629 0.169463 0.19362
2632 0.107298 0.267188
2635 0.0440622 0.151106
2638 0.0494116 0.121347
2641 0.176361 0.198294
2644 0.270032 0.388451
2647 0.269835 0.407118
2650 0.180753 0.361085
2653 0.0896728 0.177544
2656 0.030576 0.0993018
2659 2.81547e-05 0.0123599
2662 5.63095e-05 0.165184
2665 2.81547e-05 0.0885467
2668 0.0231714 0.0426544
2671 0.0590405 0.12771
2674 0.118897 0.185765
2677 0.151951 0.188609
2680 0.146095 0.171744
2683 0.0874768 0.137283
2686 0.022749 0.0603356
2689 2.81547e-05 0.0188355
2692 2.81547e-05 0.220367
2695 0 0.152092
2698 0 0.16113
2701 0 0.254631
2704 0 0.287967
2707 0 0.263106
2710 0 0.168478
2713 0 0.261839
2716 0 0.166929
2719 0 0.248888
2722 0 0.175601
2725 0 0.270483
2728 0.026015 0.03311
2731 0.102061 0.106453
2734 0.157835 0.194972
2737 0.145842 0.231545
2740 0.0913058 0.209218
2743 0.05203 0.140774
2746 0.0248325 0.0797061
2749 0.0275072 0.0680782
2752 0.035475 0.137001
2755 0.0164142 0.0966552
2758 0 0.029478
2761 0 0.110507
2764 0 0.270117
2767 0 0.189707
2770 0 0.208064
2773 0 0.235993
2776 0 0.206768
2779 0 0.154288
2782 0 0.335407
2785 0 0.232108
2788 0 0.231657
2791 0 0.0976688
2794 0 0.164818
2797 0 0.122389
2800 0 0.204854
2803 0 0.244468
2806 0 0.341461
2809 0 0.303029
2812 0 0.235796
2815 0 0.0909398
2818 0 0.213413
2821 0 0.238274
2824 0 0.275382
2827 0 0.244749
2830 0 0.302776
2833 0 0.366547
2836 0 0.36421
2839 0 0.180162
2842 0 0.0708373
2845 0 0.120474
2848 0 0.15167
2851 0.0399516 0.0576327
2854 0.0813109 0.105946
2857 0.0522834 0.0913058
2860 0.0142181 0.0534095
2863 5.63095e-05 0.0191171
2866 0 0.154006
2869 0 0.0302945
2872 0.000140774 0.124078
2875 0 0.053128
2878 0.00619404 0.022383
2881 0.038572 0.0927136
2884 0.051129 0.160538
2887 0.032744 0.127034
2890 0.0107833 0.0621375
2893 0 0.0143871
2896 0 0.128921
2899 0 0.198491
2902 0 0.181992
2905 0 0.257813
2908 0 0.255814
2911 0 0.0840982
2914 0 0.223098
2917 0 0.210203
2920 0 0.0949941
2923 0 0.118334
2926 0 0.172054
2929 0 0.208401
2932 0 0.164762
2935 0 0.274565
2938 0 0.180697
2941 0.0279295 0.0482009
2944 0.0924602 0.133172
2947 0.177403 0.187567
2950 0.232192 0.263472
2953 0.275691 0.217918
2956 0.312743 0.226786
2959 0.332564 0.174334
2962 0.351596 0.200659
2965 0.36649 0.232108
2968 0.377245 0.267526
2971 0.38068 0.280252
2974 0.392139 0.303283
2977 0.39746 0.301565
2980 0.397855 0.245706
2983 0.411003 0.288248
2986 0.422603 0.298243
2989 0.428628 0.20919
2992 0.463314 0.279239
2995 0.501858 0.326229
2998 0.555831 0.365336
3001 0.583113 0.363252
3004 0.60254 0.290022
3007 0.651529 0.287995
3010 0.686553 0.380145
3013 0.715356 0.304015
3016 0.759333 0.325328
3019 0.773749 0.31446
3022 0.804775 0.277014
3025 0.830199 0.272791
3028 0.830283 0.149164
3031 0.82164 0.0993581
3034 0.805394 0.0679092
3037 0.7191 0.0393885
3040 0.601723 0.0122755
3043 0.505659 0.00746101
3046 0.464835 0.0100231
3049 0.44003 0.0119939
3052 0.411087 0.0213131
3055 0.386142 0.00475815
3058 0.419675 0.0535222
3061 0.476603 0.0696267
3064 0.511515 0.0968805
3067 0.544344 0.152402
3070 0.591559 0.217861
3073 0.617715 0.259108
3076 0.611774 0.145616
3079 0.61214 0.103441
3082 0.677544 0.0926572
3085 0.709415 0.138015
3088 0.707866 0.209162
3091 0.702489 0.185483
3094 0.718509 0.176249
3097 0.722479 0.154457
3100 0.714314 0.121657
3103 0.70919 0.115716
3106 0.686244 0.107973
3109 0.674419 0.0956135
3112 0.639084 0.150177
3115 0.646517 0.0951067
3118 0.646545 0.105411
3121 0.649558 0.123712
3124 0.657976 0.0851399
3127 0.676587 0.0407399
3130 0.688665 0.0991328
3133 0.690157 0.132919
3136 0.676755 0.16403
3139 0.661242 0.193789
3142 0.653528 0.188412
3145 0.638887 0.239709
3148 0.630497 0.271327
3151 0.632834 0.281576
3154 0.635818 0.286756
3157 0.644349 0.289177
3160 0.649473 0.274621
3163 0.655583 0.269497
3166 0.661045 0.251872
3169 0.662706 0.245791
3172 0.66769 0.247818
3175 0.670561 0.241906
3178 0.677319 0.255701
3181 0.701757 0.258601
3184 0.730306 0.199223
3187 0.738865 0.231798
3190 0.742046 0.371389
3193 0.743257 0.389971
3196 0.744637 0.394054
3199 0.745312 0.399994
3202 0.7481 0.262374
3205 0.75038 0.303058
3208 0.749761 0.291852
3211 0.752548 0.166817
3214 0.751957 0.18568
3217 0.748494 0.184611
3220 0.745735 0.24061
3223 0.745031 0.0307731
3226 0.742581 0.0380934
3229 0.740385 0.0701616
3232 0.738527 0.0973309
3235 0.737457 0.110648
3238 0.736781 0.0238189
3241 0.737119 0.0842671
3244 0.737429 0.127288
3247 0.737429 0.294583
3250 0.737373 0.150037
3253 0.737232 0.29067
3256 0.737654 0.160876
3259 0.737682 0.0607298
3262 0.738358 0.304522
3265 0.741202 0.0744974
3268 0.74672 0.00819303
3271 0.75114 0.0127259
3274 0.758883 0.0242131
3277 0.765218 0.0288868
3280 0.771862 0.0293654
3283 0.776423 0.0263247
3286 0.787432 0.0182443
3289 0.788642 0.015457
3292 0.788417 0.0151472
3295 0.78456 0.0255363
3298 0.780675 0.0769187
3301 0.777099 0.0830565
3304 0.772256 0.0720198
3307 0.768512 0.0414438
3310 0.764457 0.0420913
3313 0.760206 0.129512
3316 0.756236 0.00732023
3319 0.751225 0.136128
3322 0.747677 0.102005
3325 0.743764 0.166873
3328 0.741962 0.102849
3331 0.739991 0.119939
3334 0.739794 0.0482009
3337 0.737654 0.1303
3340 0.73757 0.11107
3343 0.737429 0.052396
3346 0.737429 0.160032
3349 0.736275 0.127259
3352 0.735599 0.0674588
3355 0.735852 0.0719917
3358 0.736162 0.0860127
3361 0.735852 0.188552
3364 0.736218 0.156737
3367 0.736781 0.150684
3370 0.736359 0.0747508
3373 0.737542 0.0990202
3376 0.739231 0.097528
3379 0.740864 0.0689228
3382 0.740695 0.0121065
3385 0.739062 0.139901
3388 0.733966 0.170702
3391 0.742384 0.0213976
3394 0.754997 0.0204122
3397 0.761952 0.0251422
3400 0.774762 0.017287
3403 0.78135 0.0111211
3406 0.774565 0.0403457
3409 0.766175 0.0237908
3412 0.759784 0.252632
3415 0.751309 0.068416
3418 0.747452 0.238471
3421 0.742975 0.0386846
3424 0.739174 0.131792
3427 0.738611 0.0826342
3430 0.737626 0.0617996
3433 0.739963 0.0730052
3436 0.751929 0.324512
3439 0.753224 0.15761
3442 0.755955 0.097162
3445 0.768315 0.0283518
3448 0.786869 0.0194831
3451 0.796272 0.0150065
3454 0.79081 0.0247199
3457 0.784644 0.00295625
3460 0.781463 0.0799876
3463 0.776874 0.31446
3466 0.771947 0.0754829
3469 0.765246 0.0768906
3472 0.763556 0.0915592
3475 0.763219 0.0964581
3478 0.763247 0.090799
3481 0.763134 0.0677685
3484 0.762853 0.0943747
3487 0.758826 0.308238
3490 0.75939 0.0591531
3493 0.759953 0.0588716
3496 0.759896 0.0255927
3499 0.760206 0.00543386
3502 0.76122 0.120108
3505 0.763866 0.0257334
3508 0.761642 0.0366575
3511 0.759587 0.0402894
3514 0.759221 0.0933893
3517 0.760628 0.116166
3520 0.760966 0.098063
3523 0.760009 0.153303
3526 0.760769 0.10772
3529 0.760826 0.00985416
3532 0.761417 0.0912214
3535 0.760713 0.0112619
3538 0.757419 0.263331
3541 0.757672 0.12084
3544 0.757025 0.0268878
3547 0.757841 0.108227
3550 0.758235 0.125063
3553 0.757672 0.0319838
3556 0.757053 0.0564221
3559 0.757869 0.0399516
3562 0.755082 0.226054
3565 0.755476 0.136691
3568 0.755955 0.0799031
3571 0.757362 0.182443
3574 0.757728 0.153528
3577 0.757616 0.135058
3580 0.757954 0.0991891
3583 0.75953 0.144997
3586 0.75694 0.164677
3589 0.757222 0.166169
3592 0.757982 0.119038
3595 0.757306 0.2963
3598 0.757475 0.132412
3601 0.757475 0.0642491
3604 0.757897 0.0970494
3607 0.75725 0.126527
3610 0.757306 0.134636
3613 0.756968 0.0817895
3616 0.756377 0.117321
3619 0.757278 0.0721606
3622 0.754322 0.167774
3625 0.754772 0.165184
3628 0.755026 0.0273946
3631 0.75542 0.21575
3634 0.770117 0.0308013
3637 0.801087 0.0155696
3640 0.815108 0.0319275
3643 0.803902 0.0179346
3646 0.789825 0.104679
3649 0.78487 0.155836
3652 0.778591 0.120728
3655 0.770792 0.0588152
3658 0.766597 0.135227
3661 0.761614 0.157526
3664 0.759361 0.066051
3667 0.758658 0.0773411
3670 0.752407 0.331438
3673 0.752069 0.0135424
3676 0.75252 0.0879836
3679 0.753674 0.0469339
3682 0.754097 0.0366575
3685 0.755279 0.18965
3688 0.755195 0.206008
3691 0.754997 0.101273
3694 0.754716 0.0765809
3697 0.755392 0.135058
3700 0.757588 0.169689
3703 0.761163 0.169351
3706 0.765218 0.160989
3709 0.770989 0.153246
3712 0.773805 0.140014
3715 0.782674 0.130131
3718 0.791289 0.120193
3721 0.793795 0.106397
3724 0.79585 0.090602
3727 0.797145 0.0773129
3730 0.800664 0.0637705
3733 0.801819 0.0536629
3736 0.802157 0.0428515
3739 0.802438 0.0362351
3742 0.803649 0.0255927
3745 0.802748 0.0241005
3748 0.802776 0.0698519
3751 0.802663 0.114167
3754 0.802382 0.0582803
3757 0.802269 0.0605045
3760 0.801706 0.105102
3763 0.802354 0.0128386
3766 0.802213 0.0661636
3769 0.801875 0.0313644
3772 0.802157 0.10634
3775 0.80241 0.0393885
3778 0.802044 0.115378
3781 0.801396 0.125767
3784 0.80013 0.127147
3787 0.79844 0.122332
3790 0.797032 0.127175
3793 0.796779 0.134918
3796 0.793344 0.145053
3799 0.791908 0.356355
3802 0.782336 0.387578
3805 0.773045 0.401064
3808 0.766456 0.413678
3811 0.781632 0.418464
3814 0.791852 0.436314
3817 0.801819 0.442564
3820 0.824652 0.36818
3823 0.834901 0.0228335
3826 0.846078 0.0368546
3829 0.852976 0.06332
3832 0.861929 0.062222
3835 0.867757 0.0724984
3838 0.869418 0.0761586
3841 0.868968 0.0818177
3844 0.869587 0.0819866
3847 0.869165 0.0819866
3850 0.867419 0.0916437
3853 0.862154 0.0884903
3856 0.85872 0.0960921
3859 0.855791 0.102708
3862 0.855454 0.106538
3865 0.855313 0.109325
3868 0.855059 0.108677
3871 0.854524 0.139
3874 0.854356 0.105665
3877 0.853595 0.107467
3880 0.852807 0.109719
3883 0.853004 0.125007
3886 0.851906 0.125035
3889 0.851822 0.115547
3892 0.851625 0.0726111
3895 0.850555 0.0316459
3898 0.849541 0.0235092
3901 0.848246 0.0342925
3904 0.847936 0.036207
3907 0.848584 0.0352779
3910 0.848133 0.0419787
3913 0.848049 0.0441185
3916 0.848077 0.0430486
3919 0.848471 0.0451884
3922 0.848837 0.0505659
3925 0.850076 0.0453854
3928 0.85047 0.0570978
3931 0.850977 0.058224
3934 0.850949 0.0489048
3937 0.850949 0.217045
3940 0.850864 0.0139366
3943 0.850245 0.0322653
3946 0.850076 0.113858
3949 0.849879 0.0344332
3952 0.850527 0.0139366
3955 0.850273 0.0585055
3958 0.850414 0.0218762
3961 0.850949 0.0469339
3964 0.850555 0.045667
3967 0.849682 0.0454699
3970 0.849626 0.0777634
3973 0.849541 0.0456107
3976 0.849428 0.0418379
3979 0.850245 0.0363196
3982 0.850611 0.0428515
3985 0.850977 0.0489892
3988 0.850752 0.0442029
3991 0.851033 0.0463427
3994 0.850639 0.0364885
3997 0.849682 0.0605608
4000 0.849794 0.0530435
4003 0.849457 0.0461456
4006 0.84971 0.060223
4009 0.850301 0.168337
4012 0.850527 0.0501999
4015 0.850358 0.0302382
4018 0.850414 0.03311
4021 0.850048 0.035109
4024 0.850329 0.0201588
4027 0.850301 0.0133172
4030 0.850329 0.0150628
4033 0.850892 0.0244946
4036 0.850949 0.119151
4039 0.851315 0.0101357
4042 0.851315 0.0018019
4045 0.85016 0.135903
4048 0.850329 0.0651501
4051 0.85047 0.0310265
4054 0.850864 0.0332789
4057 0.850527 0.0596599
4060 0.850808 0.0291402
4063 0.85078 0.0510727
4066 0.851174 0.0339265
4069 0.851005 0.0359536
4072 0.850386 0.305028
4075 0.850555 0.0656568
4078 0.850836 0.0109803
4081 0.851287 0.0890253
4084 0.851653 0.0275072
4087 0.851878 0.153021
4090 0.852666 0.0273664
4093 0.853961 0.167098
4096 0.854158 0.0180472
4099 0.854327 0.0226364
4102 0.854412 0.123825
4105 0.855313 0.0344614
4108 0.855904 0.0179909
4111 0.857875 0.102596
4114 0.860296 0.0327158
4117 0.862295 0.0734557
4120 0.863365 0.163297
4123 0.85779 0.0181035
4126 0.851962 0.0121065
4129 0.844924 0.0298159
4132 0.838307 0.0249451
4135 0.830818 0.0268315
4138 0.82575 0.0465398
4141 0.822541 0.062954
4144 0.820232 0.070781
4147 0.818402 0.0395574
4150 0.817698 0.0722732
4153 0.815924 0.0141618
4156 0.813897 0.0310547
4159 0.813137 0.0110648
4162 0.812771 0.0550707
4165 0.812433 0.0342925
4168 0.811588 0.0226927
4171 0.850583 0.0921786
4174 0.810293 0.0395293
4177 0.808266 0.241061
4180 0.805507 0.0100231
4183 0.804325 0.203193
4186 0.802945 0.23177
4189 0.805028 0.238245
4192 0.807647 0.225125
4195 0.807253 0.250915
4198 0.806493 0.222563
4201 0.806661 0.198547
4204 0.806098 0.241202
4207 0.807253 0.268568
4210 0.806436 0.283068
4213 0.806774 0.293006
4216 0.808689 0.283096
4219 0.815277 0.244017
4222 0.822625 0.212005
4225 0.82575 0.161496
4228 0.831494 0.117715
4231 0.829439 0.117884
4234 0.830706 0.0833943
4237 0.827749 0.0666141
4240 0.816009 0.257869
4243 0.797258 0.261135
4246 0.771721 0.277352
4249 0.738386 0.324793
4252 0.694352 0.601526
4255 0.644096 0.586069
4258 0.626246 0.654372
4261 0.636804 0.608593
4264 0.650825 0.529562
4267 0.658342 0.510811
4270 0.661946 0.453348
4273 0.707134 0.419928
4276 0.726449 0.443916
4279 0.741539 0.474407
4282 0.757757 0.551045
4285 0.771975 0.517005
4288 0.772848 0.46765
4291 0.770314 0.51571
4294 0.715524 0.487049
4297 0.700068 0.402134
4300 0.665015 0.325244
4303 0.633482 0.347711
4306 0.636748 0.339321
4309 0.630469 0.108424
4312 0.6149 0.439186
4315 0.64114 0.492426
4318 0.603497 0.436821
4321 0.583338 0.450983
4324 0.518892 0.375838
4327 0.478236 0.426657
4330 0.408582 0.321724
4333 0.382792 0.337829
4336 0.335802 0.330959
4339 0.264992 0.217101
4342 0.222929 0.177234
4345 0.221353 0.26702
4348 0.279943 0.360719
4351 0.365054 0.326595
4354 0.433273 0.356721
4357 0.437919 0.392308
4360 0.415508 0.404049
4363 0.378569 0.356833
4366 0.345768 0.321921
4369 0.290557 0.320485
4372 0.23695 0.326454
4375 0.206656 0.314911
4378 0.176052 0.218284
4381 0.183344 0.344924
4384 0.200603 0.290191
4387 0.192804 0.284701
4390 0.1863 0.322794
4393 0.164452 0.288136
4396 0.0996959 0.176812
4399 0.0339546 0.0547891
4402 5.63095e-05 0.0174841
4405 0.0295343 0.0462582
4408 0.109803 0.146799
4411 0.224478 0.260938
4414 0.3224 0.288079
4417 0.363787 0.195197
4420 0.34208 0.232502
4423 0.318149 0.291289
4426 0.340982 0.116758
4429 0.337237 0.255786
4432 0.288755 0.168619
4435 0.217045 0.343769
4438 0.242694 0.333493
4441 0.256518 0.315784
4444 0.338702 0.411453
4447 0.461569 0.41455
4450 0.556816 0.401036
4453 0.601216 0.361338
4456 0.642379 0.420575
4459 0.679064 0.39273
4462 0.62008 0.430317
4465 0.602427 0.449462
4468 0.622558 0.586154
4471 0.667127 0.541472
4474 0.691565 0.360352
4477 0.560758 0.340475
4480 0.461428 0.315136
4483 0.348218 0.309758
4486 0.263303 0.279971
4489 0.209387 0.320288
4492 0.242975 0.357819
4495 0.27831 0.178923
4498 0.351681 0.309899
4501 0.458331 0.502393
4504 0.556366 0.425615
4507 0.616898 0.310941
4510 0.642829 0.422377
4513 0.642181 0.359029
4516 0.580325 0.334084
4519 0.48688 0.421308
4522 0.443268 0.383524
4525 0.488034 0.386649
4528 0.499634 0.327749
4531 0.58269 0.400529
4534 0.592573 0.275916
4537 0.550059 0.269666
4540 0.491356 0.275269
4543 0.477504 0.264486
4546 0.463061 0.271468
4549 0.464666 0.207895
4552 0.422631 0.267301
4555 0.425953 0.313587
4558 0.3523 0.246016
4561 0.355651 0.217918
4564 0.393209 0.294048
4567 0.429867 0.273523
4570 0.45515 0.317642
4573 0.45239 0.367279
4576 0.44476 0.35872
4579 0.414888 0.322738
4582 0.352525 0.254265
4585 0.347345 0.212061
4588 0.363759 0.107748
4591 0.400923 0.279548
4594 0.422574 0.302354
4597 0.3784 0.382679
4600 0.33521 0.277831
4603 0.298919 0.239991
4606 0.26243 0.187848
4609 0.233966 0.21361
4612 0.226617 0.200574
4615 0.216623 0.187201
4618 0.197477 0.148939
4621 0.215665 0.1564
4624 0.203277 0.176192
4627 0.195563 0.155668
4630 0.264936 0.230953
4633 0.398361 0.339011
4636 0.39594 0.484121
4639 0.341742 0.254857
4642 0.302692 0.29433
4645 0.39563 0.335773
4648 0.478293 0.391069
4651 0.474942 0.470353
4654 0.486176 0.455713
4657 0.47452 0.375866
4660 0.369221 0.142913
4663 0.268343 0.173602
4666 0.16265 0.186356
4669 0.128498 0.157469
4672 0.124725 0.182527
4675 0.120362 0.240329
4678 0.131229 0.277944
4681 0.159525 0.196633
4684 0.221578 0.294133
4687 0.260431 0.292049
4690 0.276733 0.262261
4693 0.258601 0.242947
4696 0.202179 0.213807
4699 0.186553 0.226955
4702 0.200236 0.180669
4705 0.209978 0.224872
4708 0.20736 0.234923
4711 0.258235 0.297173
4714 0.350442 0.469396
4717 0.418605 0.525367
4720 0.381835 0.398361
4723 0.258404 0.298609
4726 0.115744 0.17363
4729 0.0438088 0.0441466
4732 0.000394166 0.209302
4735 2.81547e-05 0.217552
4738 2.81547e-05 0.110395
4741 2.81547e-05 0.191903
4744 0.0423447 0.0699927
4747 0.0586463 0.129821
4750 0.00999493 0.0600259
4753 0 0.0126696
4756 0 0.12481
4759 0 0.0641646
4762 0 0.180838
4765 0 0.201672
4768 0 0.197928
4771 0 0.227209
4774 0 0.122107
4777 0 0.133763
4780 0 0.212596
4783 0 0.0996959
4786 0 0.136663
4789 0 0.290979
4792 0 0.0773692
4795 0 0.160961
4798 0 0.156822
4801 0 0.159046
4804 0 0.20018
4807 0 0.202855
4810 0 0.18157
4813 0 0.139957
4816 0 0.174165
4819 0 0.320739
4822 0 0.255392
4825 0 0.216313
4828 0 0.141421
4831 0 0.269159
4834 0 0.274481
4837 0 0.292612
4840 0 0.20094
4843 0 0.194634
4846 0 0.190833
4849 0 0.157047
4852 0 0.211386
4855 0 0.330565
4858 0 0.22093
4861 0 0.237485
4864 0 0.2635
4867 0 0.315305
4870 0 0.245397
4873 0 0.306999
4876 0 0.210175
4879 0 0.202517
4882 0 0.296498
4885 0 0.259024
4888 0 0.191227
4891 0 0.134467
4894 0.00115434 0.0050397
4897 0.0119095 0.0183287
4900 0.0279858 0.0383749
4903 0.0497494 0.0653753
4906 0.057126 0.0803536
4909 0.041669 0.044569
4912 0.0221015 0.0495805
4915 0.0068416 0.0326032
4918 0.104595 0.0730615
4921 0.129427 0.136973
4924 0.0444 0.161242
4927 0.0734557 0.152007
4930 0.20263 0.21316
4933 0.140492 0.22994
4936 0.0534377 0.121657
4939 0 0.0347993
4942 0 0.205135
4945 2.81547e-05 0.213047
4948 0 0.293682
4951 0 0.161242
4954 0 0.139422
4957 0 0.180528
4960 0 0.242046
4963 0 0.20598
4966 0.0197646 0.0358973
4969 0.13289 0.125711
4972 0.168675 0.225407
4975 0.200969 0.245115
4978 0.153021 0.277887
4981 0.0783828 0.194859
4984 0.00506785 0.0748071
4987 0 0.0565066
4990 0 0.21879
4993 0 0.250324
4996 0 0.277155
4999 0 0.183963
5002 0 0.261192
5005 0 0.331466
5008 0.00509601 0.0177093
5011 0.00219607 0.0996115
5014 0 0.103525
5017 0 0.142322
5020 0.0147249 0.0292809
5023 0.0438088 0.10634
5026 0.020384 0.111774
5029 0 0.029112
5032 0 0.181626
5035 0 0.336083
5038 0 0.134636
5041 0 0.0890816
5044 0.00895321 0.0115716
5047 0.0947125 0.0967678
5050 0.201447 0.177797
5053 0.26015 0.207163
5056 0.284109 0.229264
5059 0.324568 0.251591
5062 0.320739 0.211132
5065 0.333268 0.257588
5068 0.315924 0.292246
5071 0.233093 0.294358
5074 0.185821 0.136776
5077 0.152683 0.0942058
5080 0.0456388 0.112225
5083 2.81547e-05 0.125007
5086 0 0.198322
5089 0 0.176727
5092 0 0.196717
5095 0 0.215159
5098 0 0.171125
5101 0 0.319472
5104 0 0.274312
5107 0 0.20598
5110 0 0.258939
5113 0 0.152655
5116 0 0.225351
5119 0 0.269159
5122 0 0.219438
5125 0 0.251647
5128 0.000619404 0.186047
5131 0.010924 0.00808041
5134 0.0050397 0.0113745
5137 0 0.0412467
5140 0 0.155161
5143 0 0.255758
5146 0 0.119235
5149 0 0.163129
5152 0 0.222056
5155 0 0.142745
5158 0 0.30013
5161 0 0.303227
5164 0 0.302072
5167 0 0.135593
5170 0 0.292218
5173 0 0.173687
5176 0 0.149361
5179 0 0.32682
5182 0 0.269216
5185 0 0.315952
5188 0 0.29554
5191 0 0.306098
5194 0 0.258827
5197 0 0.25511
5200 0 0.264767
5203 0 0.26671
5206 0 0.311617
5209 0 0.331353
5212 0 0.238161
5215 0 0.32744
5218 0 0.264373
5221 0 0.242553
5224 0 0.158596
5227 0 0.296807
5230 0 0.255195
5233 0 0.243229
5236 0 0.211358
5239 0 0.154204
5242 0 0.169998
5245 0 0.288389
5248 0 0.183062
5251 0 0.274875
5254 0 0.188271
5257 0.0847176 0.0534095
5260 0.20125 0.119095
5263 0.172589 0.197562
5266 0.100991 0.100878
5269 0.0453573 0.0708936
5272 0 0.0148094
5275 0 0.146658
5278 0 0.227012
5281 0 0.0749479
5284 0 0.363787
5287 0.0221296 0.0245791
5290 0.122163 0.115716
5293 0.277662 0.166254
5296 0.36832 0.337941
5299 0.338335 0.327158
5302 0.279098 0.182865
5305 0.234388 0.169492
5308 0.194774 0.137283
5311 0.19179 0.142716
5314 0.176333 0.14632
5317 0.152317 0.108959
5320 0.110902 0.089335
5323 0.0637423 0.0714849
5326 0.0318149 0.0399516
5329 0.0392477 0.0611802
5332 0.110648 0.155977
5335 0.166395 0.222451
5338 0.114956 0.259784
5341 0.088603 0.167408
5344 0.0330255 0.0791148
5347 8.44642e-05 0.021285
5350 0.0018019 0.0129793
5353 0.0673461 0.0963737
5356 0.170533 0.211161
5359 0.247424 0.295568
5362 0.228053 0.331747
5365 0.163466 0.268653
5368 0.0756236 0.193676
5371 0.0119095 0.0967678
5374 0 0.0178501
5377 0.00106988 0.0167239
5380 0.00481446 0.0163579
5383 0 0.0826342
5386 0.0556901 0.0618278
5389 0.159356 0.224337
5392 0.242356 0.197393
5395 0.27372 0.379807
5398 0.218819 0.129821
5401 0.147953 0.169914
5404 0.103131 0.0825497
5407 0.0647277 0.110564
5410 0.0259868 0.0458922
5413 0.000506785 0.00912214
5416 0.0137677 0.0245509
5419 0.09643 0.0819584
5422 0.16448 0.192241
5425 0.152064 0.231629
5428 0.0951912 0.186835
5431 0.122276 0.169126
5434 0.131483 0.253308
5437 0.141449 0.26229
5440 0.196013 0.319416
5443 0.244834 0.323385
5446 0.26747 0.303874
5449 0.275156 0.271271
5452 0.251506 0.271665
5455 0.216482 0.170224
5458 0.176868 0.204572
5461 0.160566 0.132384
5464 0.138212 0.0651219
5467 0.103356 0.0532688
5470 0.0691762 0.0773129
5473 0.0412185 0.121206
5476 0.0208908 0.0114308
5479 0.0791711 0.0528746
5482 0.171547 0.0816769
5485 0.270229 0.0750042
5488 0.311082 0.169886
5491 0.334591 0.14953
5494 0.35779 0.156005
5497 0.379948 0.156456
5500 0.398361 0.173574
5503 0.419168 0.202095
5506 0.431443 0.166592
5509 0.443803 0.0641365
5512 0.430148 0.24489
5515 0.411566 0.236387
5518 0.409708 0.305366
5521 0.453319 0.410271
5524 0.517991 0.391069
5527 0.599245 0.518413
5530 0.72521 0.497466
5533 0.785208 0.341967
5536 0.811786 0.252238
5539 0.813447 0.245425
5542 0.793598 0.218565
5545 0.766428 0.277043
5548 0.741342 0.229039
5551 0.723774 0.174728
5554 0.726702 0.155696
5557 0.734078 0.168393
5560 0.73802 0.148122
5563 0.745622 0.167098
5566 0.758573 0.268174
5569 0.759953 0.309505
5572 0.752182 0.361
5575 0.763191 0.394054
5578 0.780506 0.437637
5581 0.797342 0.453348
5584 0.793091 0.462526
5587 0.800862 0.392759
5590 0.810293 0.354412
5593 0.810293 0.301312
5596 0.803677 0.19469
5599 0.799031 0.197196
5602 0.796244 0.189819
5605 0.793372 0.199307
5608 0.799257 0.235627
5611 0.795681 0.0979785
5614 0.793119 0.118869
5617 0.786446 0.143758
5620 0.775466 0.201982
5623 0.773861 0.24306
5626 0.773129 0.214229
5629 0.769863 0.22597
5632 0.761586 0.205839
5635 0.757334 0.189284
5638 0.761191 0.189876
5641 0.771046 0.196942
5644 0.783265 0.187736
5647 0.787206 0.159018
5650 0.787713 0.166845
5653 0.783575 0.171828
5656 0.784476 0.165916
5659 0.784926 0.1921
5662 0.785686 0.185371
5665 0.784363 0.185202
5668 0.783743 0.179684
5671 0.780956 0.192663
5674 0.781435 0.180162
5677 0.782617 0.181119
5680 0.781604 0.194183
5683 0.781322 0.196802
5686 0.780309 0.187201
5689 0.781435 0.198744
5692 0.780815 0.191903
5695 0.778479 0.21223
5698 0.777437 0.177009
5701 0.779492 0.201081
5704 0.78304 0.169492
5707 0.784841 0.196942
5710 0.785968 0.166648
5713 0.787263 0.169801
5716 0.787854 0.170055
5719 0.789346 0.113238
5722 0.793682 0.0673743
5725 0.793907 0.0855623
5728 0.793598 0.0588152
5731 0.793654 0.211161
5734 0.794048 0.0414438
5737 0.79371 0.0145278
