frame_number static_density dynamic_density
1 0.000340745 0.0216373
4 0.000340745 0.0488117
7 0.000340745 0.176108
10 0.0703354 0.0575006
13 0.160831 0.158588
16 0.166596 0.171025
19 0.130988 0.23057
22 0.0846182 0.161286
25 0.043161 0.0961467
28 0.00164693 0.035551
31 0.000340745 0.138598
34 0.00831985 0.0126927
37 0.0283102 0.0384473
40 0.0482437 0.0617599
43 0.04884 0.0822898
46 0.0336769 0.0683193
49 0.0237101 0.0503166
52 0.00956924 0.0277707
55 0.000340745 0.0107051
58 0.000340745 0.225289
61 0.000709884 0.169066
64 0.00542352 0.00891615
67 0.0073828 0.011273
70 0.00638896 0.00704205
73 0.00036914 0.11131
76 0.00036914 0.129256
79 0.00036914 0.120226
82 0.00036914 0.120141
85 0.00036914 0.133174
88 0.000340745 0.13042
91 0.015731 0.028367
94 0.0813244 0.116109
97 0.140188 0.188602
100 0.189056 0.266491
103 0.193458 0.245109
106 0.16492 0.248488
109 0.124315 0.194622
112 0.0853849 0.126189
115 0.0484993 0.0752194
118 0.0494931 0.0606809
121 0.0889343 0.101712
124 0.136525 0.12599
127 0.169407 0.173127
130 0.162166 0.197745
133 0.158588 0.231621
136 0.13715 0.218247
139 0.115115 0.153676
142 0.093364 0.111225
145 0.0752761 0.110685
148 0.0606241 0.0845898
151 0.0487265 0.063918
154 0.0307806 0.040577
157 0.0155039 0.0257262
160 0.00357782 0.094301
163 0.00036914 0.0873442
166 0.000340745 0.0947554
169 0.000340745 0.072323
172 0.000340745 0.116222
175 0.000340745 0.0835392
178 0.000340745 0.0777749
181 0.000340745 0.0718687
184 0.000340745 0.128943
187 0.000340745 0.0889627
190 0.000340745 0.119772
193 0.000340745 0.0975381
196 0.000340745 0.0960048
199 0.000340745 0.0350399
202 0.000340745 0.108953
205 0.000340745 0.0934776
208 0.000340745 0.114348
211 0.000340745 0.0976517
214 0.000340745 0.11006
217 0.000340745 0.0505438
220 0.000340745 0.0979073
223 0.000340745 0.0969986
226 0.000340745 0.105943
229 0.000340745 0.100548
232 0.000340745 0.078712
235 0.000340745 0.16015
238 0.000340745 0.153846
241 0.000340745 0.118238
244 0.000340745 0.048982
247 0.000340745 0.156828
250 0.000340745 0.117046
253 0.000340745 0.140586
256 0.000340745 0.137235
259 0.000340745 0.144788
262 0.000340745 0.191356
265 0.000340745 0.0921146
268 0.000340745 0.0979073
271 0.000340745 0.14476
274 0.000340745 0.141807
277 0.000340745 0.103246
280 0.000340745 0.0704205
283 0.000340745 0.18917
286 0.00658773 0.0098248
289 0.0291904 0.0495215
292 0.0574722 0.0685748
295 0.0774626 0.0730613
298 0.0862652 0.100548
301 0.0548599 0.0708465
304 0.0215805 0.0451486
307 0.0018457 0.014652
310 0.00036914 0.0797058
313 0.00036914 0.0432462
316 0.000596303 0.0935628
319 0.000596303 0.0664168
322 0.000482721 0.107022
325 0.00036914 0.0763836
328 0.00036914 0.0871738
331 0.00036914 0.112247
334 0.000340745 0.0572451
337 0.000340745 0.131726
340 0.000340745 0.0804157
343 0.000340745 0.0739984
346 0.000340745 0.111793
349 0.000340745 0.0736008
352 0.00641736 0.0171508
355 0.0272596 0.0465684
358 0.0410313 0.0740551
361 0.0554846 0.0934492
364 0.0552858 0.0940739
367 0.043161 0.0787404
370 0.0336485 0.0664452
373 0.0272596 0.0532697
376 0.0205866 0.040719
379 0.0115001 0.0278843
382 0.00292472 0.013715
385 0.000312349 0.121532
388 0.000312349 0.123066
391 0.00255558 0.0109322
394 0.0250731 0.0513956
397 0.0467956 0.111565
400 0.070307 0.16458
403 0.0878837 0.194764
406 0.080075 0.176392
409 0.071244 0.126416
412 0.0613624 0.100946
415 0.073828 0.125933
418 0.106568 0.167249
421 0.145697 0.194224
424 0.162422 0.229577
427 0.18227 0.226396
430 0.200699 0.266917
433 0.216344 0.280177
436 0.229207 0.263566
439 0.241872 0.273589
442 0.243604 0.246727
445 0.244683 0.272454
448 0.240764 0.220888
451 0.243008 0.215833
454 0.245081 0.229832
457 0.250902 0.317233
460 0.2557 0.340546
463 0.249113 0.358747
466 0.246443 0.361047
469 0.245648 0.363887
472 0.249368 0.364284
475 0.252407 0.367578
478 0.253372 0.352074
481 0.255956 0.374421
484 0.256211 0.369935
487 0.254934 0.369878
490 0.251271 0.374989
493 0.251129 0.377204
496 0.253855 0.377914
499 0.250447 0.372065
502 0.249027 0.379305
505 0.248573 0.287986
508 0.246813 0.0320584
511 0.289462 0.0530142
514 0.351308 0.120141
517 0.39762 0.125167
520 0.446773 0.163075
523 0.462646 0.186132
526 0.474373 0.238493
529 0.490899 0.213051
532 0.484823 0.167504
535 0.462703 0.129426
538 0.437942 0.103416
541 0.42258 0.0630377
544 0.399892 0.0196212
547 0.379788 0.195161
550 0.362552 0.125621
553 0.35003 0.11006
556 0.344464 0.0580118
559 0.33657 0.231621
562 0.333788 0.297782
565 0.327541 0.375018
568 0.325383 0.372491
571 0.315444 0.363262
574 0.314195 0.371667
577 0.313116 0.319363
580 0.311526 0.217849
583 0.311611 0.155266
586 0.310731 0.244456
589 0.335577 0.0353806
592 0.369623 0.0805861
595 0.418889 0.0744811
598 0.465088 0.123946
601 0.508561 0.129114
604 0.54769 0.151461
607 0.60786 0.123577
610 0.655706 0.162507
613 0.680353 0.199591
616 0.701479 0.20368
619 0.707414 0.215095
622 0.734475 0.211404
625 0.741574 0.0237953
628 0.746401 0.217679
631 0.75685 0.265156
634 0.768663 0.226112
637 0.771531 0.0986739
640 0.773547 0.107959
643 0.777181 0.117869
646 0.787716 0.127211
649 0.779425 0.138711
652 0.769146 0.168328
655 0.75969 0.187523
658 0.756737 0.204049
661 0.755573 0.220547
664 0.754238 0.24349
667 0.753613 0.259534
670 0.754749 0.256382
673 0.754607 0.25854
676 0.753528 0.265014
679 0.755828 0.272624
682 0.757106 0.268705
685 0.75421 0.267115
688 0.75384 0.271204
691 0.755175 0.287134
694 0.758355 0.298776
697 0.755658 0.0416276
700 0.759463 0.309226
703 0.763211 0.283471
706 0.767953 0.299742
709 0.773093 0.289008
712 0.779822 0.275634
715 0.784053 0.237073
718 0.786666 0.254763
721 0.796746 0.35923
724 0.798876 0.262288
727 0.800579 0.232246
730 0.802879 0.233012
733 0.803362 0.244569
736 0.80535 0.232587
739 0.808899 0.0999517
742 0.810404 0.138172
745 0.817929 0.311128
748 0.818979 0.207655
751 0.821904 0.240424
754 0.82216 0.181844
757 0.821705 0.0769231
760 0.822217 0.0791663
763 0.824431 0.136269
766 0.828151 0.228327
769 0.829855 0.101939
772 0.832638 0.215152
775 0.833262 0.0675242
778 0.834114 0.142431
781 0.833915 0.0832269
784 0.834199 0.0516228
787 0.834824 0.0782861
790 0.833745 0.104353
793 0.833518 0.0943294
796 0.824715 0.134537
799 0.824091 0.105659
802 0.82375 0.146037
805 0.822273 0.0844762
808 0.821734 0.148707
811 0.823409 0.144277
814 0.843371 0.0789675
817 0.858818 0.0643439
820 0.883181 0.273618
823 0.88656 0.260102
826 0.894511 0.164636
829 0.89559 0.261607
832 0.895846 0.0935628
835 0.896556 0.127495
838 0.897862 0.166993
841 0.898572 0.0865775
844 0.898742 0.0689724
847 0.899452 0.286566
850 0.89877 0.226368
853 0.899026 0.087401
856 0.899196 0.0689724
859 0.899679 0.16157
862 0.899708 0.0632933
865 0.900304 0.174348
868 0.900304 0.0489536
871 0.898799 0.290825
874 0.899424 0.196666
877 0.900048 0.0641168
880 0.898089 0.12051
883 0.897947 0.0808416
886 0.897663 0.151177
889 0.898231 0.0377942
892 0.898316 0.0455178
895 0.898004 0.184314
898 0.898259 0.156572
901 0.898089 0.0705057
904 0.898941 0.0338473
907 0.896045 0.259874
910 0.895817 0.158134
913 0.895903 0.0825738
916 0.89559 0.111225
919 0.897038 0.16086
922 0.897209 0.0828861
925 0.897578 0.0459437
928 0.898174 0.0351535
931 0.895164 0.352983
934 0.895874 0.259505
937 0.89613 0.148394
940 0.8963 0.0920862
943 0.896527 0.0545759
946 0.896357 0.102365
949 0.896868 0.237641
952 0.897067 0.0529858
955 0.898117 0.167164
958 0.89772 0.156288
961 0.897663 0.208308
964 0.897805 0.0823182
967 0.897663 0.0651958
970 0.897663 0.163813
973 0.897919 0.039498
976 0.897635 0.141352
979 0.896868 0.160235
982 0.896215 0.203453
985 0.896698 0.163671
988 0.89647 0.0829997
991 0.896527 0.154783
994 0.896556 0.0850442
997 0.896385 0.120822
1000 0.896754 0.122157
1003 0.897095 0.142318
1006 0.89701 0.245705
1009 0.89701 0.0791947
1012 0.897351 0.237925
1015 0.896896 0.108016
1018 0.896385 0.0772354
1021 0.896499 0.0655365
1024 0.896243 0.0591192
1027 0.896783 0.051708
1030 0.895221 0.254905
1033 0.896442 0.312321
1036 0.897578 0.27836
1039 0.897975 0.0991283
1042 0.897294 0.113042
1045 0.897578 0.208337
1048 0.898401 0.0535253
1051 0.898685 0.119346
1054 0.898543 0.0266633
1057 0.898884 0.0647131
1060 0.898685 0.108896
1063 0.894965 0.243774
1066 0.895647 0.051424
1069 0.895959 0.0481302
1072 0.895761 0.0379078
1075 0.895533 0.0864355
1078 0.89542 0.0206434
1081 0.895647 0.0143113
1084 0.89542 0.0569611
1087 0.897067 0.194565
1090 0.896868 0.0302411
1093 0.897351 0.0226595
1096 0.896698 0.0287645
1099 0.897351 0.0329954
1102 0.897436 0.0377091
1105 0.895732 0.0327683
1108 0.895505 0.0539228
1111 0.893744 0.0671267
1114 0.892779 0.0584945
1117 0.892665 0.0646563
1120 0.893233 0.0565636
1123 0.894682 0.0612488
1126 0.894426 0.0481302
1129 0.894454 0.0512253
1132 0.894596 0.0434733
1135 0.895278 0.0507709
1138 0.896641 0.123747
1141 0.89772 0.0410881
1144 0.896158 0.0314905
1147 0.896016 0.0318028
1150 0.89647 0.0235398
1153 0.896442 0.0303831
1156 0.895931 0.0196496
1159 0.895959 0.00670131
1162 0.894653 0.23412
1165 0.894596 0.114036
1168 0.894483 0.0814095
1171 0.894795 0.19536
1174 0.895477 0.0796206
1177 0.895533 0.109464
1180 0.896328 0.0862935
1183 0.896527 0.0748502
1186 0.896016 0.219553
1189 0.896669 0.123378
1192 0.896925 0.0921998
1195 0.897237 0.126331
1198 0.896499 0.0631797
1201 0.895988 0.150978
1204 0.896073 0.0609365
1207 0.895959 0.0120112
1210 0.896385 0.0195928
1213 0.897947 0.276031
1216 0.897436 0.0178891
1219 0.897635 0.0924837
1222 0.89789 0.0892183
1225 0.897805 0.0772354
1228 0.897578 0.027288
1231 0.897805 0.0196496
1234 0.897691 0.0186842
1237 0.895647 0.155323
1240 0.895363 0.0255842
1243 0.894625 0.0241077
1246 0.895562 0.0323423
1249 0.895448 0.0205866
1252 0.895931 0.0310078
1255 0.895022 0.0205866
1258 0.894114 0.0333646
1261 0.890451 0.0742255
1264 0.892807 0.0402646
1267 0.892353 0.0482437
1270 0.890621 0.051708
1273 0.89099 0.0649402
1276 0.893574 0.0756169
1279 0.893716 0.0676378
1282 0.891586 0.0582105
1285 0.892126 0.0579834
1288 0.890649 0.0670699
1291 0.890365 0.0705625
1294 0.887583 0.0663884
1297 0.887639 0.0769231
1300 0.88886 0.0789675
1303 0.888889 0.0733169
1306 0.888804 0.0645427
1309 0.889031 0.0670699
1312 0.889343 0.181787
1315 0.888321 0.0718403
1318 0.889599 0.0597155
1321 0.890223 0.0618451
1324 0.89011 0.0670415
1327 0.890593 0.04654
1330 0.891104 0.0545191
1333 0.890933 0.0478462
1336 0.891075 0.187182
1339 0.890053 0.0827157
1342 0.890933 0.0827725
1345 0.891586 0.0900417
1348 0.89153 0.0802169
1351 0.892211 0.0727774
1354 0.892921 0.0998665
1357 0.892495 0.104665
1360 0.893063 0.0528722
1363 0.893489 0.301105
1366 0.894114 0.0758157
1369 0.893943 0.0503734
1372 0.894454 0.064855
1375 0.895846 0.0546895
1378 0.896385 0.0555414
1381 0.89701 0.0358918
1384 0.896612 0.023625
1387 0.893773 0.0491524
1390 0.894596 0.192293
1393 0.89488 0.0104495
1396 0.895505 0.175455
1399 0.895505 0.0698242
1402 0.89559 0.100321
1405 0.895306 0.102678
1408 0.895306 0.0273447
1411 0.89383 0.328705
1414 0.894312 0.129682
1417 0.895789 0.127978
1420 0.895675 0.0868047
1423 0.895789 0.135985
1426 0.896215 0.0850158
1429 0.896499 0.0590056
1432 0.896754 0.13732
1435 0.896158 0.0409177
1438 0.893091 0.16245
1441 0.893404 0.0748218
1444 0.894483 0.180367
1447 0.894199 0.0509981
1450 0.89417 0.0814379
1453 0.894256 0.181645
1456 0.894312 0.193316
1459 0.893688 0.34915
1462 0.891416 0.27092
1465 0.892523 0.234177
1468 0.89843 0.741602
1471 0.905557 0.740523
1474 0.914331 0.40259
1477 0.915013 0.682909
1480 0.916177 0.5576
1483 0.924923 0.376352
1486 0.930403 0.145328
1489 0.936735 0.200613
1492 0.950535 0.0878553
1495 0.949882 0.467899
1498 0.950507 0.502655
1501 0.95028 0.540449
1504 0.947582 0.037993
1507 0.942215 0.515575
1510 0.930658 0.518755
1513 0.922026 0.535707
1516 0.908879 0.495585
1519 0.894965 0.528722
1522 0.85808 0.525229
1525 0.834654 0.556123
1528 0.824431 0.561746
1531 0.808587 0.448988
1534 0.793651 0.516285
1537 0.793054 0.461482
1540 0.825397 0.416475
1543 0.85649 0.37002
1546 0.85896 0.336514
1549 0.863986 0.328336
1552 0.821989 0.307692
1555 0.779851 0.322628
1558 0.74819 0.3318
1561 0.710225 0.352926
1564 0.716444 0.381038
1567 0.731607 0.49956
1570 0.764716 0.490445
1573 0.804299 0.518784
1576 0.810319 0.466394
1579 0.796462 0.538036
1582 0.773064 0.495414
1585 0.744924 0.43462
1588 0.736718 0.452707
1591 0.723145 0.439731
1594 0.728966 0.422324
1597 0.755942 0.409717
1600 0.754607 0.392282
1603 0.762444 0.406338
1606 0.793225 0.320839
1609 0.773916 0.280802
1612 0.761252 0.233183
1615 0.784082 0.431638
1618 0.752222 0.421728
1621 0.712071 0.492631
1624 0.711759 0.58185
1627 0.703723 0.500185
1630 0.700202 0.497004
1633 0.697902 0.34915
1636 0.668143 0.246273
1639 0.667093 0.180481
1642 0.653207 0.214328
1645 0.659738 0.282988
1648 0.649289 0.383906
1651 0.676151 0.462845
1654 0.730471 0.59565
1657 0.792203 0.533379
1660 0.795496 0.467842
1663 0.790215 0.488315
1666 0.768634 0.357725
1669 0.756339 0.122214
1672 0.743845 0.366613
1675 0.729165 0.338899
1678 0.786609 0.321123
1681 0.828833 0.303461
1684 0.835023 0.207059
1687 0.807224 0.0979357
1690 0.704319 0.120453
1693 0.588863 0.172701
1696 0.503564 0.214584
1699 0.448136 0.231422
1702 0.47815 0.223926
1705 0.589971 0.278928
1708 0.703836 0.328109
1711 0.780021 0.251327
1714 0.767442 0.376665
1717 0.744271 0.407445
1720 0.75898 0.477298
1723 0.763069 0.498282
1726 0.7027 0.401709
1729 0.661839 0.256297
1732 0.467303 0.171764
1735 0.398132 0.16404
1738 0.367607 0.24809
1741 0.371383 0.213022
1744 0.348383 0.291507
1747 0.366016 0.391459
1750 0.335179 0.376977
1753 0.265951 0.367891
1756 0.189596 0.217963
1759 0.110628 0.130363
1762 0.0620439 0.0988159
1765 0.0811824 0.093364
1768 0.119431 0.166397
1771 0.171309 0.164125
1774 0.204447 0.23412
1777 0.284436 0.38595
1780 0.336428 0.33799
1783 0.326121 0.342931
1786 0.261408 0.312349
1789 0.197887 0.217253
1792 0.102081 0.174546
1795 0.0550586 0.0881393
1798 0.00715563 0.0177471
1801 0.0142829 0.0188829
1804 0.121646 0.0862652
1807 0.183945 0.210921
1810 0.167419 0.262572
1813 0.151319 0.267342
1816 0.136014 0.188006
1819 0.148366 0.189142
1822 0.147542 0.201266
1825 0.13715 0.202374
1828 0.117784 0.17909
1831 0.148905 0.190419
1834 0.180453 0.151518
1837 0.188347 0.207883
1840 0.201749 0.241559
1843 0.195076 0.272766
1846 0.188205 0.150893
1849 0.148423 0.185479
1852 0.0899282 0.108556
1855 0.0415708 0.05415
1858 0.00221484 0.0116705
1861 0.055371 0.0470795
1864 0.171423 0.127211
1867 0.170628 0.211631
1870 0.109067 0.222307
1873 0.110288 0.174859
1876 0.165715 0.132663
1879 0.154073 0.237215
1882 0.14547 0.301644
1885 0.186387 0.281909
1888 0.153619 0.31746
1891 0.187268 0.349803
1894 0.25269 0.361984
1897 0.275464 0.325326
1900 0.282932 0.344464
1903 0.321237 0.332283
1906 0.509271 0.424738
1909 0.596899 0.585598
1912 0.652469 0.536729
1915 0.570577 0.328563
1918 0.316523 0.211432
1921 0.11574 0.0527586
1924 0.0316608 0.0778317
1927 0.000880257 0.0881393
1930 0.000397535 0.0983048
1933 0.00036914 0.108556
1936 0.000340745 0.1083
1939 0.000340745 0.111509
1942 0.000340745 0.067439
1945 0.000340745 0.126331
1948 0.000340745 0.145611
1951 0.000340745 0.181219
1954 0.000340745 0.0595735
1957 0.000340745 0.243803
1960 0.000340745 0.0141409
1963 0.000340745 0.0923134
1966 0.000340745 0.103672
1969 0.000340745 0.0683477
1972 0.000340745 0.0952665
1975 0.000340745 0.0588068
1978 0.000340745 0.178862
1981 0.000340745 0.188489
1984 0.000340745 0.224579
1987 0.000340745 0.121561
1990 0.000340745 0.125252
1993 0.000340745 0.108499
1996 0.000340745 0.127552
1999 0.000340745 0.129057
2002 0.000312349 0.138058
2005 0.048045 0.0385325
2008 0.323367 0.143908
2011 0.369992 0.267172
2014 0.316552 0.346878
2017 0.306897 0.428259
2020 0.466735 0.385098
2023 0.473124 0.20845
2026 0.401653 0.413806
2029 0.416787 0.467984
2032 0.383593 0.414402
2035 0.322373 0.239259
2038 0.176761 0.123037
2041 0.0448647 0.0464264
2044 0.000454326 0.0439276
2047 0.00036914 0.0889911
2050 0.00156175 0.131158
2053 0.00332226 0.00965443
2056 0.00584945 0.0156742
2059 0.00667291 0.0126927
2062 0.00695687 0.0264645
2065 0.0092001 0.0285374
2068 0.0100804 0.0316041
2071 0.0100804 0.021041
2074 0.00979641 0.0228583
2077 0.00812108 0.0319732
2080 0.00937047 0.0252435
2083 0.00831985 0.0319448
2086 0.00726922 0.0306386
2089 0.00746798 0.0197064
2092 0.00670131 0.0235114
2095 0.0073544 0.0295312
2098 0.00792231 0.0231422
2101 0.00729761 0.0210126
2104 0.0324559 0.0388449
2107 0.136468 0.108726
2110 0.225033 0.16387
2113 0.292132 0.138087
2116 0.357895 0.206662
2119 0.414459 0.123236
2122 0.446915 0.14953
2125 0.473095 0.103813
2128 0.492603 0.246727
2131 0.493881 0.308686
2134 0.488656 0.305875
2137 0.464889 0.233666
2140 0.431581 0.192237
2143 0.347446 0.1405
2146 0.209842 0.0651958
2149 0.0952381 0.0438993
2152 0.00167533 0.0963739
2155 0.000795071 0.0546043
2158 0.0141977 0.0227163
2161 0.145583 0.100406
2164 0.184996 0.193685
2167 0.120112 0.256865
2170 0.0430758 0.129398
2173 0.000397535 0.0189681
2176 0.00036914 0.105375
2179 0.00036914 0.114235
2182 0.00036914 0.110941
2185 0.000340745 0.137689
2188 0.000340745 0.122753
2191 0.000340745 0.167845
2194 0.000340745 0.152824
2197 0.000340745 0.20192
2200 0.000340745 0.163046
2203 0.000340745 0.191129
2206 0.000340745 0.106568
2209 0.000340745 0.177613
2212 0.000312349 0.134963
2215 0.000312349 0.154244
2218 0.000312349 0.083738
2221 0.000312349 0.132777
2224 0.000312349 0.14936
2227 0.000312349 0.0676094
2230 0.000312349 0.197944
2233 0.000312349 0.137803
2236 0.000340745 0.175114
2239 0.000340745 0.0942443
2242 0.000340745 0.118011
2245 0.000340745 0.133004
2248 0.000340745 0.197149
2251 0.000312349 0.22634
2254 0.000312349 0.143539
2257 0.000312349 0.143453
2260 0.000312349 0.077349
2263 0.000312349 0.0847886
2266 0.000312349 0.14104
2269 0.000312349 0.07627
2272 0.0108186 0.0483289
2275 0.155152 0.151092
2278 0.284266 0.257489
2281 0.230003 0.326206
2284 0.178948 0.333986
2287 0.108527 0.161343
2290 0.0477042 0.0633217
2293 0.00110742 0.0720391
2296 0.000340745 0.10052
2299 0.000340745 0.117614
2302 0.000312349 0.122725
2305 0.0345856 0.0601414
2308 0.0623846 0.158105
2311 0.0276571 0.104041
2314 0.000312349 0.0411733
2317 0.0329386 0.0696823
2320 0.0592044 0.152256
2323 0.0256978 0.108925
2326 0.00036914 0.0359769
2329 0.000312349 0.151205
2332 0.000312349 0.0915467
2335 0.000312349 0.138484
2338 0.000312349 0.152228
2341 0.000312349 0.0836528
2344 0.000312349 0.140273
2347 0.000312349 0.101031
2350 0.000312349 0.140869
2353 0.00272596 0.0119261
2356 0.037056 0.102905
2359 0.0382202 0.135673
2362 0.00567908 0.0681773
2365 0.000312349 0.0103643
2368 0.000312349 0.12122
2371 0.000312349 0.12511
2374 0.000312349 0.169606
2377 0.000340745 0.0705625
2380 0.000340745 0.115796
2383 0.000340745 0.136326
2386 0.000312349 0.151575
2389 0.120027 0.0594315
2392 0.20121 0.17943
2395 0.202203 0.224891
2398 0.0731181 0.125167
2401 0.00741119 0.0486697
2404 0.000454326 0.0906664
2407 0.000397535 0.11608
2410 0.000397535 0.0913195
2413 0.00036914 0.0899282
2416 0.00036914 0.156175
2419 0.000340745 0.143425
2422 0.000340745 0.177358
2425 0.000340745 0.140472
2428 0.000340745 0.213306
2431 0.000340745 0.127353
2434 0.000340745 0.168441
2437 0.056308 0.0563932
2440 0.180282 0.182014
2443 0.121987 0.231933
2446 0.0381634 0.159213
2449 0.00036914 0.0287645
2452 0.000340745 0.115143
2455 0.000340745 0.118579
2458 0.000312349 0.116194
2461 0.000312349 0.116961
2464 0.000312349 0.171877
2467 0.000312349 0.0954369
2470 0.000312349 0.0878837
2473 0.000312349 0.0841923
2476 0.000312349 0.141352
2479 0.000312349 0.121419
2482 0.0414289 0.0800466
2485 0.0492376 0.130335
2488 0.0145952 0.0641735
2491 0.000312349 0.0203879
2494 0.000312349 0.120198
2497 0.000312349 0.116109
2500 0.000312349 0.131272
2503 0.000312349 0.23872
2506 0.000312349 0.148366
2509 0.000312349 0.146747
2512 0.000312349 0.154187
2515 0.0799614 0.0538944
2518 0.21518 0.231791
2521 0.273022 0.395633
2524 0.197518 0.259392
2527 0.0702786 0.158787
2530 0.00036914 0.0327115
2533 0.000340745 0.139421
2536 0.00036914 0.101513
2539 0.00036914 0.118153
2542 0.000340745 0.112275
2545 0.000340745 0.173212
2548 0.000340745 0.133401
2551 0.00036914 0.182667
2554 0.000340745 0.0897862
2557 0.00036914 0.172417
2560 0.000340745 0.105602
2563 0.000340745 0.107817
2566 0.00036914 0.197689
2569 0.000340745 0.115711
2572 0.00036914 0.0700514
2575 0.000340745 0.119658
2578 0.00036914 0.0928813
2581 0.00036914 0.0782577
2584 0.00036914 0.0757021
2587 0.000340745 0.101173
2590 0.000340745 0.118096
2593 0.000340745 0.127382
2596 0.000340745 0.139734
2599 0.00036914 0.119261
2602 0.00036914 0.111764
2605 0.00036914 0.0921998
2608 0.00036914 0.148536
2611 0.000340745 0.135503
2614 0.000340745 0.0987591
2617 0.00036914 0.162677
2620 0.00036914 0.147031
2623 0.000340745 0.0841355
2626 0.000340745 0.168328
2629 0.000795071 0.0679785
2632 0.115228 0.0465116
2635 0.184144 0.18156
2638 0.139506 0.24048
2641 0.0686316 0.157197
2644 0.0611636 0.139989
2647 0.202516 0.244058
2650 0.310731 0.432604
2653 0.317602 0.363944
2656 0.231082 0.267598
2659 0.136326 0.28367
2662 0.0725502 0.158361
2665 0.00207286 0.04884
2668 0.00036914 0.0913479
2671 0.00036914 0.132663
2674 0.00036914 0.0811256
2677 0.0197632 0.0453474
2680 0.0462277 0.0919442
2683 0.114916 0.183661
2686 0.172076 0.196127
2689 0.188148 0.18934
2692 0.138967 0.149814
2695 0.088196 0.104836
2698 0.0349263 0.0423659
2701 0.00315189 0.0185706
2704 0.000340745 0.0558253
2707 0.000340745 0.124712
2710 0.000340745 0.147287
2713 0.000340745 0.208365
2716 0.000340745 0.0664168
2719 0.000340745 0.0681489
2722 0.000340745 0.203311
2725 0.000340745 0.126246
2728 0.000340745 0.185251
2731 0.000340745 0.203794
2734 0.000340745 0.21606
2737 0.0528154 0.0473351
2740 0.129114 0.0828861
2743 0.182469 0.139024
2746 0.165545 0.196269
2749 0.139194 0.25553
2752 0.10052 0.213988
2755 0.0975949 0.193287
2758 0.0854417 0.214527
2761 0.0501178 0.16722
2764 0.0157026 0.0674958
2767 0.00036914 0.0201607
2770 0.000312349 0.142318
2773 0.000312349 0.137888
2776 0.000312349 0.1497
2779 0.000312349 0.13485
2782 0.000312349 0.114519
2785 0.000312349 0.115711
2788 0.000312349 0.162706
2791 0.000312349 0.103842
2794 0.000312349 0.0806713
2797 0.000312349 0.137377
2800 0.000312349 0.157935
2803 0.000312349 0.152057
2806 0.000312349 0.140216
2809 0.000312349 0.226709
2812 0.000312349 0.186018
2815 0.000312349 0.118721
2818 0.000312349 0.126587
2821 0.000312349 0.163841
2824 0.000312349 0.168782
2827 0.000312349 0.149558
2830 0.000312349 0.0780021
2833 0.000312349 0.0839651
2836 0.000312349 0.160973
2839 0.000312349 0.0610785
2842 0.000312349 0.0504018
2845 0.000312349 0.120169
2848 0.000312349 0.10989
2851 0.000312349 0.183093
2854 0.000312349 0.0821194
2857 0.0030951 0.00732601
2860 0.00863219 0.0114149
2863 0.000823466 0.0119545
2866 0.000312349 0.0570463
2869 0.000312349 0.10759
2872 0.000312349 0.0801318
2875 0.000312349 0.165375
2878 0.000312349 0.191271
2881 0.000283954 0.102195
2884 0.000312349 0.0485277
2887 0.0259534 0.0566488
2890 0.0524747 0.130789
2893 0.0637192 0.173297
2896 0.0441832 0.129653
2899 0.026862 0.0797058
2902 0.0172928 0.0473919
2905 0.0030951 0.0176619
2908 0.000312349 0.048045
2911 0.000312349 0.0996962
2914 0.000312349 0.116904
2917 0.000312349 0.0767527
2920 0.000312349 0.193458
2923 0.000312349 0.121447
2926 0.000312349 0.191186
2929 0.000312349 0.12051
2932 0.000312349 0.105375
2935 0.000312349 0.0784564
2938 0.000312349 0.123321
2941 0.000312349 0.0831133
2944 0.000312349 0.094727
2947 0.00326547 0.0108754
2950 0.0411449 0.0692279
2953 0.0938751 0.127126
2956 0.157225 0.167107
2959 0.19996 0.198824
2962 0.237584 0.171508
2965 0.269273 0.185933
2968 0.295823 0.22881
2971 0.321322 0.237698
2974 0.34648 0.264645
2977 0.362921 0.299827
2980 0.379021 0.302553
2983 0.398785 0.243689
2986 0.411193 0.326036
2989 0.418661 0.320641
2992 0.431865 0.294829
2995 0.437885 0.322117
2998 0.440696 0.269103
3001 0.479541 0.210779
3004 0.526479 0.413493
3007 0.560752 0.429849
3010 0.599966 0.213533
3013 0.620325 0.497629
3016 0.665389 0.502712
3019 0.721271 0.441321
3022 0.753074 0.519067
3025 0.778033 0.381804
3028 0.814805 0.502115
3031 0.841696 0.341909
3034 0.863134 0.240594
3037 0.88869 0.287077
3040 0.911435 0.156089
3043 0.924326 0.187381
3046 0.938609 0.180538
3049 0.952693 0.154556
3052 0.95045 0.129824
3055 0.949456 0.108556
3058 0.949683 0.0978221
3061 0.928358 0.0752194
3064 0.929437 0.0699662
3067 0.929693 0.0828861
3070 0.93523 0.122356
3073 0.928642 0.135446
3076 0.899424 0.126473
3079 0.86887 0.220973
3082 0.856603 0.181446
3085 0.866116 0.263282
3088 0.891217 0.232814
3091 0.927109 0.217338
3094 0.922679 0.23429
3097 0.910413 0.218957
3100 0.909532 0.155351
3103 0.89187 0.188971
3106 0.885169 0.21342
3109 0.884743 0.225488
3112 0.882727 0.216316
3115 0.879802 0.184598
3118 0.879944 0.183122
3121 0.87949 0.157765
3124 0.879717 0.233126
3127 0.879774 0.0483289
3130 0.879178 0.0176619
3133 0.879405 0.0771218
3136 0.88162 0.205781
3139 0.881137 0.0446091
3142 0.880881 0.0724366
3145 0.881023 0.0185138
3148 0.880626 0.036772
3151 0.873811 0.0315757
3154 0.86711 0.061476
3157 0.85666 0.0870886
3160 0.847659 0.0933924
3163 0.839282 0.11767
3166 0.833944 0.133487
3169 0.828265 0.144476
3172 0.822699 0.161229
3175 0.817162 0.166681
3178 0.81154 0.175398
3181 0.80711 0.153818
3184 0.801942 0.15961
3187 0.797541 0.28154
3190 0.79314 0.180282
3193 0.786978 0.181049
3196 0.785501 0.181248
3199 0.780617 0.191754
3202 0.777039 0.202715
3205 0.773149 0.224806
3208 0.7719 0.201863
3211 0.768634 0.356419
3214 0.767669 0.24809
3217 0.767584 0.260329
3220 0.76889 0.134708
3223 0.76872 0.131953
3226 0.768407 0.0994406
3229 0.767839 0.0992986
3232 0.768294 0.150581
3235 0.76801 0.0257546
3238 0.768379 0.235653
3241 0.767868 0.0221768
3244 0.767186 0.0252719
3247 0.76747 0.0886788
3250 0.767669 0.0174064
3253 0.768322 0.0692847
3256 0.768209 0.0490956
3259 0.767839 0.0155039
3262 0.769742 0.127609
3265 0.76943 0.108641
3268 0.768975 0.0341596
3271 0.768067 0.0496351
3274 0.768407 0.0812108
3277 0.768095 0.0133742
3280 0.767641 0.0433597
3283 0.768322 0.139762
3286 0.772553 0.298719
3289 0.772354 0.146946
3292 0.772354 0.0899282
3295 0.772212 0.239458
3298 0.772269 0.144504
3301 0.772099 0.078712
3304 0.772496 0.130619
3307 0.771928 0.208167
3310 0.771957 0.0191101
3313 0.773746 0.316665
3316 0.772496 0.0137434
3319 0.772496 0.191896
3322 0.773149 0.0745947
3325 0.772667 0.0216089
3328 0.772752 0.0168669
3331 0.773632 0.0193656
3334 0.773774 0.0434449
3337 0.770764 0.17449
3340 0.770764 0.0243632
3343 0.770679 0.0282818
3346 0.770253 0.0455178
3349 0.76889 0.052645
3352 0.768663 0.053866
3355 0.768833 0.0588068
3358 0.769628 0.0631229
3361 0.771247 0.0927109
3364 0.770537 0.0851577
3367 0.769997 0.0743959
3370 0.76943 0.094585
3373 0.769742 0.0831985
3376 0.770111 0.0950961
3379 0.770452 0.0847886
3382 0.770196 0.0803589
3385 0.770338 0.0708749
3388 0.769799 0.107505
3391 0.769515 0.0723514
3394 0.76977 0.0629242
3397 0.769997 0.0609081
3400 0.770196 0.0536957
3403 0.770054 0.0564784
3406 0.769799 0.0639464
3409 0.769997 0.0189681
3412 0.770196 0.189
3415 0.769202 0.225033
3418 0.769344 0.121021
3421 0.769032 0.246415
3424 0.768833 0.041798
3427 0.769174 0.0904677
3430 0.769373 0.0438141
3433 0.771474 0.157452
3436 0.779879 0.288753
3439 0.779623 0.0303263
3442 0.780277 0.11909
3445 0.780049 0.0380498
3448 0.780986 0.0488968
3451 0.780844 0.0586649
3454 0.780731 0.0312065
3457 0.780646 0.0321152
3460 0.78093 0.0504302
3463 0.782605 0.159412
3466 0.782946 0.0455746
3469 0.782662 0.0385609
3472 0.783031 0.0271176
3475 0.782605 0.0678366
3478 0.782406 0.0241077
3481 0.781895 0.0288213
3484 0.781696 0.00587784
3487 0.782094 0.338416
3490 0.78164 0.0748218
3493 0.781782 0.0372831
3496 0.781895 0.0391856
3499 0.782037 0.030951
3502 0.78252 0.067439
3505 0.782406 0.0782861
3508 0.782065 0.0252719
3511 0.781412 0.209132
3514 0.781299 0.0708749
3517 0.781554 0.119062
3520 0.781157 0.0685748
3523 0.780703 0.103643
3526 0.780788 0.10776
3529 0.780958 0.0630093
3532 0.781214 0.0642871
3535 0.781015 0.0605673
3538 0.78323 0.181674
3541 0.783286 0.043956
3544 0.782917 0.0545475
3547 0.781441 0.0929665
3550 0.781696 0.0254423
3553 0.781895 0.0151915
3556 0.781668 0.00726922
3559 0.782264 0.00670131
3562 0.780986 0.0992135
3565 0.7811 0.233893
3568 0.780703 0.0926541
3571 0.782804 0.0849022
3574 0.782207 0.104041
3577 0.781583 0.0251299
3580 0.782151 0.0336201
3583 0.782747 0.0492376
3586 0.781782 0.141409
3589 0.783116 0.0457733
3592 0.782775 0.201891
3595 0.781072 0.128461
3598 0.781214 0.106653
3601 0.780788 0.0176335
3604 0.781583 0.0205583
3607 0.781498 0.192805
3610 0.781185 0.104268
3613 0.78093 0.160547
3616 0.780788 0.018315
3619 0.780589 0.0161002
3622 0.780816 0.278502
3625 0.780703 0.0316608
3628 0.780703 0.0143113
3631 0.7811 0.00766675
3634 0.780362 0.121987
3637 0.78039 0.125763
3640 0.780049 0.158389
3643 0.780049 0.00499759
3646 0.780305 0.25252
3649 0.780305 0.0245336
3652 0.780617 0.097311
3655 0.780333 0.0345572
3658 0.780163 0.175086
3661 0.780021 0.180282
3664 0.780106 0.018173
3667 0.779993 0.0356362
3670 0.778317 0.10847
3673 0.778062 0.019394
3676 0.778317 0.0539512
3679 0.779822 0.0488117
3682 0.779907 0.0562228
3685 0.780447 0.051424
3688 0.780958 0.0648266
3691 0.780901 0.0624982
3694 0.780191 0.065423
3697 0.779907 0.0764971
3700 0.775705 0.227788
3703 0.771446 0.289491
3706 0.76571 0.289519
3709 0.760201 0.290116
3712 0.756254 0.269557
3715 0.744839 0.234659
3718 0.734077 0.248772
3721 0.730613 0.298322
3724 0.732516 0.290513
3727 0.736775 0.295709
3730 0.738819 0.286396
3733 0.746287 0.276344
3736 0.754976 0.281994
3739 0.761422 0.293125
3742 0.767044 0.329557
3745 0.772581 0.383054
3748 0.777835 0.330096
3751 0.78252 0.35233
3754 0.787035 0.371497
3757 0.790045 0.347503
3760 0.790726 0.322004
3763 0.791067 0.0997814
3766 0.790896 0.231337
3769 0.791095 0.0393276
3772 0.793054 0.145242
3775 0.79314 0.0115001
3778 0.792685 0.0622427
3781 0.792969 0.0127779
3784 0.793054 0.0421103
3787 0.791606 0.263963
3790 0.791777 0.0217509
3793 0.792998 0.0511117
3796 0.792259 0.0850725
3799 0.79101 0.0561945
3802 0.790101 0.104268
3805 0.789675 0.0915751
3808 0.787262 0.0341596
3811 0.79084 0.0326831
3814 0.794417 0.049266
3817 0.797456 0.0586365
3820 0.812676 0.386915
3823 0.812874 0.233694
3826 0.812505 0.345487
3829 0.812165 0.276798
3832 0.81367 0.0851577
3835 0.813016 0.128205
3838 0.812505 0.083454
3841 0.81313 0.0667007
3844 0.813528 0.0783428
3847 0.815345 0.118494
3850 0.81401 0.0779453
3853 0.814152 0.0391288
3856 0.814209 0.0770935
3859 0.814607 0.0316324
3862 0.814408 0.0625834
3865 0.813641 0.0636056
3868 0.813073 0.062839
3871 0.815799 0.0615328
3874 0.816424 0.0656217
3877 0.815799 0.0754465
3880 0.816282 0.0629809
3883 0.817247 0.0559105
3886 0.816736 0.0527302
3889 0.816708 0.0508277
3892 0.816395 0.0464264
3895 0.81915 0.0607661
3898 0.818554 0.03433
3901 0.819008 0.023483
3904 0.818951 0.0159014
3907 0.81861 0.0643723
3910 0.818894 0.135872
3913 0.819036 0.057671
3916 0.818241 0.144902
3919 0.818298 0.0960616
3922 0.817134 0.242497
3925 0.817162 0.142942
3928 0.816793 0.231053
3931 0.816395 0.155578
3934 0.816481 0.0981344
3937 0.816339 0.0978505
3940 0.816055 0.057529
3943 0.8156 0.121703
3946 0.81614 0.257944
3949 0.815487 0.124968
3952 0.81597 0.101485
3955 0.815714 0.166312
3958 0.81597 0.251867
3961 0.815657 0.093364
3964 0.815316 0.10123
3967 0.815288 0.0310929
3970 0.816935 0.362581
3973 0.816821 0.196808
3976 0.815629 0.0234546
3979 0.815004 0.0457733
3982 0.815004 0.139421
3985 0.814237 0.067723
3988 0.81472 0.0688588
3991 0.814209 0.0756169
3994 0.814891 0.0480734
3997 0.818298 0.166681
4000 0.81702 0.160746
4003 0.817673 0.172388
4006 0.816651 0.0831133
4009 0.816935 0.203794
4012 0.817446 0.093506
4015 0.816992 0.0523895
4018 0.816651 0.0788256
4021 0.819519 0.176023
4024 0.818781 0.18687
4027 0.818752 0.127978
4030 0.818241 0.134225
4033 0.816793 0.0610217
4036 0.816679 0.153051
4039 0.816509 0.0634637
4042 0.816452 0.10052
4045 0.816907 0.257858
4048 0.81685 0.142488
4051 0.817105 0.0769231
4054 0.817304 0.220604
4057 0.816878 0.0825738
4060 0.816395 0.091064
4063 0.815998 0.0962887
4066 0.816282 0.08087
4069 0.817191 0.0607377
4072 0.814152 0.212426
4075 0.814351 0.102933
4078 0.814777 0.10742
4081 0.815061 0.200131
4084 0.814436 0.0692563
4087 0.814379 0.185109
4090 0.814578 0.0993554
4093 0.817333 0.124429
4096 0.816765 0.199761
4099 0.816566 0.192776
4102 0.816112 0.0369424
4105 0.815174 0.0901553
4108 0.81526 0.234091
4111 0.815004 0.193827
4114 0.81543 0.183179
4117 0.814805 0.0869466
4120 0.819263 0.282278
4123 0.819349 0.148082
4126 0.817957 0.0270892
4129 0.818128 0.195133
4132 0.818468 0.266405
4135 0.818042 0.239913
4138 0.816537 0.229349
4141 0.816055 0.263878
4144 0.814777 0.329614
4147 0.8133 0.281767
4150 0.811086 0.279751
4153 0.809467 0.303944
4156 0.808445 0.291251
4159 0.81012 0.282278
4162 0.814607 0.242667
4165 0.814947 0.243434
4168 0.821251 0.222222
4171 0.815629 0.20192
4174 0.823466 0.242411
4177 0.825056 0.235937
4180 0.823182 0.188006
4183 0.823068 0.120538
4186 0.822642 0.0891331
4189 0.822444 0.16759
4192 0.822046 0.100065
4195 0.820484 0.269529
4198 0.82145 0.329869
4201 0.822784 0.333362
4204 0.822075 0.240225
4207 0.823324 0.111707
4210 0.820655 0.456654
4213 0.818241 0.464577
4216 0.812818 0.458983
4219 0.818837 0.466593
4222 0.824488 0.46594
4225 0.831786 0.436352
4228 0.840901 0.256126
4231 0.838146 0.473323
4234 0.841383 0.0254139
4237 0.852401 0.221541
4240 0.863418 0.660902
4243 0.878894 0.571599
4246 0.915864 0.484624
4249 0.923531 0.236704
4252 0.918789 0.142289
4255 0.733964 0.204021
4258 0.710538 0.206122
4261 0.498027 0.143567
4264 0.470682 0.149928
4267 0.439731 0.157026
4270 0.425817 0.271573
4273 0.470426 0.419002
4276 0.562427 0.467558
4279 0.627907 0.299514
4282 0.684868 0.351563
4285 0.694863 0.455036
4288 0.729875 0.406735
4291 0.731209 0.281483
4294 0.700429 0.314962
4297 0.712752 0.45992
4300 0.768464 0.50592
4303 0.799926 0.496806
4306 0.806769 0.616265
4309 0.79879 0.561348
4312 0.787546 0.362211
4315 0.745151 0.504501
4318 0.707925 0.440043
4321 0.731124 0.384275
4324 0.752761 0.564926
4327 0.772553 0.512792
4330 0.746628 0.362893
4333 0.696283 0.496152
4336 0.651305 0.495244
4339 0.630548 0.508476
4342 0.609677 0.358605
4345 0.55848 0.430985
4348 0.515206 0.363489
4351 0.45478 0.240566
4354 0.356248 0.212795
4357 0.334611 0.245364
4360 0.356731 0.335293
4363 0.416674 0.322515
4366 0.472442 0.417923
4369 0.539455 0.439163
4372 0.586762 0.497004
4375 0.593123 0.453843
4378 0.55831 0.478377
4381 0.466479 0.308118
4384 0.362893 0.308175
4387 0.282761 0.291251
4390 0.249766 0.292643
4393 0.254508 0.349547
4396 0.280461 0.422012
4399 0.308345 0.490161
4402 0.299401 0.378454
4405 0.231593 0.265412
4408 0.162649 0.182724
4411 0.0931936 0.0893319
4414 0.0338189 0.0599426
4417 0.0655365 0.0656217
4420 0.191101 0.218616
4423 0.351535 0.279666
4426 0.416674 0.349689
4429 0.454212 0.256297
4432 0.460573 0.357782
4435 0.494988 0.432632
4438 0.43266 0.404265
4441 0.318681 0.310475
4444 0.23199 0.252492
4447 0.173297 0.333702
4450 0.219014 0.301161
4453 0.267825 0.276202
4456 0.336116 0.244967
4459 0.378198 0.229349
4462 0.466848 0.289179
4465 0.522872 0.438481
4468 0.603629 0.401482
4471 0.662918 0.45231
4474 0.739558 0.525286
4477 0.837493 0.413863
4480 0.727206 0.380867
4483 0.6429 0.339211
4486 0.598887 0.248431
4489 0.490445 0.269387
4492 0.450436 0.316665
4495 0.37462 0.324588
4498 0.306187 0.250816
4501 0.26013 0.211404
4504 0.287702 0.254678
4507 0.338558 0.206662
4510 0.407218 0.357242
4513 0.551949 0.497004
4516 0.66837 0.496294
4519 0.746458 0.498765
4522 0.751313 0.356561
4525 0.755317 0.506176
4528 0.693103 0.357214
4531 0.692819 0.479939
4534 0.694806 0.438396
4537 0.738905 0.350683
4540 0.72482 0.317744
4543 0.714257 0.308459
4546 0.667632 0.359826
4549 0.620212 0.346338
4552 0.662549 0.418377
4555 0.700571 0.420961
4558 0.587955 0.440356
4561 0.544964 0.297669
4564 0.497799 0.344606
4567 0.274725 0.278899
4570 0.227816 0.164409
4573 0.216117 0.136695
4576 0.290939 0.266547
4579 0.376523 0.32561
4582 0.436636 0.414516
4585 0.466337 0.377233
4588 0.465485 0.295142
4591 0.443649 0.279354
4594 0.492063 0.265781
4597 0.539228 0.300395
4600 0.56734 0.309311
4603 0.536729 0.129199
4606 0.515603 0.259136
4609 0.501462 0.378397
4612 0.458869 0.323651
4615 0.383593 0.237414
4618 0.316296 0.170912
4621 0.257688 0.18616
4624 0.222932 0.237896
4627 0.240906 0.216884
4630 0.249993 0.209132
4633 0.235966 0.158901
4636 0.293523 0.147826
4639 0.388733 0.195502
4642 0.375699 0.332254
4645 0.238351 0.261663
4648 0.146321 0.23713
4651 0.215549 0.261663
4654 0.320243 0.303405
4657 0.377289 0.416305
4660 0.416163 0.49743
4663 0.491922 0.358747
4666 0.49053 0.288895
4669 0.437175 0.246926
4672 0.369623 0.0683761
4675 0.294432 0.237016
4678 0.207797 0.224409
4681 0.164409 0.242894
4684 0.150297 0.310078
4687 0.134566 0.309084
4690 0.197177 0.258029
4693 0.281711 0.306415
4696 0.327512 0.327683
4699 0.292501 0.251555
4702 0.253798 0.188886
4705 0.25093 0.281398
4708 0.294375 0.259363
4711 0.321975 0.255246
4714 0.307039 0.276457
4717 0.286651 0.2927
4720 0.382259 0.381691
4723 0.509782 0.408326
4726 0.577846 0.555556
4729 0.470057 0.440725
4732 0.326263 0.361274
4735 0.187438 0.174518
4738 0.113525 0.0915467
4741 0.0510265 0.0268052
4744 0.00258398 0.0938467
4747 0.0136582 0.0314905
4750 0.0721527 0.140188
4753 0.0429054 0.112389
4756 0.00238521 0.0619871
4759 0 0.126814
4762 0 0.106369
4765 0 0.073544
4768 0 0.199137
4771 0 0.092143
4774 0 0.0400375
4777 0 0.0695971
4780 0 0.0869182
4783 0 0.0680353
4786 0 0.0788824
4789 0 0.172275
4792 0 0.175285
4795 2.83954e-05 0.142516
4798 0 0.0693415
4801 0 0.146492
4804 0 0.147826
4807 0 0.141523
4810 0 0.0944998
4813 0 0.190505
4816 0 0.195332
4819 0 0.0954937
4822 0 0.151717
4825 0 0.0996678
4828 0 0.094443
4831 0 0.208053
4834 0 0.13025
4837 0 0.0701366
4840 0 0.0993554
4843 0 0.199052
4846 0 0.147855
4849 0 0.0810972
4852 0 0.203481
4855 0 0.113723
4858 0 0.238436
4861 0 0.124571
4864 0 0.106397
4867 0 0.117756
4870 0 0.119715
4873 0 0.12264
4876 0 0.192464
4879 0 0.0868615
4882 0 0.22191
4885 0 0.139705
4888 0 0.0972826
4891 0 0.0819491
4894 0 0.181475
4897 0 0.102081
4900 0 0.0734304
4903 0 0.158957
4906 0 0.262686
4909 0 0.205412
4912 0.00218644 0.0122384
4915 0.0024704 0.0560241
4918 0.000511117 0.0148792
4921 0.0620155 0.0594031
4924 0.17094 0.156515
4927 0.118636 0.198399
4930 0.042735 0.159724
4933 0.134026 0.136099
4936 0.202203 0.174774
4939 0.17023 0.218105
4942 0.061334 0.118466
4945 0 0.00928529
4948 0 0.138513
4951 0 0.137348
4954 0 0.1014
4957 0 0.168129
4960 0 0.172843
4963 0 0.144504
4966 0 0.200699
4969 0 0.186444
4972 0.0719823 0.0832836
4975 0.170315 0.170827
4978 0.201494 0.276117
4981 0.202289 0.348582
4984 0.147173 0.285714
4987 0.103728 0.196411
4990 0.0209274 0.0816651
4993 0 0.0258682
4996 0 0.115512
4999 0 0.152199
5002 0 0.174404
5005 0 0.152483
5008 0 0.0985887
5011 0 0.0915467
5014 0 0.108101
5017 0 0.0628106
5020 0 0.0790811
5023 0 0.126587
5026 0.0350967 0.0609081
5029 0.0529006 0.144674
5032 0.019536 0.0926825
5035 0 0.025499
5038 0 0.0923986
5041 0 0.140245
5044 0 0.108357
5047 0 0.145782
5050 0.0215237 0.0281114
5053 0.126501 0.111423
5056 0.2097 0.201579
5059 0.242553 0.240651
5062 0.276344 0.233467
5065 0.312633 0.181872
5068 0.338558 0.221427
5071 0.334015 0.275946
5074 0.285033 0.326007
5077 0.197433 0.32243
5080 0.245222 0.207542
5083 0.270466 0.177954
5086 0.111906 0.0525882
5089 0.00573587 0.0802453
5092 2.83954e-05 0.0939319
5095 0 0.0858676
5098 0 0.157878
5101 0 0.198313
5104 0 0.152739
5107 0 0.0913479
5110 0 0.0870318
5113 0 0.107647
5116 0 0.112417
5119 0 0.0965727
5122 0 0.137576
5125 0 0.111509
5128 0 0.138285
5131 0 0.100434
5134 0 0.171167
5137 0 0.0905529
5140 0 0.104779
5143 2.83954e-05 0.0515376
5146 2.83954e-05 0.0724934
5149 0 0.0927961
5152 0 0.207371
5155 0 0.140784
5158 0 0.129625
5161 0 0.138115
5164 0 0.0513388
5167 0 0.154556
5170 0 0.122952
5173 0 0.123775
5176 0 0.0921714
5179 0 0.101201
5182 0 0.104353
5185 0 0.146832
5188 0 0.132606
5191 0 0.107306
5194 0 0.065139
5197 0 0.195531
5200 0 0.113212
5203 0 0.0982764
5206 0 0.109635
5209 0 0.160888
5212 0 0.182071
5215 0 0.107732
5218 0 0.159951
5221 0 0.110202
5224 0 0.140188
5227 0 0.0989295
5230 0 0.194508
5233 0 0.146946
5236 0 0.078428
5239 0 0.168243
5242 0 0.123406
5245 0 0.127041
5248 0 0.11114
5251 0 0.166766
5254 0 0.0777749
5257 0 0.100889
5260 0 0.214016
5263 0.107647 0.0849306
5266 0.216543 0.142374
5269 0.194877 0.221711
5272 0.167561 0.162564
5275 0.110998 0.17023
5278 0.0627822 0.0939319
5281 0.0115001 0.0174632
5284 0 0.0956356
5287 0 0.128745
5290 0 0.149786
5293 0 0.0895874
5296 0.0276855 0.047619
5299 0.138797 0.154812
5302 0.255956 0.137916
5305 0.288156 0.212454
5308 0.286481 0.171394
5311 0.236704 0.178522
5314 0.175143 0.155976
5317 0.123378 0.0884516
5320 0.0855269 0.0463129
5323 0.0842491 0.0406054
5326 0.0726638 0.0464264
5329 0.0701934 0.0494364
5332 0.039356 0.0276855
5335 0.0173212 0.0154187
5338 0.0911776 0.0912343
5341 0.138058 0.164324
5344 0.15024 0.160718
5347 0.153875 0.237613
5350 0.122185 0.185337
5353 0.0724934 0.0990431
5356 0.0208138 0.0352103
5359 0.0146804 0.0230003
5362 0.0828293 0.0939319
5365 0.159866 0.189993
5368 0.237414 0.323395
5371 0.266207 0.426357
5374 0.223585 0.356305
5377 0.143198 0.232473
5380 0.0814663 0.11378
5383 0.0176903 0.0625834
5386 5.67908e-05 0.0117841
5389 0 0.130022
5392 0.000170372 0.146946
5395 0.0217509 0.0401227
5398 0.104665 0.139989
5401 0.161768 0.165857
5404 0.185308 0.236988
5407 0.193514 0.150155
5410 0.189085 0.263907
5413 0.190391 0.266263
5416 0.171565 0.19465
5419 0.140529 0.133316
5422 0.113127 0.0974529
5425 0.149388 0.113951
5428 0.206094 0.158333
5431 0.22421 0.201636
5434 0.18917 0.153647
5437 0.179118 0.269671
5440 0.178351 0.262515
5443 0.169464 0.258029
5446 0.16228 0.313712
5449 0.167902 0.337933
5452 0.181304 0.274981
5455 0.179686 0.211432
5458 0.192237 0.200301
5461 0.204929 0.247863
5464 0.197064 0.245421
5467 0.217225 0.277139
5470 0.239146 0.230428
5473 0.245279 0.195729
5476 0.244711 0.21075
5479 0.250873 0.187523
5482 0.237215 0.142744
5485 0.214811 0.114916
5488 0.246813 0.107079
5491 0.28242 0.126075
5494 0.296817 0.0929097
5497 0.298606 0.101173
5500 0.296732 0.111423
5503 0.303603 0.149133
5506 0.313542 0.133089
5509 0.328733 0.139677
5512 0.339836 0.193401
5515 0.351989 0.221086
5518 0.363063 0.228611
5521 0.37621 0.22597
5524 0.38348 0.226822
5527 0.388846 0.227561
5530 0.409319 0.245847
5533 0.443791 0.222421
5536 0.49868 0.281994
5539 0.571201 0.288327
5542 0.641565 0.0837948
5545 0.732913 0.163529
5548 0.765738 0.212852
5551 0.790158 0.225431
5554 0.811682 0.272085
5557 0.827952 0.327342
5560 0.846125 0.398728
5563 0.865065 0.309765
5566 0.870574 0.287219
5569 0.872562 0.25394
5572 0.871965 0.268592
5575 0.865008 0.214669
5578 0.853082 0.13343
5581 0.849221 0.291024
5584 0.850271 0.278388
5587 0.853423 0.30065
5590 0.850867 0.278587
5593 0.845245 0.291308
5596 0.84286 0.326774
5599 0.83826 0.334185
5602 0.836613 0.241872
5605 0.840929 0.207599
5608 0.851095 0.176562
5611 0.861374 0.153363
5614 0.873271 0.156459
5617 0.875827 0.128546
5620 0.877531 0.148962
5623 0.877871 0.135929
5626 0.876196 0.144021
5629 0.875344 0.139876
5632 0.874947 0.108357
5635 0.873697 0.1083
5638 0.865974 0.18545
5641 0.861431 0.172615
5644 0.853764 0.179402
5647 0.849703 0.161996
5650 0.848056 0.181219
5653 0.843627 0.182525
5656 0.837692 0.190277
5659 0.832325 0.196297
5662 0.832098 0.204276
5665 0.831502 0.0238805
5668 0.830735 0.201096
5671 0.829543 0.282761
5674 0.829457 0.22952
5677 0.828492 0.267484
5680 0.828293 0.235
5683 0.829202 0.256439
5686 0.827697 0.124116
5689 0.827583 0.285856
5692 0.828606 0.220036
5695 0.826589 0.201494
5698 0.827697 0.253883
5701 0.825141 0.158673
5704 0.823551 0.224011
5707 0.823721 0.236903
5710 0.822018 0.0738848
5713 0.820683 0.084533
5716 0.818497 0.0911208
5719 0.817304 0.072607
5722 0.819689 0.17148
5725 0.819491 0.22049
5728 0.819917 0.274271
5731 0.819434 0.253457
5734 0.819207 0.319647
5737 0.819377 0.156033
