frame_number static_density dynamic_density
1 0.109067 0.125451
4 0.0467956 0.0751058
7 0.0238521 0.0448647
10 0.0339893 0.0490104
13 0.0414856 0.0660193
16 0.0459437 0.0748786
19 0.0478746 0.0901269
22 0.0493796 0.144532
25 0.0500327 0.112786
28 0.0500894 0.0990715
31 0.0498623 0.0578414
34 0.0496919 0.0593179
37 0.0497203 0.0840787
40 0.0498339 0.0982196
43 0.0491808 0.108044
46 0.049408 0.131811
49 0.0486697 0.106937
52 0.0486697 0.093222
55 0.0488117 0.126899
58 0.0490388 0.0668143
61 0.0487833 0.147145
64 0.0488684 0.074765
67 0.0490956 0.0422239
70 0.0513388 0.143908
73 0.0576426 0.0309226
76 0.0659625 0.0396967
79 0.0739984 0.116961
82 0.0822898 0.0742539
85 0.0963171 0.0858392
88 0.100122 0.111679
91 0.095522 0.123719
94 0.0900701 0.125706
97 0.0917739 0.239799
100 0.0886788 0.130874
103 0.0916603 0.149842
106 0.0900417 0.138371
109 0.0898714 0.145555
112 0.0878553 0.123662
115 0.0882528 0.122299
118 0.0873442 0.130931
121 0.0892467 0.190334
124 0.0916603 0.124996
127 0.0912343 0.144419
130 0.0955788 0.120936
133 0.104722 0.100775
136 0.110742 0.127353
139 0.119743 0.134594
142 0.11821 0.141011
145 0.119516 0.211801
148 0.117614 0.17307
151 0.11077 0.156828
154 0.110856 0.214413
157 0.105006 0.138768
160 0.102507 0.133345
163 0.098532 0.105517
166 0.0964875 0.0740835
169 0.0932788 0.0969418
172 0.0917171 0.123122
175 0.0917171 0.081154
178 0.0889343 0.0817787
181 0.0879405 0.129682
184 0.0867479 0.109209
187 0.08618 0.0984184
190 0.0865207 0.0379362
193 0.0864639 0.0525882
196 0.087117 0.113496
199 0.0852429 0.0967998
202 0.0836812 0.0284238
205 0.0834256 0.0497487
208 0.0836244 0.119289
211 0.0833404 0.0956356
214 0.0819207 0.124542
217 0.0822046 0.119828
220 0.0845614 0.189284
223 0.082091 0.190533
226 0.0822046 0.147741
229 0.0817503 0.120453
232 0.0822614 0.112219
235 0.0828861 0.179203
238 0.0815799 0.0816935
241 0.0828009 0.0306386
244 0.0828861 0.0596019
247 0.0867195 0.0619303
250 0.083738 0.0337621
253 0.0829145 0.189795
256 0.0828293 0.0839367
259 0.0835392 0.0442116
262 0.0852429 0.113099
265 0.0849874 0.088764
268 0.0846466 0.043019
271 0.0856405 0.169577
274 0.0849306 0.0824886
277 0.0816651 0.0211546
280 0.0814095 0.0510833
283 0.0816935 0.0719255
286 0.082517 0.0922282
289 0.0827157 0.0742823
292 0.0825454 0.0822898
295 0.0842207 0.139506
298 0.0838515 0.152228
301 0.083312 0.150581
304 0.082375 0.205952
307 0.0818923 0.102138
310 0.0819207 0.0974245
313 0.0832269 0.0500894
316 0.0830849 0.0888491
319 0.0819775 0.0775478
322 0.0838515 0.175029
325 0.0829713 0.147372
328 0.082375 0.0922566
331 0.0822614 0.138285
334 0.0824602 0.128915
337 0.083312 0.118295
340 0.0833972 0.105489
343 0.083312 0.0536673
346 0.0850725 0.167902
349 0.0860664 0.143255
352 0.0852713 0.0429338
355 0.0854133 0.146463
358 0.0834256 0.157736
361 0.0844479 0.162961
364 0.0835676 0.0629242
367 0.0828861 0.0395548
370 0.0848738 0.151575
373 0.0831985 0.24562
376 0.0826305 0.139535
379 0.0827441 0.181958
382 0.083738 0.07857
385 0.083454 0.0847318
388 0.083454 0.102025
391 0.0827157 0.0675242
394 0.081296 0.0779453
397 0.0847034 0.154499
400 0.0845614 0.159582
403 0.0844762 0.110941
406 0.083596 0.100832
409 0.0828861 0.0886504
412 0.0839083 0.0870318
415 0.0824318 0.0761564
418 0.0810972 0.0949541
421 0.0829145 0.185535
424 0.0840219 0.16157
427 0.085896 0.0480734
430 0.0859244 0.0655933
433 0.0849022 0.12122
436 0.0830281 0.0584093
439 0.0831417 0.126331
442 0.0841355 0.111026
445 0.0894738 0.178919
448 0.0874578 0.164807
451 0.0851577 0.194963
454 0.0839367 0.145384
457 0.0852997 0.0531278
460 0.0890763 0.0546895
463 0.0926541 0.0535537
466 0.0954085 0.0501178
469 0.0983616 0.0927109
472 0.103104 0.208678
475 0.106994 0.0982196
478 0.107675 0.1474
481 0.110827 0.146123
484 0.112758 0.185024
487 0.114462 0.112701
490 0.117245 0.0950393
493 0.123037 0.141523
496 0.121873 0.171508
499 0.126246 0.209813
502 0.127154 0.153307
505 0.127268 0.105943
508 0.126274 0.180225
511 0.126501 0.081296
514 0.126899 0.150609
517 0.127382 0.186927
520 0.130022 0.271857
523 0.131187 0.186387
526 0.133316 0.107789
529 0.1336 0.165801
532 0.135389 0.151745
535 0.134935 0.198938
538 0.134111 0.118835
541 0.13431 0.120141
544 0.134651 0.211489
547 0.138087 0.176932
550 0.138797 0.126729
553 0.137377 0.233041
556 0.136525 0.103955
559 0.136326 0.185592
562 0.138513 0.251952
565 0.136525 0.229662
568 0.136184 0.101485
571 0.131556 0.175995
574 0.130704 0.158815
577 0.126927 0.116364
580 0.125422 0.135418
583 0.12335 0.129284
586 0.118522 0.104154
589 0.1152 0.0825454
592 0.114263 0.124968
595 0.110714 0.105943
598 0.11378 0.148707
601 0.112843 0.0626118
604 0.10989 0.0447227
607 0.109606 0.0364029
610 0.108754 0.0277991
613 0.107107 0.045603
616 0.108669 0.0435585
619 0.108925 0.0178039
622 0.112219 0.136127
625 0.112275 0.0824318
628 0.11202 0.0303831
631 0.112957 0.101031
634 0.112588 0.0450919
637 0.111054 0.0647131
640 0.112105 0.0477042
643 0.110657 0.097169
646 0.115569 0.162081
649 0.115484 0.0649118
652 0.115484 0.122214
655 0.115399 0.12423
658 0.115796 0.0810972
661 0.115086 0.0650254
664 0.115768 0.0504586
667 0.115143 0.0406054
670 0.114263 0.118437
673 0.11449 0.149161
676 0.113667 0.10776
679 0.113695 0.112105
682 0.113894 0.0713008
685 0.114888 0.0423943
688 0.113695 0.0272312
691 0.114547 0.0329954
694 0.114433 0.0249027
697 0.11361 0.160093
700 0.113383 0.101939
703 0.115569 0.116478
706 0.116506 0.0935344
709 0.116393 0.0995258
712 0.117699 0.093648
715 0.117954 0.12068
718 0.117841 0.0695687
721 0.127495 0.163131
724 0.128404 0.0390152
727 0.129455 0.075191
730 0.129369 0.0621007
733 0.132152 0.0335917
736 0.134481 0.0462845
739 0.144873 0.0497771
742 0.147684 0.0772354
745 0.156459 0.133742
748 0.170912 0.0956924
751 0.161314 0.0821478
754 0.165289 0.0613908
757 0.165602 0.0411733
760 0.164296 0.0568759
763 0.172474 0.0980492
766 0.167675 0.0833972
769 0.170628 0.052645
772 0.186927 0.138569
775 0.1867 0.169094
778 0.184797 0.149871
781 0.178919 0.0728625
784 0.176988 0.134935
787 0.175427 0.128148
790 0.175824 0.119403
793 0.174348 0.104836
796 0.153079 0.177102
799 0.153165 0.0785984
802 0.151773 0.0356078
805 0.150637 0.0991567
808 0.151858 0.117585
811 0.152171 0.0710736
814 0.167845 0.0901837
817 0.187381 0.121078
820 0.262089 0.147486
823 0.35568 0.131215
826 0.500951 0.0355226
829 0.573359 0.0987875
832 0.599228 0.0978505
835 0.620979 0.102564
838 0.620411 0.0642871
841 0.622398 0.0682057
844 0.623903 0.0971406
847 0.67033 0.113383
850 0.671409 0.107789
853 0.671153 0.142232
856 0.667689 0.0814663
859 0.669478 0.0826022
862 0.671863 0.101201
865 0.667263 0.0710736
868 0.66306 0.0945282
871 0.688588 0.133742
874 0.692847 0.0695971
877 0.691569 0.105432
880 0.716643 0.0559957
883 0.713888 0.095948
886 0.712866 0.06866
889 0.713888 0.0460573
892 0.699776 0.0550586
895 0.714399 0.11821
898 0.675895 0.111679
901 0.674589 0.049124
904 0.674561 0.0464548
907 0.64131 0.118096
910 0.640316 0.104097
913 0.651333 0.0557969
916 0.661868 0.0617599
919 0.660448 0.0708749
922 0.662294 0.141494
925 0.660902 0.0684045
928 0.659852 0.0532697
931 0.683079 0.0741403
934 0.683278 0.130619
937 0.680012 0.0680921
940 0.674759 0.0348695
943 0.672232 0.0787404
946 0.661953 0.103246
949 0.660051 0.0441832
952 0.652781 0.0424795
955 0.717636 0.172161
958 0.712099 0.156004
961 0.69509 0.075049
964 0.682313 0.0965443
967 0.686515 0.0892751
970 0.68129 0.0413721
973 0.664026 0.0823182
976 0.666638 0.0770651
979 0.662407 0.045745
982 0.622313 0.173865
985 0.612659 0.0874862
988 0.609422 0.0148224
991 0.629071 0.0849022
994 0.636937 0.0431894
997 0.630519 0.0562796
1000 0.627623 0.0856972
1003 0.623619 0.112588
1006 0.603515 0.155238
1009 0.604112 0.139393
1012 0.575035 0.11202
1015 0.574467 0.0573303
1018 0.578471 0.0771786
1021 0.577306 0.099611
1024 0.575915 0.0736576
1027 0.575915 0.0553426
1030 0.574268 0.0764688
1033 0.575659 0.101002
1036 0.600761 0.146151
1039 0.597183 0.0545759
1042 0.59122 0.0205583
1045 0.590056 0.0519351
1048 0.595962 0.140926
1051 0.596076 0.0352955
1054 0.598291 0.0303263
1057 0.594429 0.0786552
1060 0.591021 0.0485845
1063 0.583184 0.0940171
1066 0.581452 0.0816935
1069 0.573331 0.0403214
1072 0.581906 0.114831
1075 0.574722 0.0770367
1078 0.580032 0.072749
1081 0.581821 0.0539228
1084 0.590482 0.0534117
1087 0.61175 0.159241
1090 0.609734 0.0209842
1093 0.616464 0.0508845
1096 0.617486 0.0871454
1099 0.613794 0.0397819
1102 0.60962 0.0474203
1105 0.605531 0.0614476
1108 0.602351 0.0304966
1111 0.627254 0.141551
1114 0.616009 0.0981628
1117 0.616464 0.0256978
1120 0.605588 0.0671267
1123 0.610075 0.0617599
1126 0.607093 0.012494
1129 0.606752 0.0519067
1132 0.619672 0.0507141
1135 0.600193 0.0726922
1138 0.619474 0.110458
1141 0.626856 0.108527
1144 0.611352 0.0755601
1147 0.599654 0.0883096
1150 0.590084 0.0803305
1153 0.573899 0.0968566
1156 0.567709 0.0781441
1159 0.574978 0.099185
1162 0.588863 0.105631
1165 0.585342 0.0808132
1168 0.581253 0.0517648
1171 0.590737 0.0371412
1174 0.582418 0.0867763
1177 0.578527 0.0646279
1180 0.594429 0.0562512
1183 0.608115 0.0549167
1186 0.676009 0.128262
1189 0.671011 0.0926541
1192 0.664963 0.167959
1195 0.670074 0.0716699
1198 0.684101 0.11733
1201 0.684925 0.0555981
1204 0.690348 0.0519635
1207 0.677116 0.0990715
1210 0.668967 0.0527302
1213 0.675725 0.144504
1216 0.67067 0.0865207
1219 0.659795 0.0632365
1222 0.663827 0.104751
1225 0.662776 0.0803021
1228 0.654002 0.0632933
1231 0.658858 0.0570179
1234 0.660732 0.0666723
1237 0.598603 0.102933
1240 0.585427 0.0555981
1243 0.61422 0.0557117
1246 0.626033 0.0574155
1249 0.633245 0.045319
1252 0.615186 0.0450351
1255 0.597751 0.0572451
1258 0.586478 0.0839651
1261 0.596984 0.157935
1264 0.578811 0.0511685
1267 0.580061 0.0241077
1270 0.581481 0.081012
1273 0.567368 0.102621
1276 0.573104 0.0637192
1279 0.5645 0.0497771
1282 0.565835 0.0472783
1285 0.554335 0.0375955
1288 0.555584 0.0448647
1291 0.546242 0.0524463
1294 0.56751 0.0517648
1297 0.567425 0.0819491
1300 0.552943 0.0506574
1303 0.561632 0.0570463
1306 0.56308 0.0740267
1309 0.540279 0.0795355
1312 0.509328 0.081296
1315 0.485107 0.0783428
1318 0.454156 0.0619587
1321 0.449101 0.0523895
1324 0.427152 0.106937
1327 0.423318 0.0793083
1330 0.416674 0.0861516
1333 0.400574 0.0654513
1336 0.418974 0.139819
1339 0.406508 0.10813
1342 0.404095 0.0544055
1345 0.405827 0.0696539
1348 0.409263 0.0862368
1351 0.409291 0.0799898
1354 0.410427 0.103785
1357 0.419144 0.112588
1360 0.420791 0.124599
1363 0.401312 0.181446
1366 0.395775 0.140245
1369 0.417213 0.148167
1372 0.428259 0.154471
1375 0.410768 0.151205
1378 0.406366 0.102876
1381 0.40878 0.118096
1384 0.41054 0.102763
1387 0.409972 0.107505
1390 0.412613 0.0852145
1393 0.415424 0.129
1396 0.422978 0.100775
1399 0.432859 0.11997
1402 0.441094 0.0492376
1405 0.449101 0.12139
1408 0.465968 0.128716
1411 0.570122 0.136411
1414 0.57211 0.125309
1417 0.570548 0.153165
1420 0.578187 0.134452
1423 0.587813 0.204248
1426 0.583042 0.208848
1429 0.58415 0.25482
1432 0.586535 0.276486
1435 0.589971 0.296561
1438 0.606838 0.339296
1441 0.600875 0.268705
1444 0.610046 0.34242
1447 0.617685 0.36985
1450 0.629497 0.148593
1453 0.610643 0.34029
1456 0.629838 0.467161
1459 0.64466 0.498538
1462 0.727774 0.480961
1465 0.709061 0.518642
1468 0.709657 0.523526
1471 0.689582 0.583411
1474 0.687878 0.353721
1477 0.683817 0.376807
1480 0.691797 0.308857
1483 0.689809 0.210154
1486 0.74589 0.049266
1489 0.750802 0.448193
1492 0.757873 0.526138
1495 0.759094 0.444956
1498 0.772383 0.162677
1501 0.765113 0.212085
1504 0.751512 0.665701
1507 0.725871 0.652441
1510 0.722918 0.631172
1513 0.721583 0.591107
1516 0.699094 0.669421
1519 0.698044 0.485958
1522 0.690576 0.22969
1525 0.668342 0.441179
1528 0.663004 0.384189
1531 0.654343 0.313485
1534 0.667291 0.566175
1537 0.709089 0.590198
1540 0.736718 0.642843
1543 0.720561 0.525911
1546 0.658602 0.550444
1549 0.609677 0.536275
1552 0.533066 0.450521
1555 0.509441 0.341369
1558 0.490218 0.46736
1561 0.52185 0.479541
1564 0.547321 0.466593
1567 0.508788 0.496522
1570 0.497402 0.468211
1573 0.514382 0.537524
1576 0.523952 0.527529
1579 0.551012 0.483375
1582 0.589744 0.595905
1585 0.634239 0.51052
1588 0.670983 0.199165
1591 0.686572 0.183122
1594 0.728767 0.379447
1597 0.787205 0.458671
1600 0.753415 0.600477
1603 0.712298 0.640458
1606 0.704546 0.712724
1609 0.725218 0.703268
1612 0.782577 0.637277
1615 0.767953 0.400488
1618 0.718999 0.499901
1621 0.695403 0.646052
1624 0.693216 0.640798
1627 0.723656 0.596417
1630 0.750717 0.552035
1633 0.772184 0.581906
1636 0.770083 0.323168
1639 0.747253 0.466394
1642 0.765255 0.444672
1645 0.72749 0.460829
1648 0.661839 0.488145
1651 0.611722 0.530426
1654 0.551665 0.494789
1657 0.540904 0.530539
1660 0.551353 0.535366
1663 0.595337 0.576426
1666 0.656359 0.537553
1669 0.738223 0.444359
1672 0.770622 0.489905
1675 0.778601 0.476361
1678 0.754522 0.399353
1681 0.653491 0.156941
1684 0.622058 0.532271
1687 0.628418 0.396911
1690 0.649204 0.633245
1693 0.676917 0.104779
1696 0.680296 0.568362
1699 0.69864 0.669279
1702 0.732288 0.596076
1705 0.722236 0.56734
1708 0.717494 0.636056
1711 0.745379 0.717324
1714 0.716756 0.69103
1717 0.67439 0.645938
1720 0.636227 0.565494
1723 0.609251 0.616293
1726 0.623648 0.514751
1729 0.618281 0.465627
1732 0.601414 0.575773
1735 0.547293 0.606667
1738 0.555527 0.542863
1741 0.555101 0.417923
1744 0.566403 0.281398
1747 0.574353 0.559474
1750 0.579947 0.569384
1753 0.575915 0.445438
1756 0.535934 0.440356
1759 0.534912 0.56521
1762 0.552602 0.355169
1765 0.5783 0.562342
1768 0.553823 0.544765
1771 0.530198 0.65386
1774 0.520402 0.416674
1777 0.534401 0.646165
1780 0.528807 0.497288
1783 0.529574 0.321095
1786 0.533975 0.0630093
1789 0.497799 0.461879
1792 0.456882 0.413352
1795 0.414913 0.311185
1798 0.448817 0.432007
1801 0.447483 0.236874
1804 0.446347 0.163387
1807 0.462589 0.204418
1810 0.480279 0.317716
1813 0.504983 0.520005
1816 0.525882 0.374194
1819 0.568447 0.438709
1822 0.549223 0.400119
1825 0.535026 0.388477
1828 0.52699 0.434534
1831 0.452168 0.503592
1834 0.389698 0.448817
1837 0.399409 0.449357
1840 0.405685 0.36542
1843 0.442542 0.315331
1846 0.493143 0.498964
1849 0.528182 0.67067
1852 0.53565 0.586961
1855 0.471136 0.567709
1858 0.335491 0.316381
1861 0.214896 0.270438
1864 0.127013 0.131897
1867 0.097311 0.123861
1870 0.0943294 0.143311
1873 0.0925121 0.12795
1876 0.0888207 0.157481
1879 0.0954653 0.132209
1882 0.122157 0.142261
1885 0.173439 0.102621
1888 0.247579 0.218474
1891 0.356532 0.293211
1894 0.388165 0.363376
1897 0.369282 0.349235
1900 0.303007 0.382855
1903 0.36329 0.47213
1906 0.531618 0.489849
1909 0.579294 0.523071
1912 0.537922 0.571883
1915 0.500071 0.529517
1918 0.480194 0.367919
1921 0.464293 0.662663
1924 0.434165 0.467899
1927 0.436636 0.462674
1930 0.381463 0.471051
1933 0.33552 0.508192
1936 0.380867 0.337706
1939 0.442059 0.375472
1942 0.506943 0.361871
1945 0.547491 0.586137
1948 0.60397 0.596388
1951 0.592129 0.592157
1954 0.59264 0.180424
1957 0.550643 0.294403
1960 0.591703 0.520629
1963 0.534259 0.426669
1966 0.449925 0.284891
1969 0.294858 0.159667
1972 0.119516 0.0536957
1975 0.0345572 0.0750206
1978 0.0296732 0.062555
1981 0.0278843 0.0433029
1984 0.0238521 0.0762132
1987 0.0205866 0.0626402
1990 0.0163273 0.0433029
1993 0.0153335 0.0533549
1996 0.0137434 0.0207286
1999 0.0121816 0.0319448
2002 0.0101372 0.0483857
2005 0.00582105 0.0530994
2008 0.00525315 0.0186558
2011 0.00749638 0.0740267
2014 0.00667291 0.0600562
2017 0.00775194 0.0202743
2020 0.00829145 0.0194508
2023 0.0115285 0.031746
2026 0.12829 0.0937047
2029 0.322316 0.23784
2032 0.322004 0.317801
2035 0.267172 0.275833
2038 0.314876 0.337025
2041 0.378255 0.315586
2044 0.378056 0.311526
2047 0.346225 0.313144
2050 0.410058 0.312122
2053 0.411222 0.397592
2056 0.359372 0.218588
2059 0.346679 0.187807
2062 0.292813 0.326973
2065 0.234205 0.365818
2068 0.263055 0.281057
2071 0.341909 0.351222
2074 0.318568 0.204645
2077 0.205015 0.0920578
2080 0.0957776 0.0643439
2083 0.0653378 0.0937615
2086 0.0658205 0.12423
2089 0.0604538 0.0991283
2092 0.0578414 0.0599142
2095 0.0533265 0.0885652
2098 0.0578982 0.0474771
2101 0.0498907 0.112077
2104 0.0486129 0.0722662
2107 0.0393844 0.0659341
2110 0.0380782 0.0684329
2113 0.0381066 0.0630945
2116 0.0359769 0.0838515
2119 0.0347843 0.0886504
2122 0.0336769 0.0618735
2125 0.0307522 0.0626686
2128 0.0345288 0.0601698
2131 0.067581 0.0511969
2134 0.133515 0.0985604
2137 0.174291 0.160491
2140 0.208933 0.125564
2143 0.253145 0.239884
2146 0.265838 0.225488
2149 0.281938 0.192407
2152 0.3065 0.254337
2155 0.369594 0.20615
2158 0.410824 0.184286
2161 0.461538 0.331232
2164 0.510946 0.207911
2167 0.54593 0.247892
2170 0.561206 0.0951245
2173 0.576511 0.185905
2176 0.583298 0.222847
2179 0.555215 0.218417
2182 0.497373 0.201778
2185 0.441378 0.125536
2188 0.405514 0.146208
2191 0.333788 0.245081
2194 0.257887 0.203992
2197 0.17696 0.046398
2200 0.12193 0.0555698
2203 0.114263 0.185763
2206 0.0856405 0.175199
2209 0.0588352 0.127552
2212 0.0222336 0.120453
2215 0.00826306 0.0627822
2218 0.0112446 0.068944
2221 0.0067581 0.0359202
2224 0.00934208 0.0537241
2227 0.00763836 0.0774626
2230 0.0126359 0.0616464
2233 0.0120396 0.0725786
2236 0.00911492 0.0397535
2239 0.010052 0.0609933
2242 0.0115001 0.0760144
2245 0.010847 0.0592612
2248 0.0122952 0.0572167
2251 0.0193089 0.0662464
2254 0.0229719 0.0804725
2257 0.0164977 0.0698242
2260 0.0248744 0.103785
2263 0.0350967 0.153051
2266 0.0383906 0.124684
2269 0.041514 0.125167
2272 0.043161 0.127524
2275 0.0496919 0.0898714
2278 0.0508561 0.110231
2281 0.054292 0.112758
2284 0.0543771 0.155607
2287 0.0525882 0.109521
2290 0.041798 0.115342
2293 0.0274015 0.104041
2296 0.0148792 0.0881676
2299 0.012068 0.0638044
2302 0.0523611 0.0854133
2305 0.165886 0.179118
2308 0.254735 0.199222
2311 0.238748 0.252634
2314 0.205128 0.306045
2317 0.176335 0.304768
2320 0.129653 0.256297
2323 0.131385 0.262487
2326 0.154868 0.218446
2329 0.126189 0.16651
2332 0.112928 0.154499
2335 0.0676946 0.154244
2338 0.0475623 0.161144
2341 0.0634921 0.145526
2344 0.0682625 0.200812
2347 0.0668143 0.164722
2350 0.0574155 0.104751
2353 0.0549451 0.122498
2356 0.0292756 0.108612
2359 0.00905813 0.04654
2362 0.000823466 0.0604822
2365 0.000681489 0.0782293
2368 0.00073828 0.0850158
2371 0.000766675 0.0938751
2374 0.000681489 0.065281
2377 0.012068 0.0383622
2380 0.0298435 0.109947
2383 0.0379362 0.135616
2386 0.0472499 0.172019
2389 0.0429622 0.116819
2392 0.0238805 0.0868331
2395 0.00445807 0.0349547
2398 0.000880257 0.0921146
2401 0.000880257 0.0825454
2404 0.000681489 0.0809268
2407 0.00990999 0.0289917
2410 0.159383 0.0805293
2413 0.149502 0.200187
2416 0.192521 0.175029
2419 0.251299 0.282534
2422 0.233808 0.276486
2425 0.148337 0.192407
2428 0.0605957 0.0862652
2431 0.000482721 0.0134026
2434 0.00036914 0.0696823
2437 0.00161854 0.124315
2440 0.0012494 0.071386
2443 0.000653094 0.109493
2446 0.000653094 0.0289917
2449 0.000709884 0.0328535
2452 0.000454326 0.0519635
2455 0.000454326 0.0619019
2458 0.0652242 0.0434449
2461 0.176477 0.0589204
2464 0.181276 0.129398
2467 0.141892 0.150126
2470 0.119743 0.190334
2473 0.10813 0.223472
2476 0.0668143 0.161996
2479 0.00647415 0.0571031
2482 0.000539512 0.0511969
2485 0.000567908 0.0485561
2488 0.000851861 0.109237
2491 0.000397535 0.0829429
2494 0.000340745 0.0852997
2497 0.000283954 0.0717551
2500 0.000227163 0.0952949
2503 0.0135446 0.0290201
2506 0.0448931 0.102025
2509 0.0556833 0.128148
2512 0.0586649 0.153221
2515 0.0567056 0.126587
2518 0.0269756 0.0913195
2521 0.012352 0.0569327
2524 0.000511117 0.0159866
2527 0.000511117 0.0577278
2530 0.000681489 0.0283386
2533 0.000709884 0.0670983
2536 0.00127779 0.0998665
2539 0.000851861 0.0937047
2542 0.0337905 0.0483857
2545 0.133458 0.145271
2548 0.211773 0.309964
2551 0.261039 0.417015
2554 0.323934 0.411847
2557 0.294261 0.369509
2560 0.244711 0.241162
2563 0.149615 0.183008
2566 0.0622143 0.130164
2569 0.00760996 0.044098
2572 0.000766675 0.0438141
2575 0.000482721 0.0547179
2578 0.000454326 0.029588
2581 0.000511117 0.0617316
2584 0.000596303 0.0489536
2587 0.00159014 0.110657
2590 0.00113582 0.0809268
2593 0.000908652 0.0792231
2596 0.000937047 0.0641168
2599 0.000653094 0.128319
2602 0.000653094 0.0881393
2605 0.000624698 0.0443536
2608 0.000539512 0.0129483
2611 0.000965443 0.0986455
2614 0.000823466 0.106965
2617 0.00107902 0.0604822
2620 0.000965443 0.0170372
2623 0.000823466 0.0524463
2626 0.000681489 0.0178891
2629 0.000539512 0.0563648
2632 0.000624698 0.070307
2635 0.000425931 0.066076
2638 0.00073828 0.0834824
2641 0.000511117 0.057955
2644 0.000539512 0.0106199
2647 0.000454326 0.0625266
2650 0.000454326 0.0581821
2653 0.00036914 0.11804
2656 0.0305818 0.037851
2659 0.127098 0.114547
2662 0.18775 0.157736
2665 0.18068 0.177074
2668 0.162081 0.257404
2671 0.136752 0.204134
2674 0.226482 0.306556
2677 0.269501 0.350626
2680 0.249397 0.388846
2683 0.297839 0.325354
2686 0.319192 0.456087
2689 0.341568 0.364739
2692 0.388676 0.327967
2695 0.35764 0.340659
2698 0.286367 0.371326
2701 0.178351 0.297129
2704 0.0664452 0.147542
2707 0.000709884 0.023057
2710 0.000681489 0.089985
2713 0.00136298 0.102536
2716 0.00147656 0.0974813
2719 0.00156175 0.0843059
2722 0.002442 0.064997
2725 0.00519635 0.0532697
2728 0.00880257 0.0452054
2731 0.0181163 0.045177
2734 0.0275435 0.0638612
2737 0.0371979 0.109379
2740 0.0350967 0.0872022
2743 0.0408893 0.107278
2746 0.0414005 0.121305
2749 0.0401795 0.138797
2752 0.0373967 0.130392
2755 0.0328251 0.120254
2758 0.0368856 0.123491
2761 0.0352671 0.193145
2764 0.0337905 0.125224
2767 0.0360621 0.128546
2770 0.0377375 0.127893
2773 0.0391856 0.140472
2776 0.0356362 0.131158
2779 0.0362893 0.125508
2782 0.0408042 0.132976
2785 0.0550302 0.163046
2788 0.0542352 0.236051
2791 0.0575574 0.20757
2794 0.0570463 0.236761
2797 0.0577562 0.209104
2800 0.0591476 0.212568
2803 0.0553994 0.219212
2806 0.058892 0.217054
2809 0.0622711 0.209018
2812 0.0609365 0.201749
2815 0.059034 0.12883
2818 0.0571599 0.111764
2821 0.0577846 0.103018
2824 0.0573871 0.089701
2827 0.0569327 0.0856972
2830 0.0538376 0.0539796
2833 0.0532129 0.0837948
2836 0.0497203 0.106625
2839 0.046682 0.0826305
2842 0.0520203 0.0703921
2845 0.0516228 0.0605673
2848 0.0504302 0.0920578
2851 0.0510265 0.0809552
2854 0.0507141 0.0780021
2857 0.0505154 0.0775194
2860 0.0529858 0.0854417
2863 0.0506006 0.16421
2866 0.0502314 0.0751058
2869 0.0494647 0.0652242
2872 0.047619 0.0526166
2875 0.0490104 0.035835
2878 0.043956 0.0272596
2881 0.0437289 0.0414005
2884 0.0484425 0.0420536
2887 0.0461709 0.0702502
2890 0.052645 0.0486981
2893 0.0440412 0.0290201
2896 0.0422523 0.0199619
2899 0.045603 0.0184002
2902 0.0427634 0.0322288
2905 0.0412017 0.0212681
2908 0.0429338 0.048187
2911 0.0425363 0.0925121
2914 0.0441548 0.042877
2917 0.0431894 0.0813811
2920 0.0436721 0.0273447
2923 0.0454894 0.0221484
2926 0.0441548 0.0220632
2929 0.0419684 0.0189397
2932 0.0452906 0.0144532
2935 0.0459153 0.0395832
2938 0.0431326 0.0815799
2941 0.0425363 0.095664
2944 0.0437857 0.113184
2947 0.0427634 0.0363177
2950 0.0433881 0.031888
2953 0.0451486 0.0318596
2956 0.0433029 0.0164977
2959 0.046398 0.0205866
2962 0.0476474 0.0737428
2965 0.048187 0.0574438
2968 0.0477894 0.101769
2971 0.0490104 0.049124
2974 0.0482721 0.0203595
2977 0.0474771 0.0689156
2980 0.047619 0.10157
2983 0.0474203 0.0559673
2986 0.0549167 0.10583
2989 0.0522759 0.182014
2992 0.0565068 0.0487833
2995 0.0547747 0.0988159
2998 0.0561377 0.0625834
3001 0.0597439 0.0516228
3004 0.0662464 0.0620723
3007 0.0772922 0.0456314
3010 0.092001 0.064997
3013 0.105972 0.0867479
3016 0.1221 0.108953
3019 0.134282 0.10776
3022 0.143311 0.163813
3025 0.152426 0.153079
3028 0.159468 0.152171
3031 0.166709 0.0907232
3034 0.18474 0.146407
3037 0.275691 0.156657
3040 0.278757 0.0515376
3043 0.221228 0.125337
3046 0.209927 0.0440696
3049 0.211489 0.030809
3052 0.208507 0.0451486
3055 0.215464 0.0509981
3058 0.212085 0.0882528
3061 0.204986 0.200159
3064 0.207087 0.117245
3067 0.207826 0.0267768
3070 0.201238 0.10086
3073 0.201891 0.072749
3076 0.21041 0.0612772
3079 0.215833 0.0323991
3082 0.213732 0.0271176
3085 0.211091 0.0619303
3088 0.270608 0.161626
3091 0.247324 0.102876
3094 0.233183 0.0426215
3097 0.228469 0.0543488
3100 0.228696 0.0543204
3103 0.236306 0.0893886
3106 0.241616 0.0737428
3109 0.231479 0.137036
3112 0.229293 0.117131
3115 0.230712 0.0973961
3118 0.224863 0.0826873
3121 0.24014 0.0559105
3124 0.233495 0.0831985
3127 0.232473 0.0951529
3130 0.233183 0.129114
3133 0.233126 0.0565352
3136 0.235142 0.0541784
3139 0.231309 0.0317176
3142 0.245876 0.0423659
3145 0.239913 0.0823182
3148 0.239913 0.0542636
3151 0.235994 0.134594
3154 0.236136 0.00914331
3157 0.23801 0.0937331
3160 0.237868 0.0702786
3163 0.252293 0.0917455
3166 0.252236 0.124145
3169 0.240196 0.100889
3172 0.242582 0.107959
3175 0.237726 0.0697674
3178 0.244683 0.0596303
3181 0.247381 0.0704773
3184 0.247608 0.0584377
3187 0.267428 0.087117
3190 0.255047 0.151461
3193 0.253911 0.166227
3196 0.245393 0.0158162
3199 0.2419 0.0661044
3202 0.239288 0.0706477
3205 0.239401 0.0770367
3208 0.23094 0.129341
3211 0.224323 0.192833
3214 0.239089 0.138768
3217 0.24014 0.173269
3220 0.234375 0.0405202
3223 0.225175 0.0155323
3226 0.225346 0.0566772
3229 0.223954 0.0334498
3232 0.211262 0.0707897
3235 0.206236 0.0506857
3238 0.207797 0.0800466
3241 0.205611 0.0388165
3244 0.200471 0.0337337
3247 0.196468 0.0310929
3250 0.195133 0.0425363
3253 0.192521 0.0964591
3256 0.189795 0.0331658
3259 0.192322 0.0418832
3262 0.191924 0.0484709
3265 0.199648 0.0213817
3268 0.189142 0.0283386
3271 0.192265 0.0295028
3274 0.192549 0.0243348
3277 0.205866 0.0373115
3280 0.204787 0.121447
3283 0.20155 0.0523327
3286 0.249681 0.20192
3289 0.239799 0.0296732
3292 0.239401 0.0600846
3295 0.24951 0.0297868
3298 0.239742 0.101883
3301 0.233666 0.0598291
3304 0.234177 0.0838232
3307 0.234404 0.135247
3310 0.238606 0.188148
3313 0.238748 0.201522
3316 0.241645 0.181532
3319 0.240708 0.162109
3322 0.238379 0.158588
3325 0.241588 0.171536
3328 0.236164 0.153733
3331 0.219127 0.128603
3334 0.218076 0.125678
3337 0.192833 0.187409
3340 0.184627 0.16617
3343 0.17838 0.163501
3346 0.173553 0.122384
3349 0.166823 0.100633
3352 0.167959 0.0952665
3355 0.166056 0.111196
3358 0.167533 0.104864
3361 0.169378 0.130988
3364 0.167561 0.0649118
3367 0.164693 0.0773774
3370 0.158418 0.0357498
3373 0.156004 0.0365165
3376 0.155209 0.0316892
3379 0.156175 0.015731
3382 0.15731 0.0141977
3385 0.158844 0.0304114
3388 0.184769 0.105517
3391 0.185223 0.0820342
3394 0.182639 0.045461
3397 0.181872 0.0539796
3400 0.181276 0.0507993
3403 0.181929 0.0287077
3406 0.183576 0.063776
3409 0.18386 0.059176
3412 0.158673 0.101428
3415 0.162989 0.0650822
3418 0.160831 0.0624982
3421 0.160973 0.0543488
3424 0.162904 0.0786268
3427 0.162847 0.0880257
3430 0.163643 0.0451203
3433 0.182014 0.0322571
3436 0.360025 0.167703
3439 0.36366 0.0741119
3442 0.367919 0.0799898
3445 0.410029 0.0948122
3448 0.444416 0.0468524
3451 0.453531 0.0492944
3454 0.462419 0.0722662
3457 0.472726 0.0826022
3460 0.476872 0.110515
3463 0.415566 0.0852429
3466 0.417781 0.129256
3469 0.420678 0.108868
3472 0.419826 0.0720391
3475 0.428259 0.0675526
3478 0.439333 0.055513
3481 0.449101 0.109521
3484 0.455831 0.0460573
3487 0.440639 0.125763
3490 0.464378 0.0393276
3493 0.47656 0.035409
3496 0.506857 0.0777465
3499 0.513985 0.0452338
3502 0.515972 0.106
3505 0.519266 0.0433313
3508 0.521112 0.0191953
3511 0.557628 0.125621
3514 0.56805 0.0327399
3517 0.560354 0.0611352
3520 0.555698 0.0818923
3523 0.56132 0.060397
3526 0.561632 0.0536105
3529 0.559389 0.0479314
3532 0.560241 0.045603
3535 0.560298 0.0671267
3538 0.493114 0.144476
3541 0.501973 0.141295
3544 0.510464 0.0335065
3547 0.506772 0.0862084
3550 0.507738 0.0728625
3553 0.503706 0.0261521
3556 0.521226 0.103018
3559 0.5139 0.0611636
3562 0.434421 0.131897
3565 0.430758 0.0678933
3568 0.432348 0.0608513
3571 0.446773 0.0984752
3574 0.445495 0.0460005
3577 0.465201 0.0561093
3580 0.469404 0.0750206
3583 0.477241 0.0455746
3586 0.448846 0.0766107
3589 0.447454 0.0567908
3592 0.474913 0.0632933
3595 0.447312 0.0955788
3598 0.443195 0.0837948
3601 0.451856 0.050345
3604 0.451998 0.0274015
3607 0.449754 0.0934208
3610 0.44683 0.0270892
3613 0.454496 0.0411733
3616 0.459863 0.0602266
3619 0.471761 0.0599994
3622 0.39285 0.104552
3625 0.409319 0.0828861
3628 0.410995 0.0915467
3631 0.403101 0.109038
3634 0.398813 0.110572
3637 0.401993 0.11838
3640 0.42099 0.118182
3643 0.433569 0.127779
3646 0.42417 0.141636
3649 0.455859 0.117642
3652 0.458301 0.116506
3655 0.476787 0.128347
3658 0.499446 0.110004
3661 0.508419 0.102649
3664 0.525087 0.079649
3667 0.541017 0.100662
3670 0.516569 0.109322
3673 0.538263 0.0866059
3676 0.556919 0.0840787
3679 0.562796 0.048982
3682 0.55777 0.0368288
3685 0.551751 0.0350683
3688 0.542976 0.0201891
3691 0.539399 0.0120112
3694 0.536332 0.0277991
3697 0.466422 0.0595167
3700 0.457478 0.0373399
3703 0.449612 0.0393276
3706 0.442173 0.0481018
3709 0.439447 0.0398103
3712 0.440185 0.0362041
3715 0.444246 0.0448363
3718 0.443223 0.0295596
3721 0.38135 0.144674
3724 0.375018 0.0760144
3727 0.366244 0.0577562
3730 0.365221 0.0678082
3733 0.360905 0.0253855
3736 0.357185 0.0588068
3739 0.377119 0.0819207
3742 0.375756 0.0853281
3745 0.329074 0.137434
3748 0.335605 0.0482154
3751 0.336684 0.0273164
3754 0.328733 0.0155891
3757 0.327796 0.0426499
3760 0.322997 0.0232558
3763 0.310844 0.0412017
3766 0.301701 0.0453758
3769 0.3019 0.0598859
3772 0.319448 0.0887072
3775 0.329074 0.0446375
3778 0.334895 0.0365165
3781 0.326036 0.109833
3784 0.301019 0.055229
3787 0.302752 0.0565636
3790 0.301417 0.0264361
3793 0.298975 0.0182298
3796 0.250873 0.131698
3799 0.249283 0.0999801
3802 0.244172 0.07627
3805 0.243661 0.0376239
3808 0.242298 0.0893886
3811 0.439589 0.0641735
3814 0.5599 0.0922282
3817 0.702729 0.0792799
3820 0.899793 0.130534
3823 0.90462 0.0784848
3826 0.906267 0.0884232
3829 0.913763 0.05415
3832 0.915268 0.0903825
3835 0.916347 0.0942159
3838 0.917199 0.0682057
3841 0.918562 0.0594599
3844 0.919868 0.0462277
3847 0.923219 0.157339
3850 0.923276 0.0950961
3853 0.923049 0.0655649
3856 0.922935 0.0644859
3859 0.92302 0.073402
3862 0.921657 0.0483857
3865 0.923134 0.0240225
3868 0.922424 0.0332794
3871 0.918874 0.0892467
3874 0.919613 0.0324275
3877 0.922168 0.0878553
3880 0.921629 0.0571599
3883 0.920521 0.0976517
3886 0.920749 0.0507709
3889 0.921913 0.039356
3892 0.922339 0.0686032
3895 0.924412 0.128688
3898 0.922055 0.0356078
3901 0.920493 0.0588636
3904 0.919272 0.0699094
3907 0.91913 0.0607093
3910 0.919726 0.0509413
3913 0.923446 0.0425363
3916 0.920379 0.0458585
3919 0.904563 0.0616748
3922 0.90445 0.0254707
3925 0.905415 0.0406906
3928 0.90533 0.109521
3931 0.904592 0.0304114
3934 0.897521 0.0379078
3937 0.910782 0.0635489
3940 0.914757 0.0307806
3943 0.917313 0.0544339
3946 0.922907 0.05415
3949 0.921998 0.0984752
3952 0.9216 0.046966
3955 0.921828 0.0823466
3958 0.920805 0.048982
3961 0.919897 0.040293
3964 0.915751 0.0413721
3967 0.917824 0.0588636
3970 0.923929 0.110912
3973 0.923588 0.0365732
3976 0.923645 0.0709033
3979 0.92373 0.0400943
3982 0.919584 0.05645
3985 0.908226 0.0570179
3988 0.902121 0.0739984
3991 0.919386 0.0623562
3994 0.921884 0.0348411
3997 0.925263 0.0179743
4000 0.924752 0.0499759
4003 0.914927 0.0458301
4006 0.912372 0.046966
4009 0.91223 0.0293608
4012 0.912883 0.012068
4015 0.915041 0.0345856
4018 0.922253 0.0655081
4021 0.9239 0.0759008
4024 0.925831 0.0374535
4027 0.925405 0.059176
4030 0.925121 0.0589772
4033 0.925121 0.0465684
4036 0.925292 0.0550586
4039 0.925462 0.0674106
4042 0.914047 0.0737996
4045 0.865094 0.129171
4048 0.849618 0.0817787
4051 0.860664 0.0971122
4054 0.872959 0.0917171
4057 0.858705 0.111622
4060 0.847886 0.0692279
4063 0.881336 0.0503166
4066 0.901042 0.0753613
4069 0.905557 0.056734
4072 0.926257 0.0931652
4075 0.926314 0.0207286
4078 0.926513 0.0352955
4081 0.925888 0.0967147
4084 0.925349 0.0169804
4087 0.924951 0.0604538
4090 0.92427 0.0435301
4093 0.921828 0.0546895
4096 0.921174 0.0455178
4099 0.918023 0.0433313
4102 0.91382 0.109606
4105 0.901724 0.0940455
4108 0.90144 0.0735156
4111 0.91081 0.0818071
4114 0.909192 0.060255
4117 0.910214 0.0248176
4120 0.918704 0.0741403
4123 0.921884 0.069881
4126 0.923219 0.0302979
4129 0.924014 0.0507425
4132 0.925689 0.0572451
4135 0.926428 0.11591
4138 0.927365 0.10583
4141 0.926626 0.174262
4144 0.927421 0.161456
4147 0.926456 0.151915
4150 0.925774 0.131811
4153 0.921771 0.166028
4156 0.914445 0.15166
4159 0.894852 0.21961
4162 0.8802 0.27004
4165 0.876792 0.268422
4168 0.863929 0.253826
4171 0.927194 0.241701
4174 0.857995 0.246074
4177 0.867706 0.197234
4180 0.865378 0.235284
4183 0.879064 0.285004
4186 0.878723 0.230145
4189 0.870091 0.252265
4192 0.862737 0.255019
4195 0.858818 0.20422
4198 0.842349 0.308686
4201 0.827924 0.377772
4204 0.793168 0.434023
4207 0.773206 0.512821
4210 0.734248 0.661981
4213 0.696425 0.599455
4216 0.692024 0.712667
4219 0.713036 0.689497
4222 0.715478 0.557089
4225 0.746486 0.696453
4228 0.78658 0.525087
4231 0.835562 0.506886
4234 0.870915 0.531505
4237 0.891785 0.367124
4240 0.89187 0.181901
4243 0.858847 0.500894
4246 0.842661 0.494335
4249 0.760627 0.571627
4252 0.674561 0.58662
4255 0.614873 0.37462
4258 0.593719 0.437999
4261 0.631229 0.304484
4264 0.672033 0.43408
4267 0.732686 0.550132
4270 0.813613 0.418775
4273 0.83349 0.435131
4276 0.832638 0.395519
4279 0.836783 0.268081
4282 0.842491 0.4585
4285 0.847858 0.557742
4288 0.864952 0.511912
4291 0.870403 0.371184
4294 0.8526 0.230059
4297 0.82463 0.137718
4300 0.806287 0.365903
4303 0.782605 0.442712
4306 0.71545 0.649204
4309 0.663515 0.65352
4312 0.623562 0.652526
4315 0.607718 0.421473
4318 0.615981 0.579919
4321 0.624216 0.510861
4324 0.583184 0.611778
4327 0.53247 0.398785
4330 0.499787 0.0368288
4333 0.494676 0.663657
4336 0.527103 0.536729
4339 0.543459 0.485533
4342 0.58361 0.610188
4345 0.587529 0.715564
4348 0.580515 0.745691
4351 0.54397 0.683959
4354 0.527558 0.678252
4357 0.533237 0.699378
4360 0.540733 0.718062
4363 0.551751 0.690973
4366 0.55513 0.523355
4369 0.540847 0.67899
4372 0.563109 0.678706
4375 0.602663 0.657467
4378 0.639379 0.62183
4381 0.688503 0.398359
4384 0.70395 0.220547
4387 0.706988 0.422807
4390 0.717381 0.409263
4393 0.720334 0.227106
4396 0.736207 0.375926
4399 0.728881 0.274583
4402 0.740864 0.491126
4405 0.735639 0.411279
4408 0.696936 0.450493
4411 0.67422 0.383934
4414 0.666383 0.595196
4417 0.749439 0.576369
4420 0.773746 0.511259
4423 0.747821 0.473266
4426 0.717125 0.46134
4429 0.61848 0.28012
4432 0.505182 0.0336201
4435 0.4815 0.0775478
4438 0.51495 0.209189
4441 0.571911 0.453077
4444 0.64236 0.632308
4447 0.677712 0.597836
4450 0.633927 0.661953
4453 0.610103 0.626942
4456 0.623676 0.606326
4459 0.592129 0.669194
4462 0.61104 0.680154
4465 0.601556 0.551268
4468 0.584121 0.528921
4471 0.598347 0.588778
4474 0.644632 0.637192
4477 0.632961 0.545504
4480 0.543516 0.625039
4483 0.46929 0.414998
4486 0.403044 0.456115
4489 0.418434 0.46753
4492 0.493228 0.330068
4495 0.464463 0.374592
4498 0.426612 0.266945
4501 0.426527 0.426612
4504 0.472641 0.355141
4507 0.424085 0.547236
4510 0.456257 0.324815
4513 0.503564 0.337451
4516 0.548655 0.393361
4519 0.569157 0.323594
4522 0.597978 0.301076
4525 0.686685 0.475481
4528 0.743987 0.298265
4531 0.817077 0.322855
4534 0.854672 0.286964
4537 0.876707 0.305307
4540 0.891473 0.272823
4543 0.923191 0.288582
4546 0.90922 0.150921
4549 0.917568 0.21643
4552 0.830593 0.18775
4555 0.728483 0.393503
4558 0.528864 0.39356
4561 0.431496 0.487634
4564 0.451941 0.460289
4567 0.506062 0.507624
4570 0.60945 0.54451
4573 0.617656 0.573672
4576 0.588182 0.531561
4579 0.549167 0.660164
4582 0.49584 0.603487
4585 0.517619 0.597638
4588 0.585598 0.50717
4591 0.644802 0.576171
4594 0.675952 0.506432
4597 0.654315 0.406991
4600 0.620524 0.240821
4603 0.569185 0.295567
4606 0.551637 0.468098
4609 0.550217 0.562512
4612 0.600534 0.483403
4615 0.620183 0.636738
4618 0.615101 0.61175
4621 0.614817 0.542153
4624 0.473862 0.430531
4627 0.392992 0.427805
4630 0.324446 0.420138
4633 0.312747 0.408723
4636 0.30755 0.399977
4639 0.306386 0.39586
4642 0.282193 0.359514
4645 0.338189 0.421501
4648 0.419939 0.243519
4651 0.522787 0.418832
4654 0.54999 0.447199
4657 0.55371 0.461169
4660 0.560979 0.498168
4663 0.602209 0.521509
4666 0.64324 0.341256
4669 0.635318 0.476332
4672 0.618224 0.503109
4675 0.610529 0.595252
4678 0.573927 0.546355
4681 0.405628 0.364228
4684 0.236278 0.216486
4687 0.196581 0.238351
4690 0.227135 0.234915
4693 0.241929 0.239004
4696 0.229122 0.276145
4699 0.252293 0.187807
4702 0.2927 0.404095
4705 0.338274 0.517108
4708 0.350001 0.529659
4711 0.293693 0.509981
4714 0.262288 0.424653
4717 0.205497 0.314337
4720 0.243348 0.318767
4723 0.268876 0.40029
4726 0.330806 0.411108
4729 0.419428 0.517619
4732 0.478689 0.542664
4735 0.548684 0.458301
4738 0.578897 0.410171
4741 0.534628 0.367493
4744 0.474174 0.256211
4747 0.496465 0.221285
4750 0.55158 0.372973
4753 0.575574 0.480421
4756 0.555186 0.340915
4759 0.532697 0.643723
4762 0.490189 0.659738
4765 0.485533 0.564756
4768 0.484709 0.476389
4771 0.466792 0.38913
4774 0.471164 0.421047
4777 0.463356 0.447426
4780 0.445154 0.523327
4783 0.398103 0.464208
4786 0.324985 0.400659
4789 0.220462 0.266604
4792 0.115967 0.168413
4795 0.0474203 0.0641452
4798 0.000709884 0.0809836
4801 0.000596303 0.0926541
4804 0.000567908 0.119204
4807 0.000425931 0.102649
4810 0.000113582 0.0956924
4813 8.51861e-05 0.0615612
4816 8.51861e-05 0.0904109
4819 8.51861e-05 0.0705625
4822 0.000255558 0.0789108
4825 0.000141977 0.0341596
4828 0.000141977 0.091064
4831 0 0.0983616
4834 0.000283954 0.105631
4837 0.000283954 0.062413
4840 0.000283954 0.0680069
4843 0.000227163 0.0694267
4846 0.000170372 0.047903
4849 0.000170372 0.0414856
4852 0.000170372 0.0134878
4855 0.000170372 0.0593463
4858 0.00036914 0.128063
4861 0.000198768 0.062697
4864 2.83954e-05 0.0615328
4867 0.000312349 0.0822614
4870 0.00127779 0.0488684
4873 0 0.0212113
4876 0 0.0227447
4879 0 0.0559105
4882 0.000227163 0.0982764
4885 0.00110742 0.068802
4888 0.000709884 0.133771
4891 0.000425931 0.09078
4894 0.000851861 0.0841639
4897 0.000425931 0.00749638
4900 8.51861e-05 0.0286509
4903 8.51861e-05 0.0376807
4906 8.51861e-05 0.0761564
4909 0.00036914 0.0906096
4912 0.000312349 0.0755885
4915 0.000170372 0.0725218
4918 0.000170372 0.0425363
4921 0.000170372 0.0618167
4924 0.000255558 0.0779169
4927 0.000312349 0.0682057
4930 0.000312349 0.0590624
4933 0.000312349 0.040435
4936 0.000567908 0.057813
4939 0.000340745 0.0987023
4942 0.0155323 0.0311213
4945 0.11148 0.0955788
4948 0.166227 0.144618
4951 0.159213 0.191754
4954 0.135162 0.208167
4957 0.178777 0.167391
4960 0.276798 0.329954
4963 0.285714 0.334327
4966 0.266576 0.298435
4969 0.239969 0.283244
4972 0.219099 0.267768
4975 0.136326 0.182242
4978 0.0653094 0.0960616
4981 0.00159014 0.0359769
4984 0.000624698 0.087259
4987 0.00036914 0.0755317
4990 0.000227163 0.0710168
4993 0.000170372 0.0967147
4996 0.073402 0.0771502
4999 0.141437 0.172729
5002 0.133146 0.178295
5005 0.191697 0.254934
5008 0.272908 0.247125
5011 0.301417 0.297839
5014 0.256921 0.249879
5017 0.212341 0.15396
5020 0.169464 0.244143
5023 0.117756 0.167391
5026 0.05875 0.114462
5029 0.00073828 0.0291337
5032 2.83954e-05 0.045461
5035 0.00036914 0.121873
5038 0.000227163 0.0618735
5041 0.000170372 0.0925973
5044 0.000113582 0.0923702
5047 0.00548031 0.0152199
5050 0.039498 0.0470795
5053 0.0613624 0.101996
5056 0.0566204 0.160036
5059 0.0567056 0.17148
5062 0.0343868 0.0875997
5065 0.0154471 0.031746
5068 0.000681489 0.0173496
5071 0.00340745 0.0250163
5074 0.0849874 0.066502
5077 0.1775 0.112219
5080 0.207854 0.131584
5083 0.212397 0.15396
5086 0.208678 0.165488
5089 0.219439 0.19962
5092 0.182781 0.255303
5095 0.276656 0.259818
5098 0.366698 0.259676
5101 0.354545 0.20368
5104 0.234375 0.291081
5107 0.144504 0.148849
5110 0.180765 0.116393
5113 0.249737 0.177301
5116 0.306755 0.221115
5119 0.318823 0.170969
5122 0.193231 0.077349
5125 0.0569327 0.121191
5128 0.000681489 0.105943
5131 0.000283954 0.106454
5134 0.000454326 0.0904393
5137 0.000511117 0.124258
5140 0.000255558 0.0738564
5143 0.000255558 0.113496
5146 0.000255558 0.0732601
5149 0.000255558 0.0691995
5152 0.000255558 0.0378226
5155 0.000227163 0.110231
5158 0.000227163 0.0563364
5161 0.000198768 0.0807281
5164 5.67908e-05 0.0718119
5167 5.67908e-05 0.0227731
5170 5.67908e-05 0.0786268
5173 5.67908e-05 0.0541784
5176 5.67908e-05 0.0812108
5179 0.000113582 0.0649686
5182 0.000113582 0.0663884
5185 0.000198768 0.0900133
5188 0.000283954 0.0985604
5191 0.000283954 0.0788824
5194 2.83954e-05 0.0541784
5197 8.51861e-05 0.124712
5200 0 0.0559673
5203 0 0.0783428
5206 0 0.0653378
5209 0 0.0458301
5212 0 0.0692563
5215 0 0.0573587
5218 0.000425931 0.107107
5221 0.000283954 0.0789675
5224 0.000170372 0.0975665
5227 0.000170372 0.0498055
5230 0.000113582 0.0536957
5233 0.000113582 0.0935628
5236 0.000113582 0.0464264
5239 0.000113582 0.0755317
5242 0.000113582 0.0567624
5245 8.51861e-05 0.12565
5248 8.51861e-05 0.0377659
5251 0.000170372 0.0865775
5254 0 0.0485277
5257 5.67908e-05 0.129625
5260 5.67908e-05 0.0515944
5263 5.67908e-05 0.0513388
5266 5.67908e-05 0.0502314
5269 0.000454326 0.0772638
5272 0.000511117 0.0646847
5275 0.000482721 0.0497487
5278 0.000425931 0.0914047
5281 0.000312349 0.0851861
5284 8.51861e-05 0.111963
5287 0.000312349 0.103558
5290 0.000283954 0.0869466
5293 0.000198768 0.0372831
5296 0.00161854 0.0814947
5299 0.00102223 0.10989
5302 0.000965443 0.102592
5305 0.00141977 0.0841355
5308 0.00775194 0.0793651
5311 0.0269188 0.0409745
5314 0.0431326 0.0728625
5317 0.0559673 0.0810972
5320 0.066502 0.135105
5323 0.0698242 0.119033
5326 0.0740267 0.0958912
5329 0.0762132 0.110941
5332 0.0770367 0.118636
5335 0.0777749 0.0791095
5338 0.0780305 0.0900985
5341 0.0779169 0.0545475
5344 0.0779169 0.0679785
5347 0.0779453 0.133032
5350 0.07627 0.133032
5353 0.0770651 0.092285
5356 0.0873442 0.0171224
5359 0.0981628 0.0450919
5362 0.110344 0.0521339
5365 0.116648 0.0747366
5368 0.123066 0.0842491
5371 0.126388 0.150609
5374 0.129227 0.0861516
5377 0.130193 0.12122
5380 0.130193 0.0998098
5383 0.130959 0.0642871
5386 0.131045 0.0950961
5389 0.130704 0.0524179
5392 0.13059 0.0726922
5395 0.131641 0.0702786
5398 0.13343 0.162251
5401 0.138598 0.0419116
5404 0.146691 0.0700798
5407 0.153278 0.0733169
5410 0.158134 0.0674674
5413 0.161996 0.0776046
5416 0.167817 0.130647
5419 0.168129 0.150552
5422 0.171678 0.0974245
5425 0.186245 0.0469944
5428 0.197689 0.0618451
5431 0.204134 0.0919726
5434 0.210864 0.108442
5437 0.213675 0.124343
5440 0.2143 0.120311
5443 0.216855 0.109152
5446 0.217736 0.146804
5449 0.215918 0.120112
5452 0.216855 0.106852
5455 0.212823 0.0747082
5458 0.210779 0.119005
5461 0.212028 0.0761848
5464 0.215209 0.141381
5467 0.217537 0.0851009
5470 0.22049 0.189738
5473 0.223358 0.0902973
5476 0.225999 0.099469
5479 0.224806 0.0683761
5482 0.228554 0.124996
5485 0.232587 0.109919
5488 0.231479 0.0923702
5491 0.231905 0.0586365
5494 0.233495 0.0931936
5497 0.242411 0.244995
5500 0.246103 0.170685
5503 0.247863 0.141807
5506 0.249425 0.217196
5509 0.251924 0.170912
5512 0.253542 0.0656217
5515 0.254082 0.148167
5518 0.255842 0.0734304
5521 0.274129 0.194139
5524 0.269955 0.0796206
5527 0.266065 0.184428
5530 0.266775 0.121021
5533 0.268223 0.0908368
5536 0.268563 0.250106
5539 0.268649 0.0990147
5542 0.268563 0.0379078
5545 0.27606 0.183235
5548 0.274186 0.182696
5551 0.272965 0.142516
5554 0.272738 0.18846
5557 0.272312 0.159298
5560 0.271744 0.160349
5563 0.271318 0.116819
5566 0.269273 0.185393
5569 0.270608 0.0978221
5572 0.279581 0.155578
5575 0.275918 0.100747
5578 0.275577 0.148991
5581 0.276543 0.129057
5584 0.276315 0.129966
5587 0.276401 0.0935628
5590 0.28313 0.113922
5593 0.283954 0.187239
5596 0.296505 0.199989
5599 0.296249 0.214896
5602 0.299713 0.150779
5605 0.301985 0.180339
5608 0.301389 0.1083
5611 0.302666 0.150694
5614 0.305108 0.122129
5617 0.310276 0.108584
5620 0.347275 0.118437
5623 0.344152 0.21271
5626 0.354516 0.166056
5629 0.344322 0.146662
5632 0.337025 0.212909
5635 0.33109 0.178437
5638 0.384928 0.163387
5641 0.43019 0.155976
5644 0.644859 0.179771
5647 0.8618 0.178181
5650 0.875231 0.0565636
5653 0.883607 0.216401
5656 0.896698 0.189624
5659 0.893801 0.223443
5662 0.897237 0.173609
5665 0.895903 0.162052
5668 0.89417 0.0552574
5671 0.914132 0.187977
5674 0.915723 0.067581
5677 0.912769 0.130846
5680 0.915723 0.037993
5683 0.915155 0.0805293
5686 0.911264 0.099185
5689 0.915467 0.0729193
5692 0.914189 0.0859812
5695 0.918477 0.0757305
5698 0.924156 0.0373115
5701 0.925377 0.0878837
5704 0.926655 0.0646279
5707 0.92816 0.140302
5710 0.926541 0.0249879
5713 0.930261 0.055087
5716 0.933299 0.0824602
5719 0.933271 0.136923
5722 0.933271 0.138427
5725 0.933186 0.164977
5728 0.933583 0.160065
5731 0.934776 0.156828
5734 0.935457 0.14476
5737 0.936338 0.194366
