frame_number static_density dynamic_density
1 0 0.0863787
4 0 0.165886
7 2.83954e-05 0.117074
10 0 0.108726
13 0 0.0805577
16 0.0680353 0.0677798
19 0.148707 0.120056
22 0.172757 0.134708
25 0.157538 0.157765
28 0.148366 0.224125
31 0.111594 0.215067
34 0.0847034 0.138825
37 0.0595451 0.100576
40 0.032967 0.0657069
43 0.0146236 0.0262089
46 0.0160718 0.0299571
49 0.0258966 0.0459153
52 0.0386177 0.0617883
55 0.0423375 0.071528
58 0.0356078 0.0544339
61 0.0283954 0.0480734
64 0.0232558 0.0420536
67 0.0151347 0.0322004
70 0.00448647 0.0191101
73 0 0.0182014
76 0 0.113894
79 0 0.173666
82 0 0.167788
85 0 0.181418
88 0 0.123633
91 0 0.0579834
94 0 0.0469092
97 0 0.133714
100 0.00988159 0.0143397
103 0.056308 0.0881109
106 0.104665 0.149502
109 0.139024 0.201437
112 0.153903 0.250305
115 0.158446 0.226822
118 0.160065 0.22174
121 0.148139 0.207712
124 0.121674 0.193003
127 0.111054 0.167902
130 0.13184 0.183406
133 0.156572 0.168669
136 0.179771 0.148082
139 0.194764 0.183292
142 0.19962 0.174688
145 0.187608 0.185592
148 0.178749 0.155578
151 0.172843 0.164722
154 0.170088 0.174206
157 0.168583 0.17838
160 0.167873 0.187466
163 0.161371 0.193202
166 0.149246 0.210438
169 0.138058 0.165715
172 0.134651 0.169038
175 0.127779 0.150921
178 0.122441 0.138087
181 0.116989 0.121277
184 0.113212 0.115853
187 0.113298 0.104722
190 0.110856 0.10512
193 0.106937 0.0843343
196 0.106511 0.218644
199 0.106028 0.139251
202 0.105063 0.113667
205 0.105091 0.155266
208 0.105489 0.0868331
211 0.105375 0.109833
214 0.105091 0.132237
217 0.104921 0.104864
220 0.107448 0.199449
223 0.107562 0.219383
226 0.106823 0.100434
229 0.106823 0.200131
232 0.106312 0.210239
235 0.106625 0.14794
238 0.106539 0.141381
241 0.106539 0.101201
244 0.106256 0.0469092
247 0.108243 0.152398
250 0.108158 0.149729
253 0.107107 0.166198
256 0.107107 0.207315
259 0.106852 0.181276
262 0.106426 0.201124
265 0.106085 0.151915
268 0.106057 0.147003
271 0.106199 0.227589
274 0.106085 0.137405
277 0.106625 0.145299
280 0.106028 0.17855
283 0.10583 0.246245
286 0.105801 0.117159
289 0.10583 0.106965
292 0.105801 0.0902121
295 0.106539 0.20527
298 0.106454 0.152568
301 0.108101 0.111509
304 0.108044 0.121845
307 0.107789 0.145583
310 0.106653 0.0946418
313 0.106681 0.0599426
316 0.106738 0.122753
319 0.106568 0.09078
322 0.10759 0.173467
325 0.108073 0.14121
328 0.108073 0.066502
331 0.108186 0.0695403
334 0.108357 0.068518
337 0.108215 0.085754
340 0.10847 0.0929665
343 0.108243 0.0638612
346 0.107732 0.219695
349 0.107732 0.0840219
352 0.107306 0.083596
355 0.10688 0.135162
358 0.106256 0.121987
361 0.106256 0.0787404
364 0.110856 0.0104211
367 0.120624 0.024704
370 0.128943 0.0368572
373 0.132862 0.0470795
376 0.137434 0.0568191
379 0.142232 0.0743675
382 0.149445 0.0783996
385 0.149161 0.067297
388 0.146179 0.0704205
391 0.149388 0.063918
394 0.151489 0.0624982
397 0.155181 0.0870602
400 0.155209 0.0586365
403 0.171139 0.0856689
406 0.191896 0.0922566
409 0.206804 0.1244
412 0.220604 0.167504
415 0.230116 0.192123
418 0.237414 0.165857
421 0.241332 0.189653
424 0.27288 0.223074
427 0.301275 0.221541
430 0.316154 0.213789
433 0.312406 0.264503
436 0.310787 0.218673
439 0.317347 0.273703
442 0.329954 0.264645
445 0.34313 0.332595
448 0.353267 0.330437
451 0.35622 0.318568
454 0.35375 0.332993
457 0.362637 0.323139
460 0.362808 0.333277
463 0.363915 0.3318
466 0.363404 0.33464
469 0.363376 0.342306
472 0.374592 0.382571
475 0.374933 0.312406
478 0.375472 0.31215
481 0.378255 0.323281
484 0.378965 0.331204
487 0.379589 0.35375
490 0.380299 0.338104
493 0.379021 0.376807
496 0.380555 0.414345
499 0.38277 0.370645
502 0.382088 0.366442
505 0.381946 0.394838
508 0.380981 0.306301
511 0.382429 0.201465
514 0.380754 0.256723
517 0.382798 0.284323
520 0.415708 0.12264
523 0.459977 0.0745947
526 0.515121 0.180083
529 0.549025 0.134821
532 0.578442 0.187921
535 0.591646 0.249198
538 0.592129 0.253741
541 0.595792 0.226396
544 0.619871 0.270154
547 0.634637 0.314223
550 0.640515 0.229633
553 0.64165 0.189255
556 0.631144 0.168583
559 0.6245 0.144845
562 0.615498 0.0879405
565 0.604168 0.0824034
568 0.596076 0.410938
571 0.595224 0.47514
574 0.591902 0.508107
577 0.587784 0.449783
580 0.587358 0.399835
583 0.585797 0.17608
586 0.583383 0.186501
589 0.58114 0.184684
592 0.58043 0.139847
595 0.595139 0.260187
598 0.60343 0.31127
601 0.612829 0.27552
604 0.616975 0.336002
607 0.624017 0.119346
610 0.647216 0.0271176
613 0.671011 0.0309794
616 0.697277 0.0516512
619 0.714428 0.0692563
622 0.759037 0.138399
625 0.763978 0.111565
628 0.764063 0.109209
631 0.772581 0.117046
634 0.780419 0.126331
637 0.784933 0.161825
640 0.786694 0.140898
643 0.7903 0.119062
646 0.802737 0.321634
649 0.801232 0.361672
652 0.801488 0.117983
655 0.804697 0.129142
658 0.805066 0.15961
661 0.803305 0.138115
664 0.801857 0.0862084
667 0.80234 0.0569043
670 0.799869 0.295823
673 0.798847 0.0273731
676 0.796263 0.0512821
679 0.793708 0.0678933
682 0.7949 0.0854985
685 0.795922 0.102053
688 0.796945 0.112758
691 0.795894 0.125621
694 0.796008 0.12988
697 0.800494 0.319136
700 0.80038 0.17324
703 0.801062 0.16759
706 0.802056 0.154073
709 0.799727 0.191385
712 0.798592 0.191555
715 0.794531 0.199023
718 0.793566 0.190419
721 0.801687 0.302922
724 0.798364 0.235398
727 0.797513 0.2419
730 0.797342 0.266775
733 0.798052 0.252605
736 0.798194 0.167334
739 0.798819 0.0812676
742 0.799131 0.0946702
745 0.809098 0.23872
748 0.809382 0.232927
751 0.81225 0.347105
754 0.813386 0.248971
757 0.814095 0.204787
760 0.815345 0.0752761
763 0.816168 0.174518
766 0.817276 0.0667291
769 0.818412 0.0705909
772 0.829003 0.285771
775 0.829145 0.177641
778 0.829202 0.149842
781 0.828833 0.104609
784 0.828322 0.0890763
787 0.828265 0.0997814
790 0.828123 0.0951245
793 0.828123 0.0431326
796 0.821223 0.370105
799 0.821791 0.17324
802 0.821138 0.184882
805 0.81986 0.193429
808 0.819292 0.0947838
811 0.821166 0.122838
814 0.831502 0.137604
817 0.84002 0.131556
820 0.857768 0.432234
823 0.859784 0.319476
826 0.863617 0.172417
829 0.866627 0.163699
832 0.869239 0.135929
835 0.86958 0.227816
838 0.869126 0.127296
841 0.870205 0.15626
844 0.869694 0.084675
847 0.874918 0.186075
850 0.875202 0.277252
853 0.874578 0.117727
856 0.874975 0.0981344
859 0.875146 0.251895
862 0.87489 0.170599
865 0.875117 0.186842
868 0.875117 0.0895022
871 0.872278 0.216004
874 0.873413 0.148025
877 0.872987 0.184428
880 0.86799 0.269444
883 0.868473 0.237243
886 0.870006 0.143709
889 0.869949 0.136071
892 0.869523 0.10759
895 0.867365 0.409518
898 0.86958 0.391998
901 0.869552 0.0899282
904 0.868927 0.0518216
907 0.868785 0.31127
910 0.869324 0.188602
913 0.869126 0.129994
916 0.870602 0.167192
919 0.87117 0.141352
922 0.872136 0.1359
925 0.872618 0.0880257
928 0.872704 0.044382
931 0.866826 0.227561
934 0.868047 0.163302
937 0.867876 0.102763
940 0.867876 0.0381066
943 0.867876 0.0948406
946 0.867706 0.0399239
949 0.868047 0.0807848
952 0.867536 0.131783
955 0.863901 0.231138
958 0.864526 0.221881
961 0.866797 0.128489
964 0.86657 0.0500894
967 0.86586 0.136781
970 0.866201 0.0623562
973 0.866258 0.0214953
976 0.867138 0.0538376
979 0.867678 0.0692847
982 0.871113 0.185791
985 0.870716 0.110628
988 0.870318 0.130761
991 0.87012 0.0934492
994 0.870205 0.0840787
997 0.86941 0.0321436
1000 0.869523 0.0345572
1003 0.869381 0.0431326
1006 0.867791 0.299855
1009 0.869381 0.0761848
1012 0.86941 0.167959
1015 0.868984 0.230514
1018 0.869722 0.185393
1021 0.869126 0.194764
1024 0.868785 0.0394412
1027 0.8687 0.0422523
1030 0.869126 0.382401
1033 0.868331 0.404265
1036 0.865661 0.425732
1039 0.865491 0.110742
1042 0.865633 0.11378
1045 0.865945 0.0360621
1048 0.865945 0.0263509
1051 0.866173 0.0289633
1054 0.865917 0.0358066
1057 0.865718 0.0320868
1060 0.866457 0.0318312
1063 0.865292 0.144873
1066 0.864952 0.030809
1069 0.863731 0.0418264
1072 0.864611 0.0364881
1075 0.863674 0.0486981
1078 0.864668 0.0527302
1081 0.864866 0.0526166
1084 0.864895 0.0543771
1087 0.863674 0.097169
1090 0.863248 0.0512821
1093 0.862907 0.0440128
1096 0.863702 0.0568759
1099 0.862794 0.0451203
1102 0.862737 0.0391288
1105 0.864526 0.0285657
1108 0.864526 0.024278
1111 0.860181 0.150836
1114 0.860948 0.0461709
1117 0.862027 0.0384473
1120 0.861516 0.0263225
1123 0.86038 0.0340461
1126 0.859982 0.0182014
1129 0.85984 0.028083
1132 0.861573 0.0398103
1135 0.860806 0.0523327
1138 0.861856 0.135361
1141 0.860777 0.0550586
1144 0.860266 0.0479882
1147 0.8595 0.0537808
1150 0.859528 0.0483005
1153 0.860295 0.062555
1156 0.859784 0.0753613
1159 0.861856 0.0560241
1162 0.862992 0.163501
1165 0.862282 0.0748218
1168 0.861771 0.0648834
1171 0.861998 0.0931368
1174 0.861147 0.0902973
1177 0.859926 0.0860664
1180 0.858648 0.10015
1183 0.856831 0.109265
1186 0.855922 0.134225
1189 0.856007 0.100491
1192 0.854048 0.0881109
1195 0.854332 0.0762132
1198 0.855354 0.0809268
1201 0.856518 0.055513
1204 0.856887 0.103643
1207 0.857824 0.0455746
1210 0.85896 0.0357782
1213 0.861998 0.219581
1216 0.86055 0.0314337
1219 0.859613 0.111565
1222 0.859613 0.114235
1225 0.858761 0.0645995
1228 0.859585 0.0444388
1231 0.861203 0.0406906
1234 0.862254 0.0414289
1237 0.855893 0.243547
1240 0.857342 0.0724082
1243 0.856745 0.0477042
1246 0.859556 0.0530142
1249 0.858222 0.0557969
1252 0.859869 0.0400943
1255 0.860806 0.0521339
1258 0.862936 0.0500327
1261 0.862055 0.0346991
1264 0.861828 0.0293324
1267 0.862652 0.02212
1270 0.863475 0.0155607
1273 0.86356 0.0106199
1276 0.864185 0.0686884
1279 0.86427 0.0457733
1282 0.864469 0.0625834
1285 0.864781 0.021836
1288 0.864753 0.357895
1291 0.86481 0.151887
1294 0.864327 0.107193
1297 0.864015 0.0634069
1300 0.863532 0.152284
1303 0.864043 0.140756
1306 0.864185 0.0471931
1309 0.863731 0.0281114
1312 0.859698 0.377602
1315 0.861005 0.12528
1318 0.860635 0.119687
1321 0.860692 0.087401
1324 0.861203 0.120311
1327 0.861828 0.117812
1330 0.862055 0.0509697
1333 0.861629 0.167561
1336 0.863418 0.217821
1339 0.862453 0.216032
1342 0.863418 0.0517648
1345 0.862112 0.0806997
1348 0.862623 0.0830565
1351 0.863191 0.125933
1354 0.863645 0.0881109
1357 0.863958 0.0410597
1360 0.863447 0.0716415
1363 0.862424 0.345487
1366 0.862197 0.257745
1369 0.862481 0.0588068
1372 0.863816 0.133146
1375 0.864043 0.0908652
1378 0.864724 0.0979073
1381 0.864185 0.154897
1384 0.863674 0.0292188
1387 0.860437 0.391572
1390 0.860039 0.16793
1393 0.859585 0.100321
1396 0.859869 0.109578
1399 0.859869 0.0920294
1402 0.858165 0.0785984
1405 0.858477 0.061334
1408 0.859187 0.0481018
1411 0.861317 0.381946
1414 0.860891 0.172871
1417 0.86055 0.10688
1420 0.860976 0.0655365
1423 0.86109 0.0843343
1426 0.860323 0.102905
1429 0.862311 0.107363
1432 0.863248 0.119403
1435 0.86657 0.0783712
1438 0.869892 0.0695687
1441 0.871852 0.0951245
1444 0.875969 0.153307
1447 0.878667 0.110373
1450 0.878667 0.101059
1453 0.880654 0.0950109
1456 0.882244 0.0621291
1459 0.884175 0.0507993
1462 0.884204 0.0402079
1465 0.884317 0.0962887
1468 0.878979 0.536048
1471 0.87242 0.656927
1474 0.865576 0.676321
1477 0.86055 0.360905
1480 0.85737 0.531476
1483 0.844109 0.106
1486 0.846665 0.49956
1489 0.842803 0.497743
1492 0.83153 0.389812
1495 0.836954 0.37533
1498 0.859329 0.389499
1501 0.867024 0.715194
1504 0.88162 0.419059
1507 0.896073 0.716387
1510 0.910129 0.711049
1513 0.940852 0.62413
1516 0.952154 0.587898
1519 0.951643 0.521708
1522 0.94514 0.437402
1525 0.942017 0.379447
1528 0.935599 0.401624
1531 0.933299 0.450265
1534 0.933867 0.426271
1537 0.916773 0.482381
1540 0.884488 0.528239
1543 0.851947 0.654996
1546 0.834852 0.576597
1549 0.817702 0.542692
1552 0.79473 0.631258
1555 0.817844 0.406395
1558 0.839964 0.532612
1561 0.858193 0.503336
1564 0.87878 0.409774
1567 0.876196 0.317915
1570 0.854616 0.343584
1573 0.825851 0.386064
1576 0.807508 0.387143
1579 0.807451 0.468268
1582 0.821705 0.41551
1585 0.847886 0.507113
1588 0.863731 0.519039
1591 0.865548 0.453474
1594 0.845927 0.539825
1597 0.797938 0.408581
1600 0.752591 0.420166
1603 0.708976 0.508362
1606 0.657353 0.394923
1609 0.677059 0.510549
1612 0.70571 0.460062
1615 0.733254 0.536957
1618 0.789562 0.477071
1621 0.813897 0.375671
1624 0.814181 0.41585
1627 0.818497 0.244456
1630 0.808132 0.349831
1633 0.776244 0.488571
1636 0.702019 0.458358
1639 0.723173 0.431184
1642 0.738479 0.673169
1645 0.777721 0.59335
1648 0.818667 0.492461
1651 0.849419 0.375472
1654 0.792515 0.31905
1657 0.749865 0.344805
1660 0.731067 0.434733
1663 0.696936 0.388136
1666 0.714825 0.51725
1669 0.778119 0.479229
1672 0.801545 0.406366
1675 0.775052 0.496891
1678 0.742 0.545702
1681 0.729136 0.601159
1684 0.754636 0.647699
1687 0.745776 0.554391
1690 0.821109 0.494136
1693 0.850442 0.480081
1696 0.876594 0.193713
1699 0.848738 0.27021
1702 0.774796 0.287304
1705 0.678451 0.286595
1708 0.583894 0.232416
1711 0.50859 0.219297
1714 0.592356 0.251526
1717 0.659227 0.282932
1720 0.712213 0.379504
1723 0.694551 0.261408
1726 0.694153 0.49797
1729 0.734645 0.560865
1732 0.789959 0.527444
1735 0.666695 0.537695
1738 0.497033 0.411051
1741 0.354261 0.225346
1744 0.284153 0.253287
1747 0.309566 0.216855
1750 0.317432 0.317602
1753 0.363631 0.386546
1756 0.403101 0.355964
1759 0.400602 0.430502
1762 0.399182 0.343045
1765 0.378823 0.281966
1768 0.298237 0.23395
1771 0.205611 0.168669
1774 0.171849 0.114263
1777 0.167306 0.199449
1780 0.132606 0.209331
1783 0.194764 0.292359
1786 0.277139 0.316523
1789 0.309282 0.394241
1792 0.382401 0.477042
1795 0.338586 0.441094
1798 0.329131 0.360082
1801 0.263225 0.414856
1804 0.174518 0.310702
1807 0.136752 0.218417
1810 0.164352 0.162847
1813 0.173865 0.164608
1816 0.15007 0.162081
1819 0.130818 0.225857
1822 0.124996 0.198285
1825 0.0970554 0.14334
1828 0.128319 0.164352
1831 0.130562 0.194253
1834 0.138229 0.201124
1837 0.156146 0.218758
1840 0.164892 0.221427
1843 0.195587 0.234688
1846 0.198881 0.190647
1849 0.191726 0.110628
1852 0.186785 0.159696
1855 0.193145 0.189284
1858 0.219667 0.190079
1861 0.181958 0.224721
1864 0.131215 0.147826
1867 0.17219 0.178465
1870 0.221683 0.173212
1873 0.153818 0.207371
1876 0.138144 0.242383
1879 0.159923 0.217196
1882 0.173382 0.191214
1885 0.143936 0.201238
1888 0.191555 0.342874
1891 0.211148 0.322004
1894 0.187977 0.4125
1897 0.188347 0.286453
1900 0.231195 0.360053
1903 0.212965 0.358236
1906 0.253514 0.344209
1909 0.380952 0.367465
1912 0.521282 0.415396
1915 0.627225 0.561291
1918 0.700486 0.570577
1921 0.743391 0.289292
1924 0.573785 0.398501
1927 0.313087 0.235454
1930 0.117415 0.0226027
1933 0.0213533 0.104296
1936 0.000596303 0.114547
1939 0.000198768 0.12423
1942 5.67908e-05 0.1175
1945 2.83954e-05 0.159554
1948 0.000312349 0.0890763
1951 0.000170372 0.119119
1954 0.000141977 0.134452
1957 0.000198768 0.09308
1960 0.000283954 0.0819207
1963 5.67908e-05 0.133714
1966 0 0.102309
1969 2.83954e-05 0.155294
1972 0 0.165318
1975 0 0.123747
1978 0 0.145384
1981 0 0.184229
1984 0 0.211176
1987 0 0.148139
1990 0 0.145725
1993 0 0.112077
1996 0 0.152426
1999 0 0.102536
2002 0 0.152142
2005 0 0.156089
2008 0 0.144277
2011 0.238493 0.075049
2014 0.386376 0.195417
2017 0.312292 0.346054
2020 0.244853 0.353494
2023 0.392992 0.431099
2026 0.457279 0.336002
2029 0.418349 0.336599
2032 0.462816 0.474827
2035 0.451742 0.464406
2038 0.379902 0.312236
2041 0.324758 0.252974
2044 0.196439 0.166255
2047 0.0634353 0.0684613
2050 0.00210126 0.113638
2053 0.000170372 0.114604
2056 0 0.0802169
2059 0 0.18227
2062 0 0.150325
2065 0 0.19979
2068 0 0.154812
2071 0 0.113582
2074 0 0.0423091
2077 0 0.12281
2080 0 0.108073
2083 0 0.0577278
2086 0 0.177698
2089 0 0.157112
2092 8.51861e-05 0.130789
2095 0.000454326 0.102905
2098 0.00116421 0.00846182
2101 0.0024704 0.0067581
2104 0.0030951 0.0110458
2107 0.00323707 0.0138853
2110 0.0482437 0.0379362
2113 0.16617 0.129738
2116 0.236533 0.192606
2119 0.29659 0.220888
2122 0.356362 0.22597
2125 0.403867 0.222733
2128 0.453588 0.167192
2131 0.485646 0.166567
2134 0.498765 0.166596
2137 0.510379 0.350825
2140 0.497856 0.256637
2143 0.496919 0.348014
2146 0.494108 0.192577
2149 0.468524 0.152597
2152 0.327683 0.146492
2155 0.147173 0.0522475
2158 0.0324559 0.10972
2161 0.00380498 0.149729
2164 0.0774058 0.0536105
2167 0.191612 0.127751
2170 0.172417 0.222109
2173 0.12741 0.236079
2176 0.0542352 0.140358
2179 0.00454326 0.0254423
2182 0.00346424 0.0679501
2185 0.002442 0.0492376
2188 0.00224323 0.144078
2191 0.000937047 0.0171508
2194 0.000141977 0.221001
2197 8.51861e-05 0.148792
2200 0 0.0952949
2203 0 0.128546
2206 0 0.114717
2209 0 0.0800182
2212 0 0.213334
2215 0 0.154897
2218 0 0.111253
2221 0 0.0726354
2224 0 0.117074
2227 0 0.095806
2230 0 0.138683
2233 0 0.0937899
2236 2.83954e-05 0.149019
2239 2.83954e-05 0.142119
2242 0 0.159071
2245 0 0.141068
2248 0 0.106341
2251 0 0.202289
2254 0 0.0980208
2257 0 0.073686
2260 0 0.0650822
2263 0 0.147116
2266 0 0.0912911
2269 0 0.108839
2272 0 0.137689
2275 0 0.118153
2278 0.0174064 0.034188
2281 0.169748 0.156941
2284 0.279836 0.22137
2287 0.2373 0.332964
2290 0.19164 0.282704
2293 0.147372 0.257773
2296 0.092001 0.174972
2299 0.0240793 0.0706193
2302 0.000198768 0.128205
2305 0 0.10759
2308 0.00530994 0.0251299
2311 0.0471363 0.136752
2314 0.0492944 0.151887
2317 0.0293324 0.1083
2320 0.0140557 0.0801318
2323 0.0522759 0.119601
2326 0.0593747 0.153477
2329 0.0281966 0.106454
2332 5.67908e-05 0.0469092
2335 0 0.0624982
2338 0 0.160803
2341 0 0.07397
2344 0 0.147912
2347 0 0.113951
2350 0 0.10211
2353 0 0.116648
2356 0 0.159696
2359 0.0226311 0.0708749
2362 0.0533265 0.150978
2365 0.0350967 0.11449
2368 0.00281114 0.0555414
2371 0 0.156913
2374 0 0.132976
2377 0 0.131414
2380 0 0.130619
2383 0 0.0507993
2386 0 0.191413
2389 0 0.133884
2392 0.0634353 0.0680921
2395 0.195871 0.156345
2398 0.195673 0.202629
2401 0.166141 0.140358
2404 0.0279411 0.0939887
2407 0 0.136837
2410 2.83954e-05 0.0999517
2413 0 0.15626
2416 0 0.118466
2419 0 0.18863
2422 0 0.173411
2425 0 0.174745
2428 0 0.19925
2431 0 0.118835
2434 0 0.132209
2437 0 0.166766
2440 0.0181163 0.0247608
2443 0.162706 0.134197
2446 0.158929 0.235625
2449 0.0996394 0.20598
2452 0.0230287 0.125337
2455 0 0.0269756
2458 0 0.138342
2461 0 0.138825
2464 0 0.134906
2467 0 0.148309
2470 0 0.116677
2473 0 0.0892467
2476 0 0.1037
2479 0 0.0602834
2482 0 0.117812
2485 0.0218644 0.0447227
2488 0.060397 0.0828293
2491 0.0444672 0.101684
2494 0.0111026 0.0667291
2497 0 0.0182298
2500 0 0.0861232
2503 0 0.11608
2506 0 0.123719
2509 0 0.0613056
2512 0 0.136525
2515 0 0.0929381
2518 0 0.123491
2521 0.100236 0.0622427
2524 0.240225 0.201664
2527 0.271147 0.338359
2530 0.236193 0.382344
2533 0.107448 0.244655
2536 0.00576426 0.0753329
2539 5.67908e-05 0.0953233
2542 0 0.0892467
2545 0 0.118267
2548 0 0.189056
2551 0 0.0960616
2554 0 0.0880541
2557 0 0.13326
2560 0 0.137036
2563 0 0.179629
2566 0 0.128972
2569 0 0.101996
2572 0 0.109606
2575 0 0.0811256
2578 0 0.135758
2581 0 0.0411733
2584 0 0.0186558
2587 0 0.154641
2590 0 0.159894
2593 0 0.099327
2596 0 0.157822
2599 0 0.110117
2602 0 0.082375
2605 0 0.149019
2608 0 0.105886
2611 0 0.16475
2614 0 0.112304
2617 0 0.0964023
2620 0 0.0716983
2623 0 0.0867195
2626 0 0.14882
2629 0 0.129824
2632 0 0.139109
2635 0.0313769 0.040719
2638 0.152909 0.116904
2641 0.175909 0.198654
2644 0.146492 0.193912
2647 0.0901553 0.19005
2650 0.11821 0.202374
2653 0.23057 0.29994
2656 0.304484 0.434904
2659 0.345316 0.307068
2662 0.275918 0.330863
2665 0.195587 0.330295
2668 0.11202 0.182213
2671 0.0455462 0.115796
2674 2.83954e-05 0.0194508
2677 5.67908e-05 0.123747
2680 0 0.120169
2683 0 0.19749
2686 0.0139137 0.0615612
2689 0.0396683 0.13218
2692 0.102706 0.18315
2695 0.155209 0.207599
2698 0.193685 0.224182
2701 0.208337 0.191271
2704 0.178067 0.172445
2707 0.142516 0.117017
2710 0.109663 0.120084
2713 0.0778317 0.0792231
2716 0.0502598 0.060255
2719 0.027146 0.0184002
2722 0.00650254 0.0576426
2725 0.000539512 0.0912343
2728 0 0.16245
2731 0 0.16174
2734 2.83954e-05 0.0804441
2737 2.83954e-05 0.129767
2740 0 0.161314
2743 0.0043161 0.0147372
2746 0.0616464 0.082091
2749 0.124656 0.118153
2752 0.169606 0.178721
2755 0.162649 0.207173
2758 0.153534 0.230826
2761 0.158162 0.216174
2764 0.170912 0.345004
2767 0.153676 0.331516
2770 0.131698 0.285459
2773 0.102252 0.221881
2776 0.0797058 0.14865
2779 0.0497487 0.0780589
2782 0.0299855 0.0523043
2785 0.0178039 0.0110174
2788 0.0049408 0.0778885
2791 0.000141977 0.051708
2794 0 0.153079
2797 0 0.0860664
2800 0 0.133742
2803 0 0.122157
2806 0 0.133657
2809 0 0.0981344
2812 0 0.138882
2815 0 0.107051
2818 0 0.187069
2821 0 0.0871454
2824 0 0.162706
2827 0 0.111367
2830 0 0.12034
2833 0 0.0814947
2836 0 0.130846
2839 0 0.106767
2842 0 0.106795
2845 0 0.0974245
2848 0 0.0775478
2851 0 0.133146
2854 0 0.125138
2857 0 0.101428
2860 0 0.0384757
2863 0 0.153449
2866 0 0.124031
2869 0 0.0799614
2872 0 0.108669
2875 0 0.0807565
2878 0 0.110543
2881 0 0.0771502
2884 0 0.109635
2887 0 0.132777
2890 0 0.0826589
2893 0.00607661 0.016157
2896 0.0314905 0.0684613
2899 0.0536389 0.129256
2902 0.0671551 0.168356
2905 0.0658773 0.14192
2908 0.05185 0.110117
2911 0.0357782 0.0801885
2914 0.0237101 0.0670983
2917 0.0162706 0.0465968
2920 0.00996678 0.0235114
2923 0.00286793 0.0124372
2926 0 0.198597
2929 0 0.0986739
2932 0 0.145328
2935 0 0.102195
2938 0 0.156118
2941 0 0.110685
2944 0 0.100037
2947 0 0.121362
2950 0 0.130818
2953 0 0.0916035
2956 0.0110458 0.0229151
2959 0.0496635 0.0746514
2962 0.0946986 0.116563
2965 0.139081 0.138058
2968 0.168952 0.165886
2971 0.197291 0.175909
2974 0.22208 0.183463
2977 0.245506 0.189795
2980 0.268705 0.221995
2983 0.28827 0.270381
2986 0.306613 0.306556
2989 0.32135 0.220064
2992 0.341 0.305335
2995 0.362694 0.307408
2998 0.391232 0.28526
3001 0.40824 0.327484
3004 0.427265 0.329216
3007 0.441605 0.332765
3010 0.463583 0.363035
3013 0.524093 0.408609
3016 0.583951 0.421075
3019 0.610018 0.412528
3022 0.607888 0.386262
3025 0.60397 0.28455
3028 0.623392 0.389102
3031 0.687594 0.450833
3034 0.710878 0.241701
3037 0.764318 0.384814
3040 0.77792 0.287475
3043 0.794559 0.49726
3046 0.81137 0.362552
3049 0.811739 0.342732
3052 0.82162 0.322628
3055 0.843996 0.279098
3058 0.854672 0.263481
3061 0.866542 0.340319
3064 0.876707 0.245648
3067 0.885112 0.295738
3070 0.892978 0.255218
3073 0.896385 0.276031
3076 0.900417 0.262572
3079 0.900304 0.243576
3082 0.895562 0.111225
3085 0.888804 0.14121
3088 0.864554 0.221853
3091 0.836159 0.143965
3094 0.811171 0.232359
3097 0.792543 0.277877
3100 0.777125 0.256921
3103 0.790726 0.332112
3106 0.807508 0.374251
3109 0.814692 0.304427
3112 0.833546 0.363489
3115 0.842093 0.31942
3118 0.846182 0.320442
3121 0.846949 0.295085
3124 0.849363 0.328109
3127 0.852117 0.271744
3130 0.859386 0.229747
3133 0.866911 0.157168
3136 0.872079 0.122441
3139 0.870716 0.114661
3142 0.870318 0.133884
3145 0.871227 0.0803305
3148 0.870574 0.0860948
3151 0.869722 0.0895874
3154 0.869779 0.0758157
3157 0.869608 0.0675242
3160 0.868955 0.0659057
3163 0.873839 0.0963739
3166 0.873101 0.101513
3169 0.872704 0.0848738
3172 0.871965 0.121163
3175 0.871483 0.0778033
3178 0.871085 0.0471931
3181 0.871653 0.0444104
3184 0.869921 0.0487833
3187 0.869978 0.0879689
3190 0.871539 0.0793935
3193 0.871483 0.0636624
3196 0.871142 0.053866
3199 0.870375 0.0901553
3202 0.870403 0.0777181
3205 0.870574 0.0561377
3208 0.870858 0.0660193
3211 0.868955 0.175881
3214 0.872022 0.0302979
3217 0.873016 0.0681205
3220 0.872959 0.0864639
3223 0.872874 0.0416276
3226 0.872732 0.059176
3229 0.871596 0.0505154
3232 0.871284 0.0671267
3235 0.870659 0.0819491
3238 0.869722 0.217083
3241 0.871113 0.0808132
3244 0.870574 0.0838799
3247 0.869949 0.0666723
3250 0.870034 0.0720959
3253 0.871539 0.0632933
3256 0.87188 0.0443536
3259 0.871681 0.0403214
3262 0.87117 0.342448
3265 0.871766 0.186359
3268 0.871994 0.0378794
3271 0.872363 0.0258398
3274 0.872931 0.0347559
3277 0.872704 0.037993
3280 0.872448 0.0355794
3283 0.870915 0.028083
3286 0.868103 0.11043
3289 0.867905 0.0497203
3292 0.866968 0.0913195
3295 0.867081 0.0446943
3298 0.866627 0.0377659
3301 0.8664 0.0556833
3304 0.86674 0.063634
3307 0.867394 0.0397819
3310 0.867592 0.0380214
3313 0.868473 0.251583
3316 0.868302 0.0858676
3319 0.868217 0.0701934
3322 0.869069 0.0577562
3325 0.868473 0.0964875
3328 0.866684 0.0785132
3331 0.867252 0.0915183
3334 0.868302 0.0847034
3337 0.871312 0.186529
3340 0.870545 0.0713008
3343 0.870915 0.0712156
3346 0.871028 0.0592612
3349 0.870943 0.0605105
3352 0.871738 0.0498055
3355 0.872902 0.0375955
3358 0.87401 0.0322004
3361 0.873158 0.0989863
3364 0.871624 0.0408609
3367 0.872306 0.0616748
3370 0.871766 0.217565
3373 0.872221 0.110628
3376 0.872334 0.116478
3379 0.872249 0.0903541
3382 0.87205 0.092427
3385 0.87242 0.118664
3388 0.870829 0.313258
3391 0.871113 0.27907
3394 0.871795 0.183207
3397 0.872107 0.165659
3400 0.871795 0.116591
3403 0.872278 0.11432
3406 0.871908 0.08848
3409 0.872306 0.0901553
3412 0.872448 0.270267
3415 0.872079 0.0935628
3418 0.871823 0.141721
3421 0.871908 0.150382
3424 0.871369 0.174319
3427 0.871454 0.0534401
3430 0.871483 0.01982
3433 0.872789 0.0568475
3436 0.874379 0.274867
3439 0.874549 0.18474
3442 0.874805 0.176165
3445 0.875202 0.0964591
3448 0.874975 0.17412
3451 0.874265 0.155862
3454 0.874123 0.0707613
3457 0.873754 0.104239
3460 0.873641 0.140444
3463 0.877928 0.36224
3466 0.878212 0.245734
3469 0.87878 0.1913
3472 0.878212 0.263679
3475 0.877616 0.117074
3478 0.877332 0.221314
3481 0.877701 0.169009
3484 0.87736 0.107988
3487 0.876054 0.128517
3490 0.875657 0.197802
3493 0.876679 0.22032
3496 0.876565 0.171025
3499 0.875912 0.209927
3502 0.876168 0.219468
3505 0.875685 0.177585
3508 0.875288 0.0757021
3511 0.874152 0.24102
3514 0.874691 0.223898
3517 0.874038 0.110202
3520 0.873669 0.0496351
3523 0.873754 0.142999
3526 0.874322 0.0941875
3529 0.874407 0.0464264
3532 0.874407 0.0679501
3535 0.874237 0.0866911
3538 0.876026 0.294346
3541 0.877218 0.218446
3544 0.877275 0.0730613
3547 0.877275 0.145271
3550 0.876509 0.132095
3553 0.876111 0.201976
3556 0.87577 0.211205
3559 0.876083 0.133032
3562 0.874691 0.383906
3565 0.874492 0.105972
3568 0.874521 0.152426
3571 0.874464 0.374592
3574 0.873925 0.249993
3577 0.873271 0.169378
3580 0.873953 0.136468
3583 0.873357 0.0779169
3586 0.874492 0.181759
3589 0.874975 0.21836
3592 0.873073 0.104552
3595 0.8756 0.285061
3598 0.875146 0.186898
3601 0.875401 0.104069
3604 0.874947 0.0471931
3607 0.874634 0.0902689
3610 0.874208 0.121248
3613 0.873953 0.142658
3616 0.874152 0.0941023
3619 0.874067 0.0672119
3622 0.875288 0.197319
3625 0.875032 0.121106
3628 0.875799 0.184996
3631 0.875231 0.213249
3634 0.874038 0.175711
3637 0.87472 0.102536
3640 0.874322 0.0868331
3643 0.874464 0.26473
3646 0.873243 0.266491
3649 0.871937 0.124542
3652 0.873044 0.196098
3655 0.873073 0.158759
3658 0.872533 0.0945282
3661 0.872647 0.105574
3664 0.872562 0.102167
3667 0.8733 0.0671267
3670 0.876565 0.449243
3673 0.876764 0.258284
3676 0.876707 0.184087
3679 0.875827 0.113695
3682 0.875429 0.0654513
3685 0.875373 0.0420252
3688 0.874606 0.127438
3691 0.87418 0.0220916
3694 0.874521 0.0686884
3697 0.874038 0.188801
3700 0.874038 0.132039
3703 0.873754 0.192833
3706 0.873328 0.0701934
3709 0.872902 0.125508
3712 0.873044 0.0769515
3715 0.873016 0.0300707
3718 0.873215 0.0159298
3721 0.872675 0.202487
3724 0.867024 0.0581821
3727 0.858761 0.0356646
3730 0.852287 0.0518216
3733 0.843882 0.0663316
3736 0.836897 0.083312
3739 0.830451 0.0940171
3742 0.824233 0.115058
3745 0.821223 0.220263
3748 0.814834 0.135758
3751 0.810716 0.160491
3754 0.80711 0.178408
3757 0.804697 0.194934
3760 0.803476 0.147287
3763 0.803646 0.0396116
3766 0.804214 0.0460573
3769 0.803816 0.110288
3772 0.805265 0.223472
3775 0.804952 0.0353806
3778 0.804555 0.0711872
3781 0.804895 0.0747082
3784 0.804271 0.132322
3787 0.804469 0.106256
3790 0.804384 0.0666156
3793 0.804242 0.00900133
3796 0.805719 0.380782
3799 0.805548 0.156175
3802 0.803816 0.139904
3805 0.804044 0.149076
3808 0.804271 0.125848
3811 0.804725 0.24278
3814 0.804924 0.123633
3817 0.805861 0.239345
3820 0.812335 0.279439
3823 0.812647 0.24616
3826 0.812818 0.0843343
3829 0.812392 0.227674
3832 0.811994 0.0832269
3835 0.812619 0.0401511
3838 0.812392 0.11892
3841 0.81242 0.150155
3844 0.812221 0.0152483
3847 0.815033 0.370361
3850 0.814067 0.350853
3853 0.813556 0.059176
3856 0.813215 0.139308
3859 0.812619 0.213476
3862 0.812619 0.120794
3865 0.812449 0.18545
3868 0.813187 0.0725218
3871 0.812761 0.240055
3874 0.813499 0.231649
3877 0.81296 0.267399
3880 0.812931 0.229435
3883 0.813272 0.165715
3886 0.812818 0.144021
3889 0.812619 0.0926825
3892 0.813016 0.08848
3895 0.810518 0.314394
3898 0.811228 0.125082
3901 0.810915 0.17642
3904 0.810802 0.135616
3907 0.812221 0.160377
3910 0.811426 0.142573
3913 0.810972 0.0990715
3916 0.811511 0.16086
3919 0.811114 0.0619587
3922 0.815146 0.18014
3925 0.815998 0.0134026
3928 0.814692 0.0308374
3931 0.81401 0.11114
3934 0.81367 0.142204
3937 0.813414 0.262828
3940 0.813613 0.107448
3943 0.813102 0.0931936
3946 0.812676 0.245819
3949 0.812449 0.143908
3952 0.812165 0.113127
3955 0.81137 0.200982
3958 0.811341 0.157935
3961 0.811795 0.106227
3964 0.811029 0.108215
3967 0.810944 0.0284238
3970 0.8133 0.281256
3973 0.8133 0.119687
3976 0.812534 0.314223
3979 0.812505 0.0730613
3982 0.811568 0.19766
3985 0.812307 0.20067
3988 0.812647 0.0226879
3991 0.813016 0.0244768
3994 0.813102 0.14581
3997 0.814834 0.131272
4000 0.813386 0.150524
4003 0.813329 0.186075
4006 0.813187 0.161286
4009 0.813073 0.2028
4012 0.812477 0.34685
4015 0.813187 0.167476
4018 0.813528 0.242582
4021 0.814976 0.296363
4024 0.814493 0.233296
4027 0.814351 0.114433
4030 0.814692 0.1913
4033 0.814436 0.21572
4036 0.814692 0.247721
4039 0.814379 0.122611
4042 0.815004 0.154329
4045 0.81401 0.414516
4048 0.813584 0.246699
4051 0.815061 0.106596
4054 0.814067 0.299969
4057 0.813187 0.176449
4060 0.812704 0.2189
4063 0.812534 0.224977
4066 0.812704 0.01451
4069 0.811994 0.0699946
4072 0.815316 0.322202
4075 0.815033 0.160888
4078 0.813953 0.210949
4081 0.813556 0.101088
4084 0.81367 0.120453
4087 0.813584 0.102592
4090 0.813755 0.105347
4093 0.815061 0.251839
4096 0.813953 0.340063
4099 0.814209 0.262033
4102 0.813442 0.204276
4105 0.8133 0.313513
4108 0.813641 0.165772
4111 0.813158 0.00386177
4114 0.812903 0.0747366
4117 0.812761 0.0138002
4120 0.813357 0.232757
4123 0.813357 0.0333078
4126 0.813783 0.0325979
4129 0.814436 0.149104
4132 0.814039 0.257376
4135 0.814152 0.261834
4138 0.814521 0.278275
4141 0.815686 0.283471
4144 0.816282 0.331062
4147 0.817418 0.236619
4150 0.816736 0.279836
4153 0.81773 0.269387
4156 0.815231 0.261663
4159 0.814805 0.242099
4162 0.812108 0.261663
4165 0.812761 0.23784
4168 0.812221 0.327938
4171 0.814834 0.306159
4174 0.814408 0.330125
4177 0.814323 0.283159
4180 0.815203 0.323111
4183 0.814947 0.23889
4186 0.815771 0.415935
4189 0.81472 0.475708
4192 0.814919 0.254792
4195 0.815061 0.29517
4198 0.816793 0.415169
4201 0.822046 0.495925
4204 0.82923 0.573473
4207 0.840418 0.36136
4210 0.854474 0.538831
4213 0.866229 0.462873
4216 0.877644 0.36684
4219 0.88267 0.359826
4222 0.879348 0.275889
4225 0.869324 0.353125
4228 0.854019 0.381634
4231 0.852571 0.411023
4234 0.853139 0.209558
4237 0.846125 0.354374
4240 0.83136 0.474146
4243 0.808729 0.564926
4246 0.79808 0.575035
4249 0.785075 0.575376
4252 0.771701 0.656899
4255 0.78428 0.506829
4258 0.791038 0.645115
4261 0.785501 0.647954
4264 0.811739 0.571798
4267 0.816026 0.28208
4270 0.804952 0.201011
4273 0.807934 0.182667
4276 0.738763 0.195474
4279 0.708834 0.181361
4282 0.69103 0.304597
4285 0.6751 0.324105
4288 0.649771 0.496891
4291 0.684641 0.528722
4294 0.677258 0.499191
4297 0.691115 0.557827
4300 0.70165 0.518642
4303 0.71261 0.5116
4306 0.703041 0.515234
4309 0.707215 0.596388
4312 0.735355 0.612857
4315 0.777494 0.561036
4318 0.781299 0.464406
4321 0.735469 0.614987
4324 0.731181 0.508732
4327 0.731266 0.497799
4330 0.73615 0.466877
4333 0.76446 0.420365
4336 0.794872 0.588608
4339 0.824375 0.609194
4342 0.820456 0.336854
4345 0.758781 0.608854
4348 0.717977 0.617997
4351 0.685976 0.588409
4354 0.6866 0.52239
4357 0.679161 0.517108
4360 0.639833 0.469688
4363 0.602039 0.35568
4366 0.559673 0.347815
4369 0.526479 0.351762
4372 0.53389 0.292444
4375 0.536559 0.323878
4378 0.558509 0.381577
4381 0.585286 0.453361
4384 0.666383 0.593265
4387 0.728114 0.598063
4390 0.679927 0.554902
4393 0.590397 0.535196
4396 0.494789 0.506233
4399 0.393446 0.36383
4402 0.354062 0.458529
4405 0.378482 0.471931
4408 0.38737 0.595167
4411 0.378397 0.534145
4414 0.373825 0.318767
4417 0.354885 0.197547
4420 0.277877 0.243547
4423 0.21978 0.187523
4426 0.217253 0.162706
4429 0.219099 0.201039
4432 0.335491 0.278615
4435 0.41108 0.374081
4438 0.444643 0.24633
4441 0.478576 0.481074
4444 0.465116 0.464122
4447 0.474771 0.453787
4450 0.373456 0.541159
4453 0.289122 0.471988
4456 0.251327 0.346509
4459 0.255871 0.321862
4462 0.263992 0.331573
4465 0.287844 0.198512
4468 0.284465 0.164693
4471 0.314564 0.290541
4474 0.403839 0.3709
4477 0.484737 0.31269
4480 0.671891 0.475168
4483 0.731664 0.392083
4486 0.785814 0.545163
4489 0.757362 0.41108
4492 0.676577 0.456512
4495 0.613227 0.467388
4498 0.58415 0.364881
4501 0.507766 0.382287
4504 0.480819 0.380044
4507 0.455206 0.366641
4510 0.494307 0.287418
4513 0.462561 0.367379
4516 0.483914 0.327314
4519 0.53636 0.408553
4522 0.55459 0.363688
4525 0.6314 0.365023
4528 0.710963 0.598234
4531 0.826675 0.463668
4534 0.860579 0.499446
4537 0.835619 0.558594
4540 0.801431 0.543743
4543 0.766136 0.49743
4546 0.760201 0.430644
4549 0.782037 0.360735
4552 0.752563 0.272823
4555 0.746997 0.309424
4558 0.608456 0.364852
4561 0.622597 0.448959
4564 0.657495 0.438709
4567 0.663941 0.584178
4570 0.652867 0.441264
4573 0.521623 0.422892
4576 0.382968 0.327484
4579 0.254508 0.250447
4582 0.178607 0.119999
4585 0.181617 0.135247
4588 0.229719 0.30065
4591 0.29747 0.268819
4594 0.407843 0.387739
4597 0.455575 0.383394
4600 0.504529 0.384757
4603 0.58716 0.3778
4606 0.630179 0.387228
4609 0.644887 0.316012
4612 0.604424 0.335293
4615 0.544936 0.263708
4618 0.531419 0.163387
4621 0.535906 0.276883
4624 0.460772 0.32862
4627 0.37817 0.28773
4630 0.302524 0.282222
4633 0.238322 0.185677
4636 0.233808 0.24102
4639 0.275861 0.19235
4642 0.417866 0.279013
4645 0.493994 0.3594
4648 0.467189 0.220263
4651 0.387881 0.296107
4654 0.246074 0.197206
4657 0.175739 0.115257
4660 0.211716 0.281881
4663 0.228469 0.357469
4666 0.291535 0.418179
4669 0.389017 0.425647
4672 0.456882 0.458926
4675 0.495045 0.31198
4678 0.420166 0.218048
4681 0.275946 0.228327
4684 0.197177 0.0791095
4687 0.159724 0.224494
4690 0.194253 0.341795
4693 0.200074 0.427975
4696 0.215351 0.418548
4699 0.293523 0.392708
4702 0.371241 0.41974
4705 0.353863 0.289491
4708 0.28509 0.306329
4711 0.255246 0.243292
4714 0.31658 0.290258
4717 0.399353 0.344862
4720 0.463469 0.333646
4723 0.405287 0.201238
4726 0.394951 0.230854
4729 0.491836 0.550132
4732 0.570321 0.515632
4735 0.597865 0.548826
4738 0.46665 0.451203
4741 0.351336 0.302297
4744 0.270636 0.322997
4747 0.158759 0.17625
4750 0.0921714 0.0919158
4753 0.0790243 0.0447795
4756 0.0736008 0.148337
4759 0.0378226 0.094585
4762 0.00116421 0.0642303
4765 2.83954e-05 0.164296
4768 2.83954e-05 0.194735
4771 0 0.114462
4774 0 0.0810688
4777 0 0.11537
4780 0 0.0928813
4783 0 0.11821
4786 0 0.0935912
4789 0 0.0990147
4792 0 0.16157
4795 2.83954e-05 0.0908368
4798 2.83954e-05 0.115484
4801 0 0.111168
4804 0 0.0681205
4807 0 0.0730045
4810 0 0.129966
4813 0 0.0858392
4816 0 0.160945
4819 0 0.0481018
4822 0 0.131698
4825 0 0.0444672
4828 0 0.148139
4831 0 0.106227
4834 0 0.10353
4837 0 0.140671
4840 0 0.172445
4843 0 0.167419
4846 0 0.151717
4849 0 0.156203
4852 0 0.121021
4855 0 0.127808
4858 0 0.172275
4861 0 0.0772922
4864 0 0.154215
4867 0 0.143028
4870 0 0.133288
4873 0 0.135673
4876 0 0.143624
4879 0 0.16918
4882 0 0.194707
4885 0 0.141835
4888 0 0.0699094
4891 0 0.102564
4894 0 0.123662
4897 0 0.104609
4900 0 0.124287
4903 0 0.0976517
4906 0 0.178351
4909 0 0.205384
4912 0 0.170656
4915 0 0.125905
4918 0 0.112786
4921 0 0.114291
4924 0.0199903 0.0355226
4927 0.151603 0.0929665
4930 0.157822 0.208138
4933 0.109493 0.231649
4936 0.100378 0.190419
4939 0.165261 0.20226
4942 0.196127 0.211205
4945 0.179118 0.177613
4948 0.0727206 0.118466
4951 0.000283954 0.023199
4954 8.51861e-05 0.144731
4957 0 0.103927
4960 0 0.149076
4963 0 0.156231
4966 0 0.17077
4969 0 0.151291
4972 0 0.171849
4975 0.0146236 0.0281398
4978 0.126842 0.147145
4981 0.14723 0.208564
4984 0.22208 0.296306
4987 0.185479 0.198086
4990 0.156373 0.341369
4993 0.12193 0.214073
4996 0.0381634 0.118182
4999 2.83954e-05 0.0198768
5002 0 0.160122
5005 0 0.13502
5008 0 0.124173
5011 0 0.19624
5014 0 0.142971
5017 0 0.123406
5020 0 0.118068
5023 0 0.0643155
5026 0 0.125706
5029 0.014794 0.028509
5032 0.057813 0.107647
5035 0.0484993 0.136582
5038 0.0175767 0.082517
5041 0 0.0167817
5044 0 0.0807565
5047 0 0.151291
5050 0 0.135758
5053 0 0.125479
5056 0.0656501 0.0375103
5059 0.164977 0.123974
5062 0.22032 0.2166
5065 0.259392 0.198739
5068 0.280717 0.244456
5071 0.313059 0.227277
5074 0.325525 0.244967
5077 0.344777 0.283499
5080 0.295709 0.361615
5083 0.170088 0.30048
5086 0.241105 0.266263
5089 0.281654 0.248261
5092 0.156118 0.120112
5095 0.0435017 0.126217
5098 0.000482721 0.138541
5101 2.83954e-05 0.127382
5104 0 0.11679
5107 0 0.126047
5110 0 0.14351
5113 0 0.175625
5116 0 0.145157
5119 0 0.0881676
5122 0 0.0923702
5125 0 0.0529858
5128 0 0.110373
5131 0 0.169662
5134 0 0.113865
5137 0 0.132805
5140 0 0.0941307
5143 0 0.124258
5146 0 0.100633
5149 0 0.178891
5152 0 0.0830849
5155 0 0.105063
5158 0 0.089417
5161 0 0.183292
5164 0 0.213476
5167 0 0.125082
5170 0 0.120112
5173 0 0.129738
5176 0 0.111509
5179 0 0.151319
5182 0 0.0885084
5185 2.83954e-05 0.194168
5188 0 0.157197
5191 0 0.163387
5194 0 0.137263
5197 0 0.12988
5200 0 0.146463
5203 0 0.200926
5206 0 0.149672
5209 0 0.136326
5212 0 0.176449
5215 0 0.174319
5218 2.83954e-05 0.159923
5221 0 0.122838
5224 0 0.199648
5227 0 0.0872874
5230 0 0.181503
5233 0 0.153562
5236 0 0.122469
5239 0 0.168044
5242 0 0.171622
5245 0 0.162791
5248 0 0.128177
5251 0 0.161513
5254 0 0.135247
5257 0 0.0936196
5260 0 0.168271
5263 0 0.162052
5266 0.00207286 0.00851861
5269 0.113809 0.107789
5272 0.206264 0.122185
5275 0.19661 0.224835
5278 0.180339 0.249368
5281 0.187523 0.246955
5284 0 0.198654
5287 0.129966 0.143453
5290 0.0912911 0.166851
5293 0.0559389 0.081154
5296 0.0239657 0.0280262
5299 0.00749638 0.079933
5302 0.00113582 0.0778317
5305 0.0781441 0.0765823
5308 0.160491 0.156572
5311 0.222336 0.236817
5314 0.230287 0.28702
5317 0.225601 0.293296
5320 0.204163 0.272226
5323 0.164352 0.122214
5326 0.112616 0.120368
5329 0.0715847 0.0962319
5332 0.0395264 0.0561945
5335 0.00988159 0.0318028
5338 0.00224323 0.0270892
5341 0.00036914 0.129568
5344 0.0641452 0.0623562
5347 0.105517 0.14953
5350 0.137462 0.189908
5353 0.129256 0.211574
5356 0.166056 0.183463
5359 0.175909 0.201778
5362 0.141693 0.126757
5365 0.0975949 0.0749354
5368 0.0707045 0.0544339
5371 0.0992418 0.0855553
5374 0.14652 0.184598
5377 0.222279 0.310361
5380 0.25553 0.4148
5383 0.275293 0.410285
5386 0.230968 0.387483
5389 0.18298 0.284436
5392 0.143226 0.221257
5395 0.107193 0.168867
5398 0.0838232 0.121788
5401 0.0715847 0.0773206
5404 0.0574438 0.0455746
5407 0.0725786 0.0624982
5410 0.128319 0.105574
5413 0.161996 0.157168
5416 0.190789 0.143567
5419 0.217622 0.213107
5422 0.216515 0.249027
5425 0.211034 0.225658
5428 0.210892 0.201295
5431 0.24579 0.168044
5434 0.322202 0.211034
5437 0.387256 0.214811
5440 0.412414 0.334753
5443 0.399779 0.380328
5446 0.413068 0.418236
5449 0.411477 0.478576
5452 0.412556 0.54167
5455 0.411364 0.422552
5458 0.415282 0.434989
5461 0.394611 0.391203
5464 0.397507 0.264446
5467 0.389925 0.289888
5470 0.39072 0.280887
5473 0.397053 0.27305
5476 0.411051 0.223557
5479 0.414714 0.188205
5482 0.435102 0.211886
5485 0.454099 0.244087
5488 0.476332 0.259505
5491 0.497004 0.294432
5494 0.51654 0.276628
5497 0.545788 0.243859
5500 0.567027 0.109322
5503 0.615271 0.192577
5506 0.638953 0.145129
5509 0.656927 0.111849
5512 0.66979 0.151177
5515 0.671948 0.151007
5518 0.665389 0.186927
5521 0.682227 0.203794
5524 0.676406 0.194821
5527 0.672232 0.190249
5530 0.687708 0.217793
5533 0.699861 0.201522
5536 0.704319 0.220575
5539 0.704915 0.209955
5542 0.70483 0.210523
5545 0.718659 0.223273
5548 0.73899 0.0324275
5551 0.764971 0.0557969
5554 0.791436 0.0605957
5557 0.814067 0.0860664
5560 0.836585 0.116279
5563 0.84763 0.178153
5566 0.855808 0.197319
5569 0.859982 0.248715
5572 0.851748 0.257944
5575 0.84533 0.23182
5578 0.840304 0.253769
5581 0.836528 0.260187
5584 0.835619 0.283812
5587 0.843797 0.297924
5590 0.852997 0.337678
5593 0.854445 0.145072
5596 0.862424 0.131073
5599 0.860153 0.150212
5602 0.856887 0.162251
5605 0.851833 0.117585
5608 0.840276 0.172417
5611 0.828719 0.138995
5614 0.813244 0.147145
5617 0.809978 0.163529
5620 0.811256 0.211716
5623 0.808984 0.172672
5626 0.808473 0.195218
5629 0.80464 0.220348
5632 0.804469 0.246387
5635 0.804214 0.361189
5638 0.802794 0.28827
5641 0.800409 0.158134
5644 0.793992 0.0761564
5647 0.792117 0.0688872
5650 0.793764 0.0571599
5653 0.785814 0.0582389
5656 0.78411 0.0586365
5659 0.78323 0.0658773
5662 0.787801 0.05185
5665 0.791351 0.0657637
5668 0.794701 0.0868615
5671 0.798819 0.301019
5674 0.798364 0.103359
5677 0.799529 0.189227
5680 0.799784 0.0996962
5683 0.800494 0.0918306
5686 0.800437 0.0449215
5689 0.800522 0.226595
5692 0.800182 0.169236
5695 0.805889 0.21819
5698 0.804299 0.197263
5701 0.798876 0.118267
5704 0.792458 0.0919158
5707 0.790414 0.109777
5710 0.778999 0.0243632
5713 0.759775 0.0238521
5716 0.755289 0.0130619
5719 0.750518 0.121873
5722 0.738848 0.355624
5725 0.7374 0.214783
5728 0.735866 0.321095
5731 0.736065 0.178295
5734 0.734901 0.213533
5737 0.733481 0.143283
