frame_number static_density dynamic_density
1 0.0700997 0.113026
4 0.0688721 0.0755409
7 0.0775017 0.0933638
10 0.0860465 0.113961
13 0.0905155 0.120294
16 0.0944047 0.134823
19 0.0970912 0.112495
22 0.0997892 0.165501
25 0.102824 0.0562923
28 0.107649 0.0645166
31 0.110684 0.0811282
34 0.112333 0.0928612
37 0.113641 0.090487
40 0.11493 0.0925331
43 0.116303 0.0856129
46 0.117381 0.0918764
49 0.118208 0.0780368
52 0.120926 0.0794789
55 0.12766 0.0743171
58 0.132603 0.0816384
61 0.135078 0.0876552
64 0.130646 0.0771453
67 0.126692 0.0291183
70 0.121364 0.0289482
73 0.123385 0.0193583
76 0.125885 0.0268212
79 0.129685 0.0405073
82 0.136869 0.0512073
85 0.148805 0.0634714
88 0.160611 0.0788753
91 0.173544 0.0973869
94 0.179511 0.0997771
97 0.185532 0.178932
100 0.185718 0.0951097
103 0.184381 0.0948422
106 0.179102 0.114731
109 0.180439 0.111174
112 0.186646 0.1179
115 0.192586 0.135508
118 0.196758 0.126392
121 0.197354 0.138858
124 0.198335 0.127923
127 0.199575 0.129005
130 0.202759 0.129041
133 0.20583 0.136751
136 0.210554 0.151839
139 0.214772 0.14724
142 0.216385 0.148711
145 0.218276 0.162228
148 0.216631 0.131234
151 0.215347 0.120294
154 0.212762 0.104092
157 0.208865 0.123831
160 0.206317 0.110729
163 0.204331 0.120444
166 0.202224 0.116518
169 0.201155 0.115505
172 0.19932 0.135885
175 0.198367 0.103918
178 0.197488 0.116133
181 0.197982 0.09041
184 0.197561 0.0913864
187 0.196147 0.0853821
190 0.196439 0.0842275
193 0.195782 0.0606596
196 0.196345 0.104704
199 0.196167 0.084276
202 0.196094 0.0434244
205 0.196803 0.0568714
208 0.196467 0.0298841
211 0.196637 0.0690908
214 0.196297 0.0632323
217 0.195705 0.0577303
220 0.197824 0.141187
223 0.197306 0.043007
226 0.197022 0.0569119
229 0.196799 0.0650961
232 0.197156 0.029795
235 0.198242 0.0475407
238 0.197289 0.0468682
241 0.195713 0.0287497
244 0.196957 0.0122802
247 0.195187 0.0609635
250 0.194834 0.0543918
253 0.194194 0.0433149
256 0.194312 0.0586825
259 0.194502 0.0451341
262 0.194328 0.0559274
265 0.194595 0.0684628
268 0.194336 0.0466859
271 0.192991 0.103492
274 0.192768 0.0486833
277 0.196731 0.0259703
280 0.201426 0.0252613
283 0.207245 0.0320638
286 0.213273 0.0315129
289 0.212548 0.0574751
292 0.210299 0.0513978
295 0.207657 0.121437
298 0.203095 0.0644072
301 0.199955 0.063508
304 0.197922 0.071388
307 0.197261 0.0730207
310 0.197509 0.0540475
313 0.196512 0.0555587
316 0.197059 0.0388785
319 0.195146 0.045519
322 0.195543 0.100782
325 0.195973 0.0832024
328 0.196187 0.0809172
331 0.196216 0.0891905
334 0.196321 0.0376671
337 0.196115 0.0281298
340 0.196803 0.0157078
343 0.199258 0.0262945
346 0.201564 0.0611537
349 0.202492 0.040799
352 0.201272 0.0337088
355 0.200932 0.0374848
358 0.200981 0.0459282
361 0.200911 0.0581841
364 0.20064 0.0345393
367 0.199935 0.0284458
370 0.198197 0.0385787
373 0.197671 0.0763308
376 0.197107 0.0628596
379 0.196479 0.0748561
382 0.197492 0.0388705
385 0.201037 0.0515801
388 0.203428 0.0579208
391 0.2072 0.0608338
394 0.208942 0.0613362
397 0.212268 0.113824
400 0.21303 0.0743254
403 0.214934 0.0631513
406 0.221554 0.0617981
409 0.231554 0.0684387
412 0.241832 0.0836118
415 0.254024 0.104696
418 0.264902 0.122936
421 0.271668 0.15346
424 0.284021 0.16698
427 0.296775 0.187043
430 0.306608 0.19842
433 0.316769 0.213715
436 0.327145 0.226144
439 0.331784 0.230338
442 0.334053 0.240657
445 0.338409 0.263738
448 0.344855 0.263678
451 0.351613 0.271036
454 0.356527 0.274973
457 0.361652 0.276222
460 0.364302 0.283936
463 0.367336 0.28825
466 0.367434 0.278811
469 0.367017 0.278891
472 0.37042 0.302208
475 0.370153 0.282983
478 0.368499 0.275197
481 0.369168 0.261831
484 0.369788 0.260506
487 0.371007 0.243412
490 0.370914 0.253768
493 0.370986 0.273693
496 0.371951 0.237468
499 0.373807 0.164415
502 0.382384 0.130427
505 0.392865 0.0560732
508 0.405863 0.0935418
511 0.414986 0.073098
514 0.420974 0.11444
517 0.428567 0.14831
520 0.443748 0.197743
523 0.452078 0.106438
526 0.461134 0.105344
529 0.46645 0.135321
532 0.469869 0.0946113
535 0.47217 0.156194
538 0.474856 0.124544
541 0.477761 0.0879711
544 0.479033 0.0945832
547 0.478405 0.129738
550 0.475808 0.0997651
553 0.474576 0.094421
556 0.473426 0.0859371
559 0.47121 0.102281
562 0.46965 0.11717
565 0.466182 0.196759
568 0.464667 0.157536
571 0.466842 0.131464
574 0.46916 0.0934565
577 0.473693 0.0497853
580 0.479381 0.0476947
583 0.484839 0.0615266
586 0.4896 0.0651608
589 0.494798 0.072251
592 0.500454 0.068236
595 0.517774 0.0992302
598 0.532664 0.0727575
601 0.544166 0.0310753
604 0.55188 0.0830282
607 0.564816 0.0936758
610 0.57802 0.0820965
613 0.58554 0.0992466
616 0.591715 0.096297
619 0.595179 0.10854
622 0.608196 0.148055
625 0.610299 0.143554
628 0.610676 0.133604
631 0.615149 0.152471
634 0.617503 0.12642
637 0.618183 0.138627
640 0.618208 0.114172
643 0.618038 0.0838463
646 0.618232 0.146224
649 0.619228 0.100859
652 0.621056 0.10049
655 0.622122 0.115047
658 0.623277 0.0994611
661 0.623418 0.109643
664 0.625026 0.101993
667 0.625537 0.0852445
670 0.624516 0.138935
673 0.625812 0.113099
676 0.626238 0.128916
679 0.627247 0.113734
682 0.629487 0.103306
685 0.629961 0.108184
688 0.629661 0.111113
691 0.629738 0.110931
694 0.630233 0.10267
697 0.633454 0.137947
700 0.633474 0.155344
703 0.634033 0.113147
706 0.6349 0.113876
709 0.635852 0.118896
712 0.63821 0.120383
715 0.63842 0.097484
718 0.63981 0.0853981
721 0.642711 0.229021
724 0.643327 0.0953405
727 0.643797 0.128191
730 0.64372 0.115493
733 0.644547 0.094259
736 0.645292 0.0794629
739 0.646528 0.032076
742 0.647249 0.0754921
745 0.650802 0.221732
748 0.653869 0.0352321
751 0.653561 0.133599
754 0.654278 0.127214
757 0.654278 0.13432
760 0.654922 0.162503
763 0.656004 0.0843328
766 0.65664 0.0998419
769 0.656632 0.0699417
772 0.663119 0.207686
775 0.662904 0.128166
778 0.662973 0.130135
781 0.662037 0.0611417
784 0.661701 0.0322786
787 0.662648 0.0270318
790 0.661709 0.0392067
793 0.6616 0.0630541
796 0.657361 0.115294
799 0.656596 0.0694636
802 0.654185 0.0505348
805 0.652674 0.0538732
808 0.652042 0.043866
811 0.653674 0.0610162
814 0.661146 0.0584353
817 0.669301 0.0940363
820 0.696677 0.161713
823 0.713082 0.100652
826 0.739032 0.0616968
829 0.750908 0.080504
832 0.757973 0.087023
835 0.76098 0.0567539
838 0.761794 0.102727
841 0.763317 0.0644924
844 0.76371 0.0673163
847 0.777494 0.164541
850 0.777202 0.100648
853 0.77721 0.0691557
856 0.775444 0.0687748
859 0.774994 0.10551
862 0.775306 0.0662345
865 0.774386 0.110137
868 0.772859 0.0466818
871 0.777636 0.142363
874 0.778515 0.147675
877 0.778231 0.117904
880 0.780083 0.132197
883 0.779791 0.0883439
886 0.779512 0.0734424
889 0.779334 0.0345434
892 0.77657 0.0518516
895 0.779738 0.136424
898 0.773102 0.133668
901 0.772429 0.0632202
904 0.772587 0.0510331
907 0.766247 0.235143
910 0.766851 0.0859612
913 0.768102 0.0760311
916 0.77029 0.0847823
919 0.770464 0.0541244
922 0.771003 0.0618629
925 0.770946 0.0403006
928 0.771578 0.0533628
931 0.771899 0.194611
934 0.772118 0.0978728
937 0.771797 0.0723767
940 0.771084 0.0628271
943 0.769714 0.0951016
946 0.767101 0.0569605
949 0.767535 0.076258
952 0.766713 0.062661
955 0.779236 0.15271
958 0.778592 0.116867
961 0.776133 0.123835
964 0.773251 0.0569808
967 0.773483 0.0670649
970 0.772482 0.0398104
973 0.770857 0.0398792
976 0.770112 0.0656511
979 0.76835 0.0530386
982 0.758832 0.123936
985 0.756045 0.0963534
988 0.755713 0.0634511
991 0.761425 0.0826877
994 0.762989 0.0367353
997 0.761806 0.0152095
1000 0.762398 0.0137996
1003 0.761948 0.0177458
1006 0.759387 0.106021
1009 0.759804 0.0529658
1012 0.752986 0.0519488
1015 0.752411 0.0842519
1018 0.753926 0.0659954
1021 0.753189 0.0778178
1024 0.752646 0.066668
1027 0.752536 0.0666275
1030 0.752504 0.109023
1033 0.752354 0.104327
1036 0.758233 0.186493
1039 0.757366 0.0768009
1042 0.756247 0.0429179
1045 0.756713 0.0322057
1048 0.757139 0.0394538
1051 0.758156 0.0391338
1054 0.758208 0.0406369
1057 0.75792 0.0339154
1060 0.758545 0.0290373
1063 0.752455 0.152767
1066 0.752265 0.0279597
1069 0.751017 0.0319991
1072 0.752208 0.0303784
1075 0.751082 0.0323798
1078 0.751924 0.0283608
1081 0.752212 0.0290049
1084 0.753448 0.032469
1087 0.757369 0.107058
1090 0.756709 0.0280853
1093 0.757856 0.0300624
1096 0.758257 0.0281379
1099 0.757957 0.0276072
1102 0.756438 0.0319504
1105 0.756138 0.0306985
1108 0.755279 0.0358723
1111 0.757674 0.120529
1114 0.755409 0.0583381
1117 0.756373 0.0328094
1120 0.754615 0.0372458
1123 0.755555 0.0386597
1126 0.755466 0.0282352
1129 0.756069 0.0320477
1132 0.759675 0.041042
1135 0.757102 0.0521555
1138 0.763617 0.0807066
1141 0.76525 0.0492302
1144 0.762552 0.0388299
1147 0.76151 0.0453691
1150 0.760351 0.039462
1153 0.758095 0.0432137
1156 0.75615 0.0420266
1159 0.757034 0.0427801
1162 0.756251 0.0978365
1165 0.754744 0.0426343
1168 0.754412 0.0356454
1171 0.755737 0.0333077
1174 0.754663 0.0411434
1177 0.754116 0.0367717
1180 0.756 0.0365489
1183 0.758816 0.0481323
1186 0.766227 0.123058
1189 0.766554 0.0740256
1192 0.765614 0.119326
1195 0.766733 0.0793614
1198 0.76922 0.119342
1201 0.76935 0.0552873
1204 0.77025 0.0606393
1207 0.768439 0.0481444
1210 0.767182 0.0414716
1213 0.770777 0.144093
1216 0.770067 0.0562839
1219 0.768236 0.14479
1222 0.768264 0.0996597
1225 0.767649 0.0516813
1228 0.765995 0.0228831
1231 0.766846 0.024767
1234 0.766644 0.0316911
1237 0.756904 0.124261
1240 0.754225 0.0259217
1243 0.759338 0.0303095
1246 0.761976 0.0366259
1249 0.761397 0.0271777
1252 0.75786 0.0279151
1255 0.754972 0.0332469
1258 0.754193 0.031845
1261 0.755077 0.117608
1264 0.753261 0.0705734
1267 0.753582 0.0645777
1270 0.753768 0.0602747
1273 0.751816 0.0773844
1276 0.752796 0.0362328
1279 0.752649 0.0286444
1282 0.75286 0.0337534
1285 0.751155 0.0239972
1288 0.750851 0.0503687
1291 0.749019 0.0362734
1294 0.75079 0.0298922
1297 0.752131 0.0430232
1300 0.750879 0.0346001
1303 0.752447 0.0314075
1306 0.752431 0.0288023
1309 0.748638 0.0191192
1312 0.742561 0.100454
1315 0.738198 0.0392999
1318 0.734154 0.0282959
1321 0.73272 0.0376509
1324 0.728337 0.0628271
1327 0.727894 0.0600885
1330 0.726744 0.0596185
1333 0.723831 0.0389636
1336 0.72896 0.16557
1339 0.726108 0.105085
1342 0.726684 0.065562
1345 0.727612 0.081055
1348 0.727993 0.102224
1351 0.727437 0.058731
1354 0.728552 0.0763349
1357 0.730687 0.0857467
1360 0.731343 0.0599263
1363 0.727789 0.180241
1366 0.727635 0.0664088
1369 0.731375 0.0561826
1372 0.733713 0.0573171
1375 0.731788 0.0507901
1378 0.730845 0.0520622
1381 0.731622 0.0430475
1384 0.731468 0.0344381
1387 0.730208 0.0649826
1390 0.731327 0.0757517
1393 0.732445 0.0278705
1396 0.733737 0.0691517
1399 0.734459 0.0660725
1402 0.735754 0.054469
1405 0.73684 0.0877929
1408 0.739171 0.0498906
1411 0.755336 0.0842679
1414 0.754749 0.0819059
1417 0.754802 0.112681
1420 0.756037 0.0968722
1423 0.756649 0.169216
1426 0.755109 0.123236
1429 0.755222 0.0919538
1432 0.754805 0.116757
1435 0.756657 0.138097
1438 0.761016 0.212009
1441 0.760242 0.205478
1444 0.761713 0.255202
1447 0.764014 0.305705
1450 0.766943 0.0899804
1453 0.767268 0.289689
1456 0.771713 0.334653
1459 0.778102 0.355121
1462 0.792841 0.35912
1465 0.79359 0.327554
1468 0.796471 0.409205
1471 0.798776 0.423105
1474 0.803395 0.265311
1477 0.804801 0.322056
1480 0.808042 0.327376
1483 0.809493 0.161676
1486 0.823653 0.170096
1489 0.828263 0.341289
1492 0.830123 0.395317
1495 0.829491 0.48163
1498 0.831253 0.32044
1501 0.834957 0.325047
1504 0.837125 0.436342
1507 0.839624 0.571627
1510 0.843834 0.505709
1513 0.849073 0.539077
1516 0.8449 0.537919
1519 0.846317 0.422457
1522 0.836067 0.423227
1525 0.829605 0.615606
1528 0.827797 0.539709
1531 0.822924 0.491966
1534 0.816939 0.586804
1537 0.807333 0.614411
1540 0.803335 0.550741
1543 0.798744 0.32877
1546 0.794319 0.607471
1549 0.792289 0.60624
1552 0.766733 0.622389
1555 0.761113 0.607107
1558 0.759858 0.655259
1561 0.752123 0.632776
1564 0.756733 0.640969
1567 0.754992 0.649883
1570 0.755486 0.628502
1573 0.753319 0.653979
1576 0.755166 0.622328
1579 0.767369 0.607981
1582 0.772935 0.602597
1585 0.770987 0.613945
1588 0.769743 0.558828
1591 0.759408 0.50607
1594 0.75617 0.628008
1597 0.756065 0.660761
1600 0.75034 0.682019
1603 0.750434 0.692124
1606 0.74654 0.698241
1609 0.752431 0.696301
1612 0.752764 0.652208
1615 0.73772 0.652249
1618 0.722518 0.635568
1621 0.707499 0.65201
1624 0.703338 0.643858
1627 0.706004 0.643003
1630 0.715858 0.646305
1633 0.725107 0.647201
1636 0.716161 0.641305
1639 0.723855 0.387294
1642 0.724063 0.365562
1645 0.721647 0.616684
1648 0.709384 0.612155
1651 0.706147 0.58443
1654 0.710085 0.603622
1657 0.716396 0.588255
1660 0.723944 0.579953
1663 0.730378 0.581545
1666 0.735058 0.542504
1669 0.74654 0.553772
1672 0.754967 0.485475
1675 0.748821 0.571882
1678 0.740216 0.546791
1681 0.724483 0.467211
1684 0.715152 0.496171
1687 0.703768 0.593218
1690 0.707462 0.478815
1693 0.714898 0.316993
1696 0.715217 0.601815
1699 0.716385 0.612362
1702 0.72371 0.608091
1705 0.723633 0.610975
1708 0.71072 0.611364
1711 0.69419 0.58695
1714 0.683303 0.57796
1717 0.676339 0.585026
1720 0.66269 0.586901
1723 0.655474 0.570659
1726 0.650466 0.534207
1729 0.646066 0.537003
1732 0.582574 0.552184
1735 0.545612 0.552455
1738 0.512361 0.426075
1741 0.486152 0.556644
1744 0.461133 0.527587
1747 0.445515 0.545337
1750 0.403561 0.547707
1753 0.383344 0.455627
1756 0.37676 0.534656
1759 0.368872 0.524941
1762 0.369188 0.48787
1765 0.366328 0.512515
1768 0.377036 0.514845
1771 0.375063 0.495434
1774 0.381278 0.382481
1777 0.38238 0.511786
1780 0.373742 0.484503
1783 0.370671 0.429179
1786 0.362932 0.182238
1789 0.348137 0.420453
1792 0.333684 0.412357
1795 0.319622 0.392521
1798 0.320161 0.404817
1801 0.323138 0.390159
1804 0.322271 0.410461
1807 0.32053 0.411859
1810 0.31632 0.443858
1813 0.307795 0.442408
1816 0.298635 0.427417
1819 0.292606 0.408484
1822 0.28832 0.414423
1825 0.279423 0.429268
1828 0.270249 0.436079
1831 0.262961 0.44868
1834 0.256729 0.429791
1837 0.249644 0.423835
1840 0.236732 0.420878
1843 0.22371 0.411413
1846 0.210291 0.370286
1849 0.194162 0.327992
1852 0.173301 0.326351
1855 0.161823 0.280512
1858 0.159327 0.257439
1861 0.151754 0.23157
1864 0.141918 0.228826
1867 0.143903 0.215307
1870 0.160117 0.23524
1873 0.1708 0.248136
1876 0.185386 0.276428
1879 0.207823 0.282768
1882 0.21944 0.334576
1885 0.231784 0.330675
1888 0.24731 0.337351
1891 0.272028 0.371785
1894 0.29272 0.403978
1897 0.290074 0.436087
1900 0.298703 0.443473
1903 0.328936 0.418548
1906 0.371117 0.542456
1909 0.3824 0.519796
1912 0.374661 0.520707
1915 0.373528 0.478162
1918 0.358431 0.422081
1921 0.35767 0.439191
1924 0.352844 0.44342
1927 0.335467 0.410485
1930 0.317795 0.369768
1933 0.287542 0.359051
1936 0.272125 0.346256
1939 0.260206 0.337436
1942 0.253188 0.330695
1945 0.243258 0.297998
1948 0.221586 0.307317
1951 0.188672 0.249096
1954 0.159574 0.192768
1957 0.127336 0.189401
1960 0.111 0.12219
1963 0.089462 0.0992789
1966 0.0671947 0.0525119
1969 0.0443603 0.0400819
1972 0.0193825 0.0210721
1975 0.00716718 0.0152702
1978 0.00716718 0.0134916
1981 0.0073738 0.0173892
1984 0.007074 0.0171663
1987 0.00685116 0.0192934
1990 0.00696053 0.0107203
1993 0.00641763 0.0367677
1996 0.00654728 0.0455838
1999 0.00768577 0.045361
2002 0.0289928 0.0323151
2005 0.0687668 0.0554615
2008 0.10726 0.0709223
2011 0.148023 0.111348
2014 0.187825 0.149579
2017 0.222575 0.174261
2020 0.244891 0.177968
2023 0.25865 0.25718
2026 0.289968 0.295831
2029 0.318317 0.310093
2032 0.310894 0.330382
2035 0.294834 0.323009
2038 0.282048 0.344287
2041 0.279556 0.264943
2044 0.248339 0.256336
2047 0.229523 0.292249
2050 0.222766 0.261733
2053 0.199781 0.269253
2056 0.169034 0.164958
2059 0.138303 0.142906
2062 0.105494 0.215185
2065 0.0804513 0.150539
2068 0.0698404 0.117422
2071 0.0625879 0.101568
2074 0.0504902 0.0550523
2077 0.0328539 0.0180982
2080 0.0174864 0.0174783
2083 0.0124788 0.0225711
2086 0.0122924 0.0327364
2089 0.0110445 0.0201321
2092 0.00999107 0.0221335
2095 0.00958998 0.0137752
2098 0.0144235 0.0147638
2101 0.0270804 0.0348919
2104 0.0460295 0.0496921
2107 0.0691923 0.0756342
2110 0.0969208 0.0936838
2113 0.128847 0.124994
2116 0.161677 0.158342
2119 0.194202 0.19146
2122 0.227218 0.209464
2125 0.265696 0.232708
2128 0.301722 0.257621
2131 0.325987 0.292553
2134 0.340527 0.304306
2137 0.34154 0.308694
2140 0.338931 0.310996
2143 0.338121 0.288798
2146 0.332745 0.300053
2149 0.32294 0.297553
2152 0.299384 0.288157
2155 0.293542 0.286979
2158 0.292812 0.280719
2161 0.287355 0.287258
2164 0.282975 0.283656
2167 0.274103 0.264674
2170 0.260234 0.0846489
2173 0.243364 0.221494
2176 0.212163 0.267568
2179 0.178114 0.244259
2182 0.142347 0.202382
2185 0.118357 0.159241
2188 0.0945749 0.173398
2191 0.0735354 0.128138
2194 0.054153 0.077587
2197 0.0365124 0.0734827
2200 0.0219877 0.0661494
2203 0.0165586 0.084361
2206 0.0124747 0.061158
2209 0.00872296 0.0263269
2212 0.00348432 0.0639252
2215 0.0014545 0.0389312
2218 0.0018394 0.0494328
2221 0.00116279 0.0244469
2224 0.00156794 0.0407868
2227 0.00134511 0.0365692
2230 0.00200956 0.0617211
2233 0.00192853 0.0479945
2236 0.00166923 0.0366259
2239 0.00173811 0.0370837
2242 0.00188802 0.0568268
2245 0.00179888 0.0491168
2248 0.00195689 0.0408922
2251 0.00290495 0.0728062
2254 0.00358966 0.0599141
2257 0.00292521 0.0518515
2260 0.00426221 0.0521838
2263 0.00583422 0.0587027
2266 0.00962644 0.0266267
2269 0.0292561 0.0509845
2272 0.0464589 0.0783648
2275 0.0603515 0.117948
2278 0.0683455 0.113107
2281 0.0752289 0.140961
2284 0.0799084 0.148837
2287 0.0850822 0.158265
2290 0.087975 0.14539
2293 0.0891785 0.178041
2296 0.0895917 0.205199
2299 0.0959406 0.181164
2302 0.102261 0.211628
2305 0.104769 0.213483
2308 0.102281 0.188644
2311 0.0915932 0.207835
2314 0.0782473 0.158633
2317 0.0688762 0.186824
2320 0.0568958 0.173734
2323 0.053148 0.176821
2326 0.0486306 0.118568
2329 0.0462685 0.138583
2332 0.0411191 0.117652
2335 0.0319828 0.0935296
2338 0.0276112 0.121773
2341 0.0245158 0.0903048
2344 0.0204927 0.140183
2347 0.015882 0.109258
2350 0.0132809 0.0705577
2353 0.0136496 0.0566202
2356 0.0114051 0.0488372
2359 0.0100964 0.040402
2362 0.0104611 0.0688153
2365 0.0130905 0.0381978
2368 0.0136861 0.0423143
2371 0.0137306 0.0603152
2374 0.0159468 0.0811361
2377 0.0140305 0.103172
2380 0.0129082 0.0905357
2383 0.0138157 0.0568593
2386 0.0376671 0.084531
2389 0.0567821 0.0918685
2392 0.0633375 0.107921
2395 0.0675231 0.124893
2398 0.0687667 0.133486
2401 0.0686613 0.127551
2404 0.0708533 0.164788
2407 0.0757798 0.158079
2410 0.078162 0.157147
2413 0.0721699 0.169845
2416 0.0599464 0.133838
2419 0.0519243 0.215218
2422 0.0362896 0.145305
2425 0.0215137 0.106316
2428 0.0102747 0.0182603
2431 0.00369095 0.00858925
2434 0.0189896 0.0656956
2437 0.0310267 0.152739
2440 0.0361356 0.0885543
2443 0.0409691 0.117964
2446 0.0449518 0.0815736
2449 0.0488454 0.0938538
2452 0.0505713 0.121542
2455 0.0511709 0.111652
2458 0.0504942 0.0882426
2461 0.0584392 0.11935
2464 0.0472288 0.0938579
2467 0.03396 0.108966
2470 0.0225711 0.0936957
2473 0.0160157 0.0707762
2476 0.0112551 0.0306863
2479 0.00760069 0.0332267
2482 0.00911596 0.0737379
2485 0.0104813 0.0684061
2488 0.0120736 0.120938
2491 0.013366 0.0344502
2494 0.0145207 0.0459606
2497 0.0151446 0.0633782
2500 0.0164898 0.0491613
2503 0.016899 0.0734948
2506 0.0182967 0.066445
2509 0.0254922 0.0703061
2512 0.0417835 0.0806782
2515 0.0541204 0.115104
2518 0.0548172 0.132315
2521 0.0587634 0.131764
2524 0.0633051 0.122567
2527 0.0673083 0.118803
2530 0.0716637 0.127056
2533 0.0744064 0.182351
2536 0.0784337 0.204699
2539 0.0815576 0.208861
2542 0.0826917 0.202933
2545 0.0857022 0.255478
2548 0.0851226 0.259371
2551 0.0743172 0.262617
2554 0.0686291 0.224698
2557 0.0515722 0.186196
2560 0.0357062 0.137416
2563 0.0219877 0.109824
2566 0.00939147 0.0724091
2569 0.00155984 0.0338303
2572 0.000534802 0.0346811
2575 0.000530751 0.0481363
2578 0.000538855 0.0769995
2581 0.000542906 0.0567053
2584 0.000514545 0.0426545
2587 0.000704968 0.117904
2590 0.000603678 0.10113
2593 0.000615833 0.0749008
2596 0.000660398 0.0798193
2599 0.00055506 0.0663237
2602 0.0005267 0.0464832
2605 0.000530751 0.0801435
2608 0.000591525 0.0485334
2611 0.000822463 0.136346
2614 0.000704968 0.0370027
2617 0.00070902 0.0586744
2620 0.00065635 0.0627704
2623 0.000688763 0.0574103
2626 0.0123329 0.0488493
2629 0.0250182 0.0594482
2632 0.032388 0.0790534
2635 0.0375496 0.0805488
2638 0.0495017 0.129127
2641 0.0710277 0.143647
2644 0.0958473 0.144599
2647 0.120813 0.234069
2650 0.138542 0.291957
2653 0.150984 0.295766
2656 0.1582 0.29494
2659 0.169841 0.325856
2662 0.17802 0.360202
2665 0.169508 0.345968
2668 0.161766 0.308249
2671 0.154744 0.283474
2674 0.159391 0.343541
2677 0.16239 0.320245
2680 0.154732 0.301795
2683 0.138842 0.240139
2686 0.13142 0.269063
2689 0.119447 0.255912
2692 0.11102 0.222996
2695 0.0971842 0.184373
2698 0.0780893 0.155875
2701 0.0647921 0.118852
2704 0.0500122 0.0892513
2707 0.0420428 0.0685844
2710 0.0425006 0.0631675
2713 0.0432097 0.0744105
2716 0.0452516 0.0681792
2719 0.045989 0.0654161
2722 0.0446844 0.065485
2725 0.0459931 0.0660401
2728 0.0522202 0.0757315
2731 0.0655214 0.0840816
2734 0.0751682 0.0997205
2737 0.0808443 0.127911
2740 0.0845436 0.124419
2743 0.0862856 0.137958
2746 0.088421 0.134203
2749 0.0944049 0.146268
2752 0.0962846 0.152281
2755 0.098671 0.158492
2758 0.100588 0.173548
2761 0.102281 0.111936
2764 0.104242 0.110773
2767 0.106624 0.116749
2770 0.107694 0.117798
2773 0.109703 0.140147
2776 0.10991 0.136261
2779 0.111697 0.141281
2782 0.115327 0.145892
2785 0.116907 0.151252
2788 0.117028 0.158893
2791 0.118977 0.154436
2794 0.119322 0.147686
2797 0.119212 0.149563
2800 0.120189 0.134969
2803 0.120476 0.142168
2806 0.121789 0.129609
2809 0.12247 0.101876
2812 0.121558 0.152962
2815 0.123017 0.0749251
2818 0.123211 0.079402
2821 0.124086 0.0500649
2824 0.124159 0.0683454
2827 0.123831 0.0687141
2830 0.123361 0.0728183
2833 0.123973 0.0473867
2836 0.124642 0.0956649
2839 0.12484 0.061089
2842 0.124974 0.0380156
2845 0.123957 0.0688923
2848 0.12439 0.0605745
2851 0.130998 0.0383843
2854 0.136447 0.0476055
2857 0.132579 0.0504214
2860 0.128502 0.0499959
2863 0.123795 0.078296
2866 0.125488 0.0725549
2869 0.126858 0.0696985
2872 0.12815 0.0648084
2875 0.127425 0.0625598
2878 0.126704 0.0403087
2881 0.13016 0.0421967
2884 0.133838 0.055818
2887 0.135236 0.0564622
2890 0.13759 0.0457013
2893 0.137189 0.0560328
2896 0.135601 0.05094
2899 0.13663 0.0509886
2902 0.13729 0.0636699
2905 0.136346 0.0470383
2908 0.137995 0.0575156
2911 0.137979 0.0765376
2914 0.138364 0.0536748
2917 0.138182 0.0557815
2920 0.136982 0.0655497
2923 0.138234 0.0591201
2926 0.137643 0.0596668
2929 0.137963 0.0583423
2932 0.141674 0.0573373
2935 0.143445 0.0615998
2938 0.143558 0.0712136
2941 0.148865 0.0626814
2944 0.158399 0.074929
2947 0.171882 0.0929017
2950 0.185435 0.0780123
2953 0.198594 0.08945
2956 0.211709 0.104408
2959 0.227327 0.120898
2962 0.246901 0.151588
2965 0.261992 0.13821
2968 0.277846 0.183988
2971 0.295891 0.153071
2974 0.314857 0.161126
2977 0.329917 0.179986
2980 0.340491 0.184414
2983 0.355883 0.192399
2986 0.378219 0.221072
2989 0.385528 0.235727
2992 0.403359 0.247379
2995 0.420712 0.258294
2998 0.441403 0.264946
3001 0.466737 0.29154
3004 0.490544 0.300328
3007 0.512466 0.299064
3010 0.531026 0.316522
3013 0.561717 0.261717
3016 0.590759 0.343221
3019 0.61309 0.283648
3022 0.626489 0.312438
3025 0.639956 0.206778
3028 0.647274 0.138648
3031 0.663755 0.16113
3034 0.673118 0.154141
3037 0.694441 0.178344
3040 0.680642 0.164326
3043 0.656547 0.134353
3046 0.651657 0.152224
3049 0.648979 0.138862
3052 0.644802 0.147897
3055 0.641561 0.144348
3058 0.643817 0.0909447
3061 0.649984 0.13776
3064 0.654173 0.112977
3067 0.657227 0.123066
3070 0.662102 0.133373
3073 0.661928 0.16004
3076 0.658614 0.136691
3079 0.657203 0.0951788
3082 0.663787 0.148497
3085 0.66999 0.13114
3088 0.685269 0.19891
3091 0.681808 0.160664
3094 0.67777 0.19308
3097 0.673321 0.144794
3100 0.669756 0.146957
3103 0.668605 0.147075
3106 0.665931 0.130589
3109 0.663969 0.111729
3112 0.660396 0.156069
3115 0.659278 0.127113
3118 0.655117 0.113374
3121 0.655693 0.101329
3124 0.656138 0.113715
3127 0.660441 0.0668344
3130 0.664865 0.0870146
3133 0.664663 0.087351
3136 0.671096 0.089308
3139 0.670161 0.0742241
3142 0.670311 0.0899968
3145 0.666907 0.0765173
3148 0.664824 0.0730451
3151 0.663508 0.0875739
3154 0.662929 0.0725385
3157 0.663034 0.0814359
3160 0.662332 0.0808685
3163 0.661486 0.108274
3166 0.660858 0.084924
3169 0.658055 0.0814561
3172 0.658261 0.0870673
3175 0.656896 0.0920386
3178 0.657957 0.0985412
3181 0.661247 0.0913785
3184 0.662997 0.101325
3187 0.669471 0.118852
3190 0.666392 0.115023
3193 0.666304 0.118548
3196 0.665813 0.114403
3199 0.664176 0.109404
3202 0.663528 0.0780288
3205 0.663338 0.0844463
3208 0.661624 0.094514
3211 0.658399 0.102759
3214 0.661287 0.0728508
3217 0.661187 0.102313
3220 0.660664 0.066591
3223 0.659359 0.0158091
3226 0.65869 0.0234179
3229 0.658079 0.0297626
3232 0.655636 0.0480836
3235 0.654943 0.0445101
3238 0.655036 0.112106
3241 0.653601 0.0290292
3244 0.652994 0.0332185
3247 0.652115 0.0293088
3250 0.651657 0.027356
3253 0.651215 0.039701
3256 0.649959 0.029248
3259 0.651187 0.0346123
3262 0.65047 0.119395
3265 0.652528 0.0312697
3268 0.651589 0.0191921
3271 0.653408 0.013208
3274 0.654797 0.0177659
3277 0.658346 0.0287051
3280 0.658941 0.0219229
3283 0.659181 0.0258691
3286 0.675622 0.108188
3289 0.673941 0.0191881
3292 0.674079 0.018321
3295 0.675184 0.0151892
3298 0.673008 0.0382546
3301 0.671012 0.0299043
3304 0.670724 0.0264444
3307 0.670525 0.0294101
3310 0.670331 0.0402317
3313 0.668455 0.0720404
3316 0.667191 0.061162
3319 0.665234 0.04953
3322 0.664561 0.0496435
3325 0.664282 0.0746049
3328 0.663511 0.0520501
3331 0.661786 0.0587756
3334 0.660575 0.0547889
3337 0.650433 0.0998458
3340 0.64947 0.0689857
3343 0.649295 0.073118
3346 0.647768 0.0560652
3349 0.645446 0.0642938
3352 0.645425 0.0523944
3355 0.646208 0.0553682
3358 0.648505 0.0634876
3361 0.654489 0.0882505
3364 0.654282 0.0579936
3367 0.652006 0.0568957
3370 0.649089 0.0545377
3373 0.649129 0.0426991
3376 0.649716 0.0354023
3379 0.650429 0.0304716
3382 0.65051 0.0261243
3385 0.650684 0.0254315
3388 0.651069 0.0542014
3391 0.65188 0.0277773
3394 0.653042 0.0271007
3397 0.653663 0.0287497
3400 0.655899 0.0214327
3403 0.65756 0.0180699
3406 0.657584 0.0296775
3409 0.6563 0.0296492
3412 0.651568 0.170488
3415 0.65 0.0737622
3418 0.648566 0.0749454
3421 0.647853 0.0829106
3424 0.647346 0.0728019
3427 0.647488 0.0874603
3430 0.647731 0.0586257
3433 0.651333 0.0738919
3436 0.688178 0.19246
3439 0.688842 0.0967629
3442 0.690555 0.0729439
3445 0.697881 0.042853
3448 0.706013 0.0173527
3451 0.709128 0.0498703
3454 0.710004 0.0638805
3457 0.710595 0.032469
3460 0.710761 0.0626205
3463 0.706944 0.126561
3466 0.706726 0.06965
3469 0.706417 0.0864919
3472 0.704829 0.060846
3475 0.705793 0.028697
3478 0.70743 0.0580504
3481 0.709197 0.0516206
3484 0.710627 0.0436634
3487 0.706215 0.124074
3490 0.709817 0.0588526
3493 0.711414 0.0606353
3496 0.715732 0.0949072
3499 0.716263 0.114083
3502 0.717121 0.0851631
3505 0.717608 0.0762947
3508 0.717515 0.0349525
3511 0.72247 0.161162
3514 0.723697 0.0698686
3517 0.724969 0.127976
3520 0.724386 0.0567823
3523 0.725095 0.0965442
3526 0.725569 0.118892
3529 0.725051 0.0438619
3532 0.725266 0.0709788
3535 0.725298 0.0321246
3538 0.716437 0.173345
3541 0.717223 0.162191
3544 0.717774 0.0725425
3547 0.717162 0.0637754
3550 0.717397 0.0537679
3553 0.716222 0.0470181
3556 0.718357 0.0710963
3559 0.71747 0.0648125
3562 0.70594 0.112564
3565 0.705822 0.0572077
3568 0.70643 0.0718743
3571 0.709148 0.0866664
3574 0.708585 0.08853
3577 0.71147 0.0486144
3580 0.711778 0.11414
3583 0.71288 0.0934692
3586 0.709821 0.111466
3589 0.709472 0.0748602
3592 0.712778 0.0648691
3595 0.706341 0.125744
3598 0.705344 0.0634955
3601 0.7072 0.0211126
3604 0.706402 0.0273883
3607 0.706276 0.0346244
3610 0.705737 0.0231748
3613 0.706697 0.0909041
3616 0.707095 0.03742
3619 0.708605 0.0237217
3622 0.702395 0.11711
3625 0.704364 0.0548862
3628 0.70357 0.0734097
3631 0.702362 0.0557937
3634 0.7038 0.0740742
3637 0.708925 0.0253342
3640 0.713475 0.0282352
3643 0.713812 0.0238554
3646 0.71089 0.114577
3649 0.713593 0.0875455
3652 0.712933 0.0930882
3655 0.713755 0.0672312
3658 0.716842 0.058176
3661 0.716842 0.0854106
3664 0.718795 0.0575845
3667 0.720995 0.0456446
3670 0.71286 0.0976296
3673 0.715445 0.0832224
3676 0.71662 0.0555547
3679 0.717113 0.0379467
3682 0.717198 0.0305769
3685 0.716737 0.0261567
3688 0.71606 0.0306215
3691 0.715651 0.0237866
3694 0.715619 0.0190746
3697 0.708655 0.0476258
3700 0.706791 0.0778301
3703 0.705664 0.0807959
3706 0.703991 0.0850013
3709 0.703298 0.073446
3712 0.703221 0.0682847
3715 0.703654 0.0643425
3718 0.703614 0.0628232
3721 0.694056 0.155449
3724 0.692464 0.0791223
3727 0.69024 0.0760795
3730 0.689932 0.0930881
3733 0.689604 0.0845921
3736 0.689425 0.0705738
3739 0.692448 0.0715216
3742 0.693116 0.107868
3745 0.684365 0.171817
3748 0.685029 0.0780933
3751 0.684819 0.0808485
3754 0.684625 0.0944209
3757 0.684665 0.0830891
3760 0.683012 0.0772059
3763 0.681995 0.0277692
3766 0.680565 0.0491653
3769 0.678341 0.0783162
3772 0.679414 0.0742849
3775 0.682684 0.0396564
3778 0.682486 0.0556276
3781 0.682578 0.0487885
3784 0.678964 0.0486913
3787 0.679418 0.0349972
3790 0.679102 0.0365611
3793 0.678956 0.0417551
3796 0.671218 0.105972
3799 0.670136 0.0712016
3802 0.667701 0.0978245
3805 0.665979 0.0933309
3808 0.66478 0.0888625
3811 0.699441 0.083012
3814 0.719301 0.0909205
3817 0.744482 0.102666
3820 0.787919 0.219363
3823 0.790147 0.0650877
3826 0.791674 0.0434528
3829 0.793794 0.0254356
3832 0.795608 0.0292156
3835 0.796751 0.0401994
3838 0.79737 0.0425533
3841 0.797435 0.0585933
3844 0.797739 0.0272304
3847 0.798334 0.141147
3850 0.798035 0.0834983
3853 0.796795 0.048343
3856 0.795482 0.0336764
3859 0.794547 0.0342112
3862 0.794547 0.0452273
3865 0.794863 0.0431448
3868 0.794842 0.0428936
3871 0.79398 0.070914
3874 0.794668 0.0494935
3877 0.795102 0.0565392
3880 0.795069 0.0366907
3883 0.794741 0.0348107
3886 0.794936 0.0325257
3889 0.794696 0.0262175
3892 0.794393 0.0318491
3895 0.792185 0.062815
3898 0.792257 0.0442914
3901 0.792375 0.0491492
3904 0.792237 0.0546836
3907 0.7922 0.0400737
3910 0.791456 0.0277652
3913 0.791297 0.0309375
3916 0.791265 0.0339518
3919 0.789089 0.0323353
3922 0.790726 0.11053
3925 0.791671 0.0385098
3928 0.791552 0.0442063
3931 0.790807 0.0556762
3934 0.790321 0.0645532
3937 0.791791 0.0887855
3940 0.792525 0.0320193
3943 0.792792 0.0424763
3946 0.792999 0.126881
3949 0.792821 0.0933313
3952 0.792508 0.072243
3955 0.792747 0.0929422
3958 0.793149 0.0467183
3961 0.793473 0.0535815
3964 0.792699 0.0331577
3967 0.79321 0.0229114
3970 0.797083 0.170286
3973 0.79703 0.103205
3976 0.79652 0.0730453
3979 0.796172 0.0164087
3982 0.793339 0.029953
3985 0.792225 0.0290171
3988 0.791698 0.0306215
3991 0.794352 0.022952
3994 0.794303 0.0118426
3997 0.795381 0.129046
4000 0.795328 0.0955513
4003 0.793875 0.0518231
4006 0.793226 0.0504903
4009 0.792963 0.0964952
4012 0.793173 0.0660239
4015 0.793728 0.0201767
4018 0.794494 0.0188274
4021 0.795729 0.0717851
4024 0.795507 0.0233409
4027 0.795575 0.0281825
4030 0.795259 0.0521838
4033 0.795264 0.0540921
4036 0.795345 0.0611782
4039 0.795341 0.0478446
4042 0.793927 0.0653675
4045 0.782858 0.157945
4048 0.781035 0.100883
4051 0.783158 0.0605786
4054 0.784782 0.0999637
4057 0.782323 0.0833318
4060 0.780723 0.0374848
4063 0.785503 0.082769
4066 0.788685 0.0207925
4069 0.79056 0.0193704
4072 0.793838 0.0961066
4075 0.794178 0.0729315
4078 0.794092 0.0761446
4081 0.79389 0.0426505
4084 0.793866 0.0322826
4087 0.79398 0.0804312
4090 0.793663 0.0403371
4093 0.795413 0.111891
4096 0.795175 0.115752
4099 0.794903 0.0995867
4102 0.793538 0.14654
4105 0.79184 0.134446
4108 0.791512 0.14071
4111 0.793262 0.0686777
4114 0.793635 0.0229479
4117 0.794303 0.0164046
4120 0.793963 0.0919052
4123 0.793862 0.0285431
4126 0.792991 0.0181185
4129 0.792829 0.0587309
4132 0.792225 0.0897174
4135 0.79103 0.10137
4138 0.789851 0.166599
4141 0.789474 0.19844
4144 0.78877 0.251758
4147 0.787164 0.229009
4150 0.786423 0.214071
4153 0.784932 0.18293
4156 0.784041 0.222033
4159 0.78264 0.189648
4162 0.783263 0.258982
4165 0.784774 0.261769
4168 0.784511 0.262508
4171 0.794186 0.330642
4174 0.788486 0.305968
4177 0.79272 0.260599
4180 0.79338 0.229142
4183 0.797383 0.1972
4186 0.800952 0.134175
4189 0.804145 0.253213
4192 0.807325 0.259792
4195 0.805121 0.22097
4198 0.807167 0.290025
4201 0.806616 0.34272
4204 0.806122 0.312053
4207 0.808334 0.327027
4210 0.808095 0.347099
4213 0.810501 0.338385
4216 0.815424 0.483405
4219 0.81935 0.592128
4222 0.818775 0.572118
4225 0.820087 0.519095
4228 0.826416 0.498566
4231 0.833542 0.553622
4234 0.840746 0.545637
4237 0.845507 0.53112
4240 0.849842 0.522247
4243 0.841021 0.594393
4246 0.834709 0.496269
4249 0.817215 0.575176
4252 0.799019 0.554704
4255 0.76002 0.530289
4258 0.753039 0.599336
4261 0.721113 0.609488
4264 0.72266 0.58347
4267 0.726279 0.54951
4270 0.728583 0.599355
4273 0.746925 0.519609
4276 0.75436 0.555984
4279 0.759566 0.525549
4282 0.766907 0.614229
4285 0.760587 0.638712
4288 0.758124 0.641281
4291 0.75645 0.642132
4294 0.72108 0.598327
4297 0.709715 0.578547
4300 0.710672 0.65376
4303 0.705555 0.635362
4306 0.694733 0.624382
4309 0.691577 0.679082
4312 0.695402 0.699056
4315 0.698513 0.69827
4318 0.677704 0.736694
4321 0.65933 0.733697
4324 0.641075 0.452006
4327 0.635293 0.381363
4330 0.61414 0.372766
4333 0.608075 0.708338
4336 0.607301 0.688068
4339 0.604724 0.635564
4342 0.608217 0.685236
4345 0.604935 0.6689
4348 0.611012 0.671655
4351 0.616575 0.677655
4354 0.616518 0.668722
4357 0.614468 0.659493
4360 0.611657 0.647885
4363 0.607666 0.648416
4366 0.607001 0.604603
4369 0.596823 0.549979
4372 0.601402 0.592934
4375 0.597314 0.610963
4378 0.594032 0.61036
4381 0.589762 0.548444
4384 0.590674 0.223163
4387 0.590373 0.482534
4390 0.581821 0.500422
4393 0.5723 0.544608
4396 0.55081 0.562956
4399 0.52625 0.550061
4402 0.510639 0.58926
4405 0.494611 0.563406
4408 0.472612 0.565201
4411 0.459934 0.571101
4414 0.461668 0.564407
4417 0.475788 0.591017
4420 0.485463 0.568597
4423 0.501208 0.553119
4426 0.508622 0.554744
4429 0.494474 0.570461
4432 0.481987 0.232153
4435 0.473098 0.31525
4438 0.462872 0.528421
4441 0.459294 0.620939
4444 0.466141 0.652642
4447 0.479743 0.645762
4450 0.485613 0.611726
4453 0.483741 0.660465
4456 0.486497 0.631821
4459 0.48409 0.609703
4462 0.478527 0.633891
4465 0.476849 0.590037
4468 0.48172 0.63928
4471 0.496889 0.629285
4474 0.516846 0.633863
4477 0.51252 0.60066
4480 0.490316 0.604777
4483 0.467863 0.556786
4486 0.458204 0.54964
4489 0.442265 0.564079
4492 0.444158 0.514553
4495 0.441893 0.521802
4498 0.460368 0.464079
4501 0.482254 0.54374
4504 0.523118 0.529682
4507 0.557929 0.54464
4510 0.597216 0.500344
4513 0.634281 0.551896
4516 0.660895 0.575711
4519 0.67243 0.556268
4522 0.673758 0.510234
4525 0.70867 0.541334
4528 0.721408 0.564598
4531 0.766636 0.559785
4534 0.777522 0.556953
4537 0.779346 0.555729
4540 0.765558 0.564529
4543 0.757759 0.551758
4546 0.733113 0.517049
4549 0.718284 0.552277
4552 0.704676 0.560546
4555 0.697407 0.584993
4558 0.615545 0.599697
4561 0.598696 0.612734
4564 0.596775 0.580629
4567 0.555988 0.588052
4570 0.564918 0.587793
4573 0.532149 0.585277
4576 0.523134 0.563451
4579 0.507807 0.577389
4582 0.483838 0.600279
4585 0.479337 0.576582
4588 0.472964 0.567219
4591 0.471121 0.558014
4594 0.494425 0.562584
4597 0.501479 0.561385
4600 0.497727 0.499133
4603 0.489778 0.445506
4606 0.488935 0.520326
4609 0.481882 0.513949
4612 0.47704 0.49684
4615 0.45564 0.487015
4618 0.442622 0.471813
4621 0.430038 0.447298
4624 0.383518 0.440199
4627 0.360789 0.443631
4630 0.357005 0.459222
4633 0.372255 0.477011
4636 0.381699 0.490904
4639 0.397707 0.488096
4642 0.412187 0.497318
4645 0.425042 0.473025
4648 0.431351 0.461827
4651 0.446962 0.489272
4654 0.455016 0.50393
4657 0.459436 0.486566
4660 0.436322 0.470031
4663 0.427753 0.465396
4666 0.416652 0.383332
4669 0.405737 0.409886
4672 0.386018 0.350668
4675 0.361867 0.432995
4678 0.311835 0.413613
4681 0.273863 0.394186
4684 0.261466 0.376635
4687 0.253209 0.399785
4690 0.269946 0.374569
4693 0.278717 0.37097
4696 0.280277 0.356385
4699 0.2861 0.337253
4702 0.293068 0.407564
4705 0.296305 0.429734
4708 0.296118 0.424229
4711 0.313362 0.446512
4714 0.34026 0.421911
4717 0.357459 0.433924
4720 0.40329 0.461608
4723 0.408666 0.446508
4726 0.417369 0.481881
4729 0.426938 0.477108
4732 0.412187 0.339514
4735 0.404286 0.444692
4738 0.39011 0.464934
4741 0.371011 0.42326
4744 0.360173 0.468467
4747 0.337954 0.461284
4750 0.313641 0.455284
4753 0.286597 0.452046
4756 0.25737 0.407868
4759 0.234661 0.412175
4762 0.208245 0.391573
4765 0.186743 0.362669
4768 0.164488 0.38881
4771 0.149153 0.340402
4774 0.1308 0.309594
4777 0.105186 0.293959
4780 0.0874525 0.235204
4783 0.0698685 0.207192
4786 0.0494976 0.152893
4789 0.0316101 0.114188
4792 0.0166721 0.106398
4795 0.00711855 0.0373957
4798 0.000320072 0.0207723
4801 0.000299814 0.0733733
4804 0.000251195 0.115125
4807 0.000194474 0.0840248
4810 0.000153958 0.099469
4813 0.000117495 0.0932584
4816 9.31855e-05 0.132161
4819 8.9134e-05 0.0798758
4822 0.000174216 0.104096
4825 0.000125598 0.0291103
4828 0.00010534 0.0571064
4831 4.86184e-05 0.108042
4834 0.00076979 0.124662
4837 0.000704965 0.0395754
4840 0.000960215 0.0771939
4843 0.00122357 0.0354226
4846 0.00134106 0.0649137
4849 0.00135727 0.0493396
4852 0.00137752 0.0437849
4855 0.00175837 0.0325582
4858 0.00164898 0.0765985
4861 0.00174621 0.025079
4864 0.00121951 0.0430476
4867 0.00084677 0.0531196
4870 0.000858925 0.039705
4873 0.000478081 0.0585853
4876 0.000700915 0.0620941
4879 0.00057532 0.0583421
4882 0.00052265 0.112001
4885 0.00055911 0.0815088
4888 0.000433514 0.0307228
4891 0.00050644 0.024682
4894 0.000583421 0.00649058
4897 0.00183535 0.00543716
4900 0.004088 0.028689
4903 0.00721172 0.0402682
4906 0.00827322 0.039304
4909 0.00617452 0.0835871
4912 0.00364638 0.0659106
4915 0.00144235 0.0508832
4918 0.0152216 0.0517017
4921 0.0275545 0.122117
4924 0.033729 0.11604
4927 0.0492423 0.115631
4930 0.0719554 0.103573
4933 0.084523 0.142991
4936 0.0918887 0.170919
4939 0.0975368 0.18554
4942 0.102427 0.166847
4945 0.111717 0.146625
4948 0.116486 0.216863
4951 0.10707 0.241621
4954 0.0986997 0.193258
4957 0.090329 0.157135
4960 0.0865125 0.208545
4963 0.076015 0.228933
4966 0.0633497 0.154789
4969 0.0644518 0.147512
4972 0.0668017 0.159019
4975 0.0748035 0.134227
4978 0.078227 0.169314
4981 0.0745562 0.15822
4984 0.0771169 0.157831
4987 0.0819828 0.198311
4990 0.0853618 0.189134
4993 0.0884002 0.190203
4996 0.0919942 0.204355
4999 0.0974515 0.182656
5002 0.089928 0.209424
5005 0.0869055 0.271574
5008 0.0854713 0.248209
5011 0.0724655 0.266858
5014 0.0556315 0.199506
5017 0.0409853 0.15237
5020 0.0271575 0.105368
5023 0.0231667 0.0777813
5026 0.0163722 0.05786
5029 0.00980876 0.0408031
5032 0.011166 0.0817559
5035 0.012422 0.0321449
5038 0.0138319 0.0392513
5041 0.0148853 0.063293
5044 0.017693 0.0605866
5047 0.0304554 0.0567539
5050 0.0488656 0.0717405
5053 0.07168 0.0971113
5056 0.0916743 0.115619
5059 0.117928 0.110676
5062 0.141848 0.142436
5065 0.168374 0.144603
5068 0.190025 0.185252
5071 0.208293 0.171279
5074 0.223106 0.210712
5077 0.230796 0.243469
5080 0.223637 0.207248
5083 0.213686 0.217406
5086 0.199895 0.212066
5089 0.179714 0.26102
5092 0.158715 0.25641
5095 0.154882 0.211235
5098 0.14669 0.246001
5101 0.127518 0.246204
5104 0.109959 0.231399
5107 0.090896 0.239405
5110 0.079621 0.204254
5113 0.069411 0.147674
5116 0.0607205 0.154773
5119 0.0462077 0.092926
5122 0.0277409 0.0653067
5125 0.0082408 0.0225549
5128 0.000283607 0.096714
5131 0.00167734 0.0867512
5134 0.0010615 0.0655863
5137 0.000174216 0.105389
5140 0.000121546 0.0933472
5143 8.5082e-05 0.112515
5146 7.6979e-05 0.0851471
5149 6.8876e-05 0.0548092
5152 5.67215e-05 0.0896322
5155 5.267e-05 0.0656754
5158 5.67215e-05 0.0713192
5161 0.000234989 0.131229
5164 0.000121546 0.10581
5167 8.5082e-05 0.0684021
5170 5.67215e-05 0.100486
5173 5.267e-05 0.0729236
5176 5.267e-05 0.0916983
5179 6.48245e-05 0.120813
5182 4.45669e-05 0.0885908
5185 0.000113443 0.134305
5188 9.7237e-05 0.115108
5191 4.45669e-05 0.103569
5194 8.10305e-06 0.0693744
5197 1.21546e-05 0.133218
5200 0 0.0918686
5203 0 0.0982416
5206 0 0.0881248
5209 0 0.0649258
5212 0 0.114019
5215 0 0.0753788
5218 0.000206629 0.152302
5221 0.000133701 0.0775181
5224 6.8876e-05 0.104202
5227 6.8876e-05 0.0642898
5230 4.86184e-05 0.0866787
5233 5.267e-05 0.108407
5236 4.05153e-05 0.105089
5239 3.64638e-05 0.0977553
5242 3.64638e-05 0.0925289
5245 8.10305e-05 0.106049
5248 5.67215e-05 0.0906085
5251 9.7237e-05 0.114115
5254 3.64638e-05 0.0575561
5257 0.0122194 0.0744592
5260 0.0289888 0.0912567
5263 0.0402115 0.0955838
5266 0.04575 0.0967872
5269 0.050766 0.134965
5272 0.053541 0.142667
5275 0.0570984 0.154271
5278 0.0598654 0.0839238
5281 0.0620897 0.103063
5284 3.64638e-05 0.0807916
5287 0.0673325 0.081286
5290 0.0828499 0.137485
5293 0.105879 0.174021
5296 0.125075 0.197844
5299 0.138858 0.19889
5302 0.149328 0.207057
5305 0.16096 0.210076
5308 0.168532 0.215274
5311 0.173049 0.20598
5314 0.173645 0.211397
5317 0.171217 0.123544
5320 0.167608 0.107706
5323 0.162685 0.102387
5326 0.158439 0.0889999
5329 0.160651 0.103646
5332 0.168276 0.115457
5335 0.173872 0.11843
5338 0.1792 0.129462
5341 0.182979 0.133815
5344 0.188364 0.130711
5347 0.192553 0.161328
5350 0.195021 0.151126
5353 0.208359 0.164152
5356 0.225679 0.170667
5359 0.240122 0.168876
5362 0.24996 0.168155
5365 0.247953 0.154834
5368 0.245438 0.190604
5371 0.245652 0.203501
5374 0.247391 0.200433
5377 0.251397 0.183992
5380 0.254837 0.181303
5383 0.256232 0.184386
5386 0.26732 0.199486
5389 0.281517 0.198845
5392 0.291196 0.208059
5395 0.29733 0.229734
5398 0.29981 0.204691
5401 0.296706 0.193437
5404 0.29289 0.199757
5407 0.292638 0.188239
5410 0.296621 0.124329
5413 0.298335 0.127315
5416 0.302228 0.129653
5419 0.317774 0.137772
5422 0.332372 0.176781
5425 0.342424 0.155141
5428 0.347865 0.163998
5431 0.356896 0.172498
5434 0.362767 0.201268
5437 0.372077 0.170521
5440 0.385893 0.156539
5443 0.396419 0.19688
5446 0.402807 0.257122
5449 0.411263 0.214561
5452 0.414525 0.225326
5455 0.412612 0.211907
5458 0.410956 0.191115
5461 0.407832 0.190507
5464 0.404797 0.186934
5467 0.401345 0.184478
5470 0.403857 0.193947
5473 0.401086 0.166846
5476 0.4003 0.161458
5479 0.409104 0.140738
5482 0.423717 0.126428
5485 0.438242 0.131634
5488 0.452265 0.135888
5491 0.467057 0.13413
5494 0.478948 0.153918
5497 0.492403 0.188749
5500 0.50045 0.17458
5503 0.514314 0.165339
5506 0.522697 0.144401
5509 0.532818 0.143108
5512 0.538218 0.173871
5515 0.53926 0.168604
5518 0.540832 0.14921
5521 0.552609 0.198007
5524 0.560878 0.151836
5527 0.570497 0.134564
5530 0.594207 0.0979542
5533 0.609809 0.0467385
5536 0.621392 0.0776963
5539 0.632441 0.0872014
5542 0.639446 0.0945019
5545 0.65282 0.14686
5548 0.657114 0.216984
5551 0.661717 0.133932
5554 0.669156 0.177794
5557 0.675857 0.158906
5560 0.682177 0.102832
5563 0.687456 0.122526
5566 0.691135 0.180293
5569 0.69184 0.154149
5572 0.690471 0.222814
5575 0.690115 0.180836
5578 0.69015 0.20438
5581 0.691626 0.197537
5584 0.690685 0.202642
5587 0.692233 0.19056
5590 0.695418 0.161539
5593 0.695572 0.124702
5596 0.703314 0.193813
5599 0.701046 0.12815
5602 0.699388 0.0767076
5605 0.699684 0.100964
5608 0.700526 0.0711409
5611 0.69987 0.0680293
5614 0.699684 0.0602057
5617 0.69983 0.0842517
5620 0.710019 0.114346
5623 0.709351 0.102824
5626 0.709569 0.144595
5629 0.70675 0.125537
5632 0.703436 0.092614
5635 0.70156 0.0761527
5638 0.707511 0.0735232
5641 0.714529 0.0697392
5644 0.745089 0.109671
5647 0.787837 0.161835
5650 0.790122 0.0794993
5653 0.787675 0.149323
5656 0.786249 0.143412
5659 0.78304 0.146272
5662 0.784478 0.127331
5665 0.784215 0.120728
5668 0.784305 0.0852927
5671 0.78445 0.193359
5674 0.785682 0.0637671
5677 0.785192 0.0586865
5680 0.786192 0.0630297
5683 0.785868 0.0639819
5686 0.784179 0.0580018
5689 0.784122 0.0632444
5692 0.784434 0.0563488
5695 0.785071 0.105506
5698 0.785852 0.0762297
5701 0.783931 0.117122
5704 0.78208 0.0682644
5707 0.782108 0.0766105
5710 0.779666 0.0381776
5713 0.774904 0.0354468
5716 0.774354 0.0338546
5719 0.773823 0.0813305
5722 0.770558 0.181622
5725 0.770197 0.118823
5728 0.770533 0.0333806
5731 0.770327 0.0466129
5734 0.769926 0.0602017
5737 0.769913 0.0413986
