frame_number static_density dynamic_density
1 0.241463 0.11402
4 0.251634 0.101643
7 0.271014 0.107533
10 0.284428 0.0433134
13 0.285764 0.0640202
16 0.287846 0.0713705
19 0.290733 0.0724407
22 0.293513 0.0703252
25 0.296607 0.0701344
28 0.303045 0.0836735
31 0.305002 0.0919695
34 0.300448 0.0995188
37 0.296217 0.105592
40 0.289871 0.104123
43 0.2871 0.0986146
46 0.28408 0.0953459
49 0.282072 0.0876058
52 0.278746 0.0831508
55 0.279675 0.0155052
58 0.284171 0.0222997
61 0.288419 0.0342376
64 0.289024 0.0326697
67 0.286403 0.0277501
70 0.27955 0.0227393
73 0.277866 0.020823
76 0.278497 0.0277252
79 0.279202 0.0500996
82 0.285698 0.0487722
85 0.299627 0.0651402
88 0.319106 0.0682844
91 0.334843 0.0835407
94 0.347071 0.100929
97 0.349693 0.100241
100 0.34786 0.0888834
103 0.346765 0.0887921
106 0.344384 0.107392
109 0.344384 0.112369
112 0.34445 0.11071
115 0.348324 0.120964
118 0.353244 0.141795
121 0.350722 0.156197
124 0.347967 0.142227
127 0.347959 0.13788
130 0.346416 0.156687
133 0.347586 0.148971
136 0.348946 0.170176
139 0.351958 0.167355
142 0.354206 0.177277
145 0.353119 0.182172
148 0.350498 0.157815
151 0.347835 0.151983
154 0.345014 0.15482
157 0.342575 0.157292
160 0.341239 0.147959
163 0.339331 0.151825
166 0.337349 0.149859
169 0.335806 0.134014
172 0.333806 0.159408
175 0.331533 0.113
178 0.330256 0.148805
181 0.329584 0.133873
184 0.331044 0.108089
187 0.330687 0.0911814
190 0.330869 0.0950805
193 0.330156 0.0513854
196 0.329252 0.0531027
199 0.329418 0.0501493
202 0.330065 0.0264394
205 0.331201 0.0426083
208 0.331674 0.0186992
211 0.332172 0.0615149
214 0.331956 0.0430148
217 0.331973 0.0284221
220 0.332562 0.139298
223 0.332786 0.0363448
226 0.33301 0.0485067
229 0.33286 0.0475361
232 0.332695 0.0347519
235 0.332769 0.0337067
238 0.333259 0.0204413
241 0.331964 0.034893
244 0.332653 0.0123776
247 0.328464 0.0182678
250 0.329658 0.0211631
253 0.33072 0.0176041
256 0.33077 0.0134063
259 0.330612 0.012361
262 0.331193 0.031699
265 0.330878 0.0458354
268 0.330455 0.0234362
271 0.329451 0.127451
274 0.328679 0.0328024
277 0.328696 0.0284055
280 0.333358 0.0253941
283 0.34109 0.0355401
286 0.348822 0.0340053
289 0.355293 0.0421769
292 0.358669 0.0194043
295 0.349817 0.0202257
298 0.343156 0.0520989
301 0.336801 0.0352082
304 0.333433 0.0372242
307 0.334047 0.0290858
310 0.33661 0.0473951
313 0.33856 0.0458354
316 0.34065 0.0442509
319 0.338966 0.0489298
322 0.336353 0.0926332
325 0.334536 0.0607433
328 0.334038 0.0888087
331 0.333408 0.0695454
334 0.333093 0.0475527
337 0.333259 0.0298075
340 0.333416 0.0102539
343 0.336486 0.0253194
346 0.338933 0.0209972
349 0.34153 0.021329
352 0.341098 0.0280239
355 0.339622 0.0235855
358 0.338825 0.0224407
361 0.338767 0.021329
364 0.337987 0.020375
367 0.337755 0.019703
370 0.336419 0.0337398
373 0.336577 0.0203418
376 0.336552 0.0175377
379 0.336162 0.0202339
382 0.336096 0.0225651
385 0.338618 0.0204496
388 0.345304 0.0322051
391 0.353468 0.0528455
394 0.358727 0.0557408
397 0.359225 0.0715115
400 0.358105 0.0509374
403 0.356106 0.0559565
406 0.356089 0.0590592
409 0.365812 0.070657
412 0.378795 0.0961755
415 0.39323 0.11378
418 0.406496 0.133881
421 0.413423 0.157657
424 0.426249 0.174863
427 0.439049 0.178439
430 0.449652 0.196474
433 0.464178 0.201734
436 0.475825 0.209233
439 0.481964 0.222374
442 0.489638 0.258561
445 0.493313 0.29148
448 0.496375 0.289223
451 0.499021 0.29489
454 0.505475 0.303086
457 0.507773 0.301609
460 0.50789 0.310718
463 0.509657 0.313979
466 0.510154 0.301319
469 0.510635 0.301726
472 0.511324 0.335275
475 0.511083 0.322391
478 0.511789 0.31222
481 0.512444 0.300116
484 0.513539 0.283184
487 0.513647 0.259648
490 0.513423 0.284926
493 0.513373 0.323345
496 0.510511 0.224581
499 0.510561 0.187465
502 0.517488 0.0169653
505 0.523444 0.0569355
508 0.529932 0.0540982
511 0.537498 0.0462419
514 0.545429 0.0688402
517 0.551809 0.0694375
520 0.565812 0.0873735
523 0.574125 0.073627
526 0.581973 0.0788867
529 0.587291 0.0844284
532 0.591596 0.0859051
535 0.591654 0.0866351
538 0.588634 0.095487
541 0.584304 0.0934959
544 0.58145 0.111847
547 0.580927 0.137963
550 0.577186 0.117115
553 0.575693 0.115298
556 0.57405 0.100854
559 0.570508 0.121487
562 0.569147 0.13442
565 0.566816 0.253036
568 0.565173 0.314128
571 0.564676 0.112452
574 0.568558 0.0303883
577 0.574423 0.0420192
580 0.580762 0.0470549
583 0.58768 0.0561307
586 0.594998 0.0693878
589 0.601734 0.0656711
592 0.608528 0.0816658
595 0.624349 0.120997
598 0.634827 0.0983906
601 0.643927 0.0898291
604 0.650465 0.0979177
607 0.658935 0.0921769
610 0.666924 0.113249
613 0.672855 0.119886
616 0.676423 0.124548
619 0.678995 0.131533
622 0.684744 0.16446
625 0.68622 0.146814
628 0.687299 0.145852
631 0.691662 0.145653
634 0.695147 0.150041
637 0.696715 0.14732
640 0.696964 0.133201
643 0.696632 0.101128
646 0.694881 0.162768
649 0.694467 0.0789779
652 0.695769 0.0912394
655 0.695462 0.0899535
658 0.695421 0.0939937
661 0.695802 0.102198
664 0.696317 0.100971
667 0.696847 0.0982578
670 0.697544 0.20039
673 0.699295 0.124714
676 0.699983 0.117812
679 0.700456 0.134155
682 0.700348 0.127825
685 0.700531 0.120665
688 0.700307 0.124266
691 0.700738 0.125801
694 0.701087 0.109856
697 0.702406 0.131243
700 0.702257 0.146922
703 0.703368 0.133607
706 0.703824 0.15175
709 0.704629 0.128912
712 0.704339 0.116633
715 0.703932 0.0287456
718 0.703667 0.101651
721 0.701128 0.208885
724 0.701568 0.0891239
727 0.702406 0.134603
730 0.702024 0.16821
733 0.701493 0.183151
736 0.702165 0.0976854
739 0.7018 0.0169653
742 0.702223 0.0221254
745 0.703708 0.187871
748 0.703849 0.0139539
751 0.703899 0.0315497
754 0.70448 0.0481085
757 0.704355 0.112958
760 0.704579 0.136187
763 0.705426 0.0521155
766 0.706852 0.055492
769 0.707118 0.0150407
772 0.707865 0.167828
775 0.708561 0.148274
778 0.709449 0.0880621
781 0.709466 0.0217936
784 0.709159 0.011407
787 0.708902 0.0280073
790 0.707483 0.0133897
793 0.707715 0.013622
796 0.703103 0.0497179
799 0.702406 0.0312013
802 0.701543 0.0360129
805 0.699585 0.0450639
808 0.699021 0.0514269
811 0.69922 0.0712295
814 0.702497 0.0689232
817 0.704969 0.0988386
820 0.709905 0.203775
823 0.710055 0.0233449
826 0.711067 0.0387589
829 0.711531 0.068442
832 0.711531 0.0276589
835 0.712162 0.0121702
838 0.712577 0.0384686
841 0.713639 0.0391322
844 0.713572 0.0465986
847 0.714145 0.166476
850 0.714294 0.0247387
853 0.71446 0.040974
856 0.714642 0.037415
859 0.714161 0.0274764
862 0.714369 0.0365937
865 0.714501 0.0692467
868 0.714103 0.0457607
871 0.713 0.115099
874 0.71334 0.0592749
877 0.713149 0.0573834
880 0.713298 0.0683756
883 0.713995 0.0544798
886 0.713506 0.0250871
889 0.713854 0.0269371
892 0.713639 0.0192882
895 0.713058 0.0784221
898 0.714319 0.0535092
901 0.714559 0.0297163
904 0.714593 0.0343289
907 0.713605 0.214443
910 0.713962 0.0191887
913 0.713987 0.0226315
916 0.713755 0.0177783
919 0.713182 0.0164344
922 0.712884 0.0524141
925 0.713099 0.0323876
928 0.712925 0.0409822
931 0.711366 0.169836
934 0.711747 0.0587938
937 0.712129 0.0172059
940 0.711847 0.0235523
943 0.711531 0.0289447
946 0.711631 0.0263813
949 0.71178 0.0401941
952 0.711681 0.0563547
955 0.710926 0.0881782
958 0.711556 0.0493363
961 0.71144 0.0734943
964 0.711283 0.104687
967 0.711092 0.093861
970 0.711241 0.00636303
973 0.710777 0.0144516
976 0.711249 0.0186494
979 0.711108 0.0158371
982 0.710586 0.0682678
985 0.710992 0.0236436
988 0.711382 0.0489049
991 0.711083 0.0330181
994 0.711158 0.0454123
997 0.711349 0.00790609
1000 0.712394 0.0124772
1003 0.713282 0.0242907
1006 0.712494 0.0928986
1009 0.712129 0.0422432
1012 0.709764 0.0418533
1015 0.709881 0.0289033
1018 0.709972 0.0363033
1021 0.709665 0.0435955
1024 0.709059 0.0397627
1027 0.709474 0.0407085
1030 0.710154 0.0331259
1033 0.709881 0.0446657
1036 0.708304 0.0968807
1039 0.708852 0.0632736
1042 0.708976 0.0479592
1045 0.709947 0.0471296
1048 0.709897 0.049859
1051 0.709814 0.0389497
1054 0.710071 0.0452796
1057 0.710428 0.0373735
1060 0.710436 0.0323129
1063 0.709126 0.15584
1066 0.709333 0.0246972
1069 0.709217 0.0381367
1072 0.709424 0.0303468
1075 0.709673 0.0355235
1078 0.709358 0.0299237
1081 0.709507 0.0308611
1084 0.709665 0.0395553
1087 0.708263 0.0894392
1090 0.707748 0.0317073
1093 0.708321 0.0321802
1096 0.70823 0.0418201
1099 0.708387 0.0322631
1102 0.708379 0.033325
1105 0.707873 0.0319396
1108 0.707931 0.0290775
1111 0.706861 0.091845
1114 0.706595 0.0397047
1117 0.706703 0.0349925
1120 0.707898 0.0358968
1123 0.708047 0.0449146
1126 0.708279 0.03296
1129 0.708628 0.0327526
1132 0.709632 0.0368757
1135 0.712394 0.0519993
1138 0.71363 0.0468558
1141 0.712734 0.0458769
1144 0.712942 0.0349925
1147 0.713423 0.0319064
1150 0.713066 0.0338145
1153 0.711324 0.0368674
1156 0.710793 0.0408993
1159 0.712154 0.044956
1162 0.712278 0.0807699
1165 0.711631 0.0526713
1168 0.711233 0.0415298
1171 0.711092 0.0362618
1174 0.71139 0.0498839
1177 0.710171 0.0461921
1180 0.709524 0.0425253
1183 0.710005 0.0360295
1186 0.708495 0.0758337
1189 0.708835 0.0327526
1192 0.70935 0.036743
1195 0.710287 0.017853
1198 0.710486 0.0239091
1201 0.710735 0.0295255
1204 0.711067 0.0407417
1207 0.711142 0.0132404
1210 0.711017 0.0129749
1213 0.710884 0.13851
1216 0.710486 0.0509789
1219 0.710486 0.0558653
1222 0.710685 0.0889331
1225 0.710362 0.0257176
1228 0.710594 0.0236851
1231 0.711349 0.0284221
1234 0.711166 0.0354737
1237 0.708918 0.0449063
1240 0.70964 0.0347105
1243 0.711838 0.0371412
1246 0.711714 0.0305293
1249 0.710677 0.0282562
1252 0.710113 0.031641
1255 0.710013 0.0359051
1258 0.709748 0.0341795
1261 0.708462 0.132139
1264 0.709034 0.0221254
1267 0.709175 0.0253028
1270 0.709433 0.0283889
1273 0.709798 0.0182595
1276 0.710353 0.038452
1279 0.710063 0.0278746
1282 0.709565 0.0386511
1285 0.709632 0.029343
1288 0.709034 0.0455782
1291 0.708703 0.0441845
1294 0.709615 0.0439854
1297 0.709275 0.0483989
1300 0.710528 0.0327941
1303 0.710835 0.032006
1306 0.710785 0.0305293
1309 0.710652 0.0219097
1312 0.709482 0.0361374
1315 0.709209 0.0321968
1318 0.709258 0.0255766
1321 0.709184 0.0312344
1324 0.709341 0.0521072
1327 0.708686 0.0186743
1330 0.709084 0.023403
1333 0.709126 0.0169736
1336 0.71042 0.190551
1339 0.710237 0.0947652
1342 0.71105 0.0511366
1345 0.711905 0.0540484
1348 0.712593 0.0491123
1351 0.712751 0.0445661
1354 0.712768 0.0509292
1357 0.713589 0.0470549
1360 0.71402 0.0509209
1363 0.712212 0.0906919
1366 0.712179 0.0510702
1369 0.712676 0.0498673
1372 0.71217 0.048656
1375 0.711507 0.0402522
1378 0.711507 0.0310934
1381 0.711399 0.0367098
1384 0.711755 0.0361623
1387 0.71266 0.0629584
1390 0.711507 0.0381367
1393 0.711349 0.0347934
1396 0.711498 0.0112826
1399 0.711573 0.0211631
1402 0.711805 0.0136386
1405 0.711855 0.024664
1408 0.712046 0.0273685
1411 0.712627 0.0518085
1414 0.713564 0.0404347
1417 0.714908 0.0677203
1420 0.714958 0.0924175
1423 0.716152 0.14138
1426 0.715796 0.138593
1429 0.717347 0.110187
1432 0.720972 0.111938
1435 0.723055 0.149494
1438 0.725933 0.241986
1441 0.730314 0.276033
1444 0.734486 0.298225
1447 0.739058 0.37288
1450 0.745313 0.380952
1453 0.74917 0.385582
1456 0.75258 0.380762
1459 0.757599 0.395786
1462 0.764891 0.404281
1465 0.774175 0.371719
1468 0.777825 0.354256
1471 0.779111 0.352688
1474 0.77809 0.102704
1477 0.771752 0.274199
1480 0.770956 0.458951
1483 0.765198 0.0376804
1486 0.765862 0.0394973
1489 0.769852 0.259109
1492 0.771346 0.444998
1495 0.777012 0.505368
1498 0.7834 0.404123
1501 0.789323 0.428596
1504 0.794102 0.238369
1507 0.801186 0.582487
1510 0.802273 0.73145
1513 0.799253 0.426348
1516 0.792791 0.734155
1519 0.790028 0.350548
1522 0.790393 0.340003
1525 0.785134 0.627559
1528 0.781699 0.524722
1531 0.780438 0.617928
1534 0.77658 0.63715
1537 0.780703 0.699154
1540 0.779351 0.708669
1543 0.773428 0.392542
1546 0.78491 0.719379
1549 0.795437 0.707707
1552 0.785441 0.693695
1555 0.787116 0.609142
1558 0.790874 0.720599
1561 0.786179 0.705285
1564 0.788767 0.727675
1567 0.787025 0.739696
1570 0.783897 0.724988
1573 0.777277 0.731467
1576 0.770582 0.71368
1579 0.76621 0.7036
1582 0.758064 0.727841
1585 0.75443 0.729625
1588 0.757724 0.514203
1591 0.765115 0.543131
1594 0.760594 0.691779
1597 0.748067 0.747586
1600 0.760727 0.774481
1603 0.773751 0.784959
1606 0.77775 0.784627
1609 0.778206 0.776879
1612 0.775319 0.717836
1615 0.774282 0.706322
1618 0.760918 0.684669
1621 0.741439 0.645155
1624 0.735009 0.66368
1627 0.718608 0.622416
1630 0.708429 0.640791
1633 0.69971 0.632603
1636 0.679816 0.673013
1639 0.691073 0.670898
1642 0.693421 0.604115
1645 0.703907 0.595786
1648 0.705591 0.69581
1651 0.71334 0.706023
1654 0.721752 0.701609
1657 0.723279 0.650689
1660 0.721329 0.669056
1663 0.723751 0.675228
1666 0.726813 0.650207
1669 0.73145 0.653717
1672 0.727203 0.704206
1675 0.722142 0.709333
1678 0.715024 0.650506
1681 0.716227 0.551767
1684 0.712544 0.501178
1687 0.707226 0.657483
1690 0.71587 0.486751
1693 0.720367 0.33228
1696 0.726655 0.548731
1699 0.731633 0.608196
1702 0.737382 0.596624
1705 0.733856 0.525444
1708 0.729758 0.634312
1711 0.719977 0.627186
1714 0.725303 0.639804
1717 0.742758 0.648407
1720 0.754878 0.625734
1723 0.75974 0.615746
1726 0.754272 0.55969
1729 0.743513 0.569803
1732 0.696881 0.58077
1735 0.657276 0.617488
1738 0.609242 0.584536
1741 0.576215 0.624465
1744 0.535341 0.607981
1747 0.511888 0.606935
1750 0.474996 0.598117
1753 0.452456 0.505243
1756 0.437249 0.587332
1759 0.42298 0.58471
1762 0.403252 0.540949
1765 0.385971 0.559881
1768 0.404696 0.58588
1771 0.417281 0.546466
1774 0.433466 0.514194
1777 0.441115 0.556471
1780 0.444019 0.53749
1783 0.445479 0.53549
1786 0.44732 0.426315
1789 0.440078 0.491065
1792 0.427169 0.475884
1795 0.410801 0.445528
1798 0.406429 0.452597
1801 0.415464 0.449942
1804 0.420201 0.496176
1807 0.401709 0.521727
1810 0.389356 0.509233
1813 0.371254 0.513813
1816 0.366335 0.47249
1819 0.369139 0.479368
1822 0.376464 0.485316
1825 0.375079 0.468849
1828 0.368973 0.489912
1831 0.373204 0.488651
1834 0.38778 0.461955
1837 0.382968 0.457715
1840 0.371105 0.446491
1843 0.355202 0.432943
1846 0.334951 0.373967
1849 0.316393 0.387125
1852 0.30891 0.357292
1855 0.312544 0.285109
1858 0.322797 0.281085
1861 0.331608 0.251551
1864 0.331641 0.240808
1867 0.33296 0.231882
1870 0.353534 0.265937
1873 0.372341 0.249668
1876 0.366783 0.279725
1879 0.37064 0.300141
1882 0.374307 0.328414
1885 0.380305 0.368367
1888 0.397934 0.349361
1891 0.413066 0.395794
1894 0.417073 0.392028
1897 0.416692 0.479202
1900 0.461067 0.504248
1903 0.512253 0.486054
1906 0.550589 0.514095
1909 0.559549 0.500589
1912 0.531931 0.520433
1915 0.511025 0.537614
1918 0.502829 0.455193
1921 0.501444 0.437896
1924 0.491397 0.435515
1927 0.459292 0.372432
1930 0.419346 0.357773
1933 0.38082 0.308951
1936 0.34265 0.318965
1939 0.330139 0.270699
1942 0.316177 0.244035
1945 0.305699 0.299378
1948 0.290626 0.311233
1951 0.274423 0.260353
1954 0.263 0.200904
1957 0.245271 0.203285
1960 0.232147 0.145371
1963 0.214526 0.0866434
1966 0.21665 0.0619711
1969 0.222922 0.0416791
1972 0.221727 0.0193048
1975 0.221628 0.022673
1978 0.223254 0.0172059
1981 0.224224 0.0246391
1984 0.22512 0.0142857
1987 0.215862 0.0156794
1990 0.216567 0.014883
1993 0.216758 0.0163763
1996 0.217164 0.00866103
1999 0.217339 0.017936
2002 0.228464 0.0436121
2005 0.267538 0.0527211
2008 0.304613 0.0795006
2011 0.338402 0.14211
2014 0.37965 0.157616
2017 0.429301 0.233184
2020 0.455782 0.176821
2023 0.45823 0.27152
2026 0.492127 0.365596
2029 0.526771 0.357748
2032 0.506604 0.372623
2035 0.463406 0.361042
2038 0.442973 0.354007
2041 0.451186 0.229691
2044 0.406662 0.270956
2047 0.364601 0.285474
2050 0.329202 0.271022
2053 0.316849 0.250871
2056 0.291331 0.20745
2059 0.274506 0.156645
2062 0.2556 0.159374
2065 0.238303 0.142749
2068 0.224307 0.112071
2071 0.220541 0.0844699
2074 0.22118 0.0663348
2077 0.218508 0.0157209
2080 0.214418 0.0170317
2083 0.21563 0.0215945
2086 0.209499 0.0311432
2089 0.211142 0.017264
2092 0.210976 0.0173386
2095 0.211681 0.0131077
2098 0.213133 0.0141613
2101 0.22624 0.0385266
2104 0.248158 0.0473121
2107 0.275767 0.0804961
2110 0.305168 0.0969056
2113 0.337755 0.12181
2116 0.376157 0.152024
2119 0.427103 0.180571
2122 0.477186 0.228571
2125 0.52624 0.210171
2128 0.566351 0.278779
2131 0.597229 0.283732
2134 0.619172 0.296059
2137 0.623362 0.309615
2140 0.611407 0.329608
2143 0.591497 0.319512
2146 0.562195 0.283715
2149 0.525701 0.337929
2152 0.480455 0.32746
2155 0.43369 0.312179
2158 0.422101 0.313149
2161 0.41076 0.249154
2164 0.406438 0.262535
2167 0.396565 0.239389
2170 0.387108 0.112784
2173 0.362328 0.17259
2176 0.324415 0.312145
2179 0.293919 0.245952
2182 0.2741 0.166824
2185 0.257964 0.0891322
2188 0.247254 0.140775
2191 0.234121 0.112203
2194 0.22965 0.0871578
2197 0.221984 0.0495437
2200 0.211274 0.0625601
2203 0.213456 0.0433964
2206 0.210934 0.0346192
2209 0.211531 0.0273851
2212 0.209275 0.0195122
2215 0.21032 0.00827941
2218 0.210611 0.00988883
2221 0.210171 0.00570765
2224 0.210528 0.0148001
2227 0.210544 0.0121039
2230 0.210868 0.0158868
2233 0.210561 0.0136635
2236 0.214004 0.0162187
2239 0.21412 0.013622
2242 0.214808 0.0167081
2245 0.214659 0.0168077
2248 0.215198 0.0200846
2251 0.214402 0.0157541
2254 0.215298 0.0172391
2257 0.215124 0.0141032
2260 0.216111 0.0199602
2263 0.215207 0.0304048
2266 0.214427 0.0310353
2269 0.226846 0.0689564
2272 0.257881 0.0796665
2275 0.279857 0.129874
2278 0.28992 0.12663
2281 0.284072 0.150282
2284 0.285034 0.137058
2287 0.284934 0.159889
2290 0.290932 0.166716
2293 0.288991 0.161863
2296 0.284744 0.200523
2299 0.288883 0.199013
2302 0.288618 0.210835
2305 0.275178 0.207483
2308 0.269728 0.21232
2311 0.270209 0.167198
2314 0.266451 0.13121
2317 0.26178 0.166874
2320 0.245777 0.159242
2323 0.237498 0.16806
2326 0.242625 0.143222
2329 0.239854 0.137539
2332 0.239199 0.122532
2335 0.233184 0.0982993
2338 0.228497 0.0822963
2341 0.223353 0.0921271
2344 0.222242 0.0698689
2347 0.219919 0.0669321
2350 0.220035 0.0594823
2353 0.221968 0.0560644
2356 0.221719 0.0510287
2359 0.221868 0.048233
2362 0.219172 0.0484901
2365 0.222565 0.0510204
2368 0.225485 0.0505226
2371 0.225095 0.0620209
2374 0.222814 0.0448731
2377 0.220425 0.0630164
2380 0.220491 0.0673635
2383 0.220798 0.0483076
2386 0.235067 0.0972789
2389 0.261117 0.0961092
2392 0.267795 0.131956
2395 0.287025 0.126846
2398 0.298241 0.119238
2401 0.295147 0.131442
2404 0.283109 0.12999
2407 0.281707 0.138975
2410 0.272225 0.15331
2413 0.268301 0.134628
2416 0.256438 0.0791522
2419 0.242874 0.124705
2422 0.222358 0.095545
2425 0.213622 0.0453376
2428 0.212967 0.0212792
2431 0.215538 0.0114817
2434 0.236262 0.0244151
2437 0.25005 0.053559
2440 0.252306 0.0830679
2443 0.253169 0.0740169
2446 0.255608 0.0895802
2449 0.258404 0.0943172
2452 0.239058 0.113315
2455 0.230421 0.103186
2458 0.242484 0.0881699
2461 0.247727 0.0919695
2464 0.242202 0.0723909
2467 0.230845 0.0785217
2470 0.220483 0.0739091
2473 0.217422 0.0482661
2476 0.215688 0.0333167
2479 0.223967 0.0369836
2482 0.224382 0.0295006
2485 0.225485 0.0357226
2488 0.223071 0.0372325
2491 0.224805 0.0431641
2494 0.225734 0.0355816
2497 0.224399 0.0303219
2500 0.226365 0.0476439
2503 0.224067 0.0486395
2506 0.220765 0.0481915
2509 0.228654 0.0661606
2512 0.240932 0.0955368
2515 0.26704 0.110436
2518 0.267007 0.140567
2521 0.270989 0.14158
2524 0.278298 0.14333
2527 0.28564 0.133433
2530 0.29192 0.149776
2533 0.289779 0.18009
2536 0.283765 0.186287
2539 0.279044 0.184968
2542 0.269031 0.178779
2545 0.256006 0.178115
2548 0.245844 0.189165
2551 0.243728 0.18233
2554 0.241588 0.151518
2557 0.22269 0.13228
2560 0.220002 0.0850423
2563 0.204646 0.0475278
2566 0.20823 0.0450141
2569 0.209507 0.015248
2572 0.209491 0.00370831
2575 0.209474 0.0789613
2578 0.209399 0.0723328
2581 0.209466 0.0759665
2584 0.209457 0.0407748
2587 0.211366 0.122573
2590 0.211258 0.0812013
2593 0.21139 0.0614817
2596 0.211357 0.0849345
2599 0.211374 0.123967
2602 0.211324 0.0409574
2605 0.211548 0.0584204
2608 0.211872 0.0425834
2611 0.210494 0.206919
2614 0.210586 0.0730131
2617 0.210569 0.0449146
2620 0.2111 0.0597644
2623 0.211316 0.085034
2626 0.221943 0.00921686
2629 0.242534 0.0323212
2632 0.251352 0.0609507
2635 0.252091 0.0683673
2638 0.261 0.0923594
2641 0.287407 0.127045
2644 0.315812 0.184362
2647 0.337473 0.241306
2650 0.346449 0.291953
2653 0.348598 0.278248
2656 0.365124 0.298274
2659 0.376008 0.330388
2662 0.375751 0.356985
2665 0.358346 0.343305
2668 0.334478 0.33413
2671 0.316011 0.331964
2674 0.304895 0.307865
2677 0.316252 0.291248
2680 0.30769 0.255857
2683 0.298067 0.228547
2686 0.291015 0.230314
2689 0.28374 0.247627
2692 0.270325 0.244408
2695 0.266177 0.217753
2698 0.257657 0.186926
2701 0.257226 0.116061
2704 0.262237 0.111573
2707 0.263821 0.0821719
2710 0.263771 0.073768
2713 0.260146 0.0783972
2716 0.258785 0.0749295
2719 0.259192 0.0710387
2722 0.257234 0.0748382
2725 0.257159 0.07444
2728 0.259764 0.0844865
2731 0.272026 0.0792019
2734 0.282197 0.0813672
2737 0.286984 0.069396
2740 0.287573 0.0828273
2743 0.288925 0.0790692
2746 0.289398 0.0737929
2749 0.294998 0.0995354
2752 0.297785 0.103202
2755 0.296466 0.107616
2758 0.296234 0.13077
2761 0.297536 0.144002
2764 0.298109 0.146001
2767 0.299245 0.151062
2770 0.298208 0.141936
2773 0.297511 0.160096
2776 0.293197 0.166003
2779 0.290385 0.174407
2782 0.286494 0.180197
2785 0.284188 0.179061
2788 0.279675 0.183848
2791 0.280496 0.180164
2794 0.282412 0.18077
2797 0.281749 0.183615
2800 0.28213 0.162129
2803 0.282504 0.175701
2806 0.281251 0.159524
2809 0.280496 0.123776
2812 0.282288 0.14114
2815 0.283035 0.0895553
2818 0.283881 0.0591837
2821 0.284362 0.0455285
2824 0.284296 0.0443172
2827 0.285134 0.0461341
2830 0.285109 0.0355567
2833 0.285515 0.0264808
2836 0.288759 0.0833914
2839 0.289323 0.0414053
2842 0.288767 0.0271279
2845 0.28919 0.0350672
2848 0.289257 0.0378961
2851 0.291878 0.044732
2854 0.299112 0.0485814
2857 0.301336 0.0548283
2860 0.29479 0.0419363
2863 0.287987 0.041563
2866 0.287432 0.0390493
2869 0.287183 0.0423594
2872 0.288037 0.0532188
2875 0.289207 0.0360544
2878 0.289323 0.0418616
2881 0.296773 0.0443919
2884 0.301435 0.0599469
2887 0.299394 0.0713207
2890 0.299743 0.0613323
2893 0.300805 0.0644682
2896 0.301709 0.0608512
2899 0.302837 0.061631
2902 0.303526 0.0689232
2905 0.303775 0.0594243
2908 0.303659 0.063033
2911 0.301941 0.0848266
2914 0.30185 0.0677617
2917 0.302638 0.0679691
2920 0.302331 0.0796582
2923 0.302257 0.0710884
2926 0.302422 0.0727642
2929 0.302912 0.0736602
2932 0.303003 0.0748714
2935 0.30409 0.072366
2938 0.303634 0.074523
2941 0.307616 0.0782894
2944 0.314128 0.0438858
2947 0.326497 0.055857
2950 0.34221 0.0784055
2953 0.356438 0.0900199
2956 0.372764 0.11709
2959 0.388751 0.116318
2962 0.415505 0.131044
2965 0.43286 0.136519
2968 0.452539 0.140767
2971 0.472864 0.149934
2974 0.493803 0.182661
2977 0.509806 0.193006
2980 0.523503 0.190377
2983 0.540377 0.202016
2986 0.56592 0.236851
2989 0.570997 0.25326
2992 0.588485 0.270143
2995 0.602555 0.263489
2998 0.617795 0.289107
3001 0.642185 0.310519
3004 0.661764 0.316468
3007 0.671794 0.328323
3010 0.676423 0.346582
3013 0.690493 0.334818
3016 0.705426 0.390136
3019 0.720267 0.362203
3022 0.730338 0.304347
3025 0.739522 0.247627
3028 0.748449 0.161216
3031 0.758329 0.183682
3034 0.762461 0.160818
3037 0.770732 0.22011
3040 0.771661 0.191837
3043 0.770491 0.200655
3046 0.766393 0.157442
3049 0.76266 0.172972
3052 0.759839 0.174913
3055 0.758296 0.165613
3058 0.755226 0.154812
3061 0.754306 0.17955
3064 0.756181 0.102431
3067 0.753086 0.126149
3070 0.753634 0.150075
3073 0.755077 0.147976
3076 0.756994 0.14927
3079 0.758454 0.109283
3082 0.761283 0.0893894
3085 0.765422 0.0963746
3088 0.766169 0.152016
3091 0.763879 0.130065
3094 0.761672 0.14211
3097 0.758653 0.151585
3100 0.754911 0.156139
3103 0.752563 0.180114
3106 0.751311 0.171238
3109 0.74927 0.160436
3112 0.750589 0.160304
3115 0.74917 0.110436
3118 0.746781 0.118226
3121 0.744798 0.106612
3124 0.742666 0.108155
3127 0.740717 0.112461
3130 0.7408 0.117007
3133 0.737888 0.0954455
3136 0.740692 0.0894558
3139 0.738933 0.0817903
3142 0.737224 0.103733
3145 0.733989 0.0940684
3148 0.730621 0.0848598
3151 0.729625 0.0840634
3154 0.729335 0.0872656
3157 0.729443 0.0916542
3160 0.729534 0.0924589
3163 0.728953 0.0560976
3166 0.726904 0.0925668
3169 0.725145 0.0848017
3172 0.724788 0.0493861
3175 0.724788 0.0207483
3178 0.723751 0.0374813
3181 0.722806 0.0413639
3184 0.720126 0.069927
3187 0.720499 0.0766551
3190 0.719006 0.0723079
3193 0.718608 0.0731541
3196 0.718193 0.0642028
3199 0.717305 0.109225
3202 0.717156 0.102539
3205 0.715796 0.0393148
3208 0.716061 0.124747
3211 0.715729 0.0759416
3214 0.716924 0.0460511
3217 0.717148 0.0847354
3220 0.717081 0.0525801
3223 0.717115 0.0199104
3226 0.717397 0.0288286
3229 0.715812 0.0317239
3232 0.71524 0.0472208
3235 0.714543 0.0386843
3238 0.715514 0.0860461
3241 0.714783 0.0347768
3244 0.714194 0.0346524
3247 0.71344 0.0342625
3250 0.712328 0.0346109
3253 0.71188 0.0506471
3256 0.71188 0.0331093
3259 0.711432 0.0334329
3262 0.714551 0.0289447
3265 0.71529 0.0137299
3268 0.716144 0.0122117
3271 0.716244 0.0196283
3274 0.716401 0.0226315
3277 0.716526 0.0369753
3280 0.71641 0.0254604
3283 0.716186 0.033325
3286 0.71451 0.102555
3289 0.715149 0.0193546
3292 0.715281 0.0122698
3295 0.714493 0.0110586
3298 0.714418 0.0514103
3301 0.715049 0.0172889
3304 0.714991 0.0265638
3307 0.715514 0.0402522
3310 0.714916 0.0385515
3313 0.715364 0.0482495
3316 0.713697 0.0484818
3319 0.71334 0.0548615
3322 0.711448 0.0481666
3325 0.711332 0.0599801
3328 0.710378 0.0543388
3331 0.7112 0.0649909
3334 0.709068 0.0617554
3337 0.710967 0.0793264
3340 0.712286 0.0847271
3343 0.71373 0.0823046
3346 0.71344 0.0681268
3349 0.714128 0.0715945
3352 0.713381 0.055998
3355 0.710138 0.0624191
3358 0.708528 0.0653476
3361 0.711847 0.0711465
3364 0.710461 0.0623527
3367 0.711457 0.0663514
3370 0.71188 0.0596482
3373 0.714087 0.0409657
3376 0.714783 0.0355318
3379 0.715157 0.0353244
3382 0.714941 0.0292766
3385 0.714642 0.0308943
3388 0.715066 0.0445993
3391 0.714319 0.0307201
3394 0.713589 0.0263813
3397 0.713008 0.0423843
3400 0.712967 0.0280571
3403 0.712602 0.0202339
3406 0.712627 0.0245147
3409 0.712792 0.0215364
3412 0.713937 0.108205
3415 0.713572 0.0654223
3418 0.713506 0.0331342
3421 0.713464 0.0490377
3424 0.713157 0.0597727
3427 0.712975 0.0331923
3430 0.712925 0.0375228
3433 0.712419 0.118417
3436 0.714319 0.162394
3439 0.714211 0.0794923
3442 0.714004 0.022449
3445 0.713846 0.0265804
3448 0.714145 0.015472
3451 0.714112 0.014659
3454 0.713738 0.0726149
3457 0.713556 0.0272275
3460 0.713655 0.0314335
3463 0.716161 0.0570516
3466 0.715787 0.0259582
3469 0.715613 0.0244483
3472 0.715389 0.0476605
3475 0.715273 0.0222665
3478 0.715198 0.0287125
3481 0.714983 0.00545877
3484 0.714477 0.0131492
3487 0.71397 0.201228
3490 0.713763 0.0122283
3493 0.713705 0.0169487
3496 0.713133 0.046159
3499 0.712967 0.0719346
3502 0.713191 0.0586527
3505 0.712842 0.0285963
3508 0.712925 0.0180272
3511 0.714925 0.120574
3514 0.714817 0.0252696
3517 0.714817 0.123569
3520 0.714958 0.0124772
3523 0.714062 0.0803302
3526 0.714112 0.115605
3529 0.714336 0.0796001
3532 0.714277 0.0777833
3535 0.714087 0.0182346
3538 0.714576 0.114311
3541 0.714551 0.0501493
3544 0.71397 0.0169487
3547 0.713705 0.024747
3550 0.713539 0.0248714
3553 0.71305 0.022955
3556 0.712884 0.0263315
3559 0.712842 0.0224988
3562 0.713863 0.0549859
3565 0.713838 0.0255019
3568 0.713954 0.055998
3571 0.715912 0.0924506
3574 0.715514 0.0654223
3577 0.715049 0.0654969
3580 0.715356 0.0364858
3583 0.715173 0.0356645
3586 0.716111 0.0548449
3589 0.716086 0.103717
3592 0.714584 0.0421852
3595 0.715207 0.0760163
3598 0.715497 0.0234943
3601 0.715381 0.0105193
3604 0.714833 0.0146673
3607 0.714526 0.00634644
3610 0.714825 0.0102953
3613 0.715655 0.0142774
3616 0.716492 0.0153808
3619 0.717529 0.0184337
3622 0.719803 0.0607765
3625 0.71899 0.0368923
3628 0.719346 0.0344616
3631 0.717795 0.0321221
3634 0.716575 0.027634
3637 0.715995 0.0284636
3640 0.715207 0.0333582
3643 0.714194 0.027916
3646 0.71402 0.0733781
3649 0.713597 0.0289116
3652 0.712909 0.0304048
3655 0.713091 0.028671
3658 0.713091 0.0260743
3661 0.713921 0.0215032
3664 0.713813 0.0151983
3667 0.71402 0.0191389
3670 0.71514 0.0828522
3673 0.713829 0.0219429
3676 0.712676 0.0271777
3679 0.712643 0.0228057
3682 0.712585 0.0260163
3685 0.712311 0.0296001
3688 0.713937 0.0368177
3691 0.713647 0.0312842
3694 0.713207 0.0181517
3697 0.713921 0.0452464
3700 0.711896 0.0867513
3703 0.713149 0.0537581
3706 0.713431 0.0840053
3709 0.713141 0.0823627
3712 0.713166 0.0808528
3715 0.712544 0.0737349
3718 0.712137 0.0729882
3721 0.711764 0.153766
3724 0.71105 0.0854073
3727 0.711133 0.0829932
3730 0.710752 0.0849676
3733 0.711399 0.0963995
3736 0.711523 0.0823378
3739 0.711714 0.0822134
3742 0.711938 0.0970466
3745 0.713257 0.192749
3748 0.713904 0.108794
3751 0.713705 0.0949809
3754 0.713514 0.0973702
3757 0.713357 0.0777667
3760 0.713091 0.0262485
3763 0.712826 0.00869421
3766 0.713489 0.0140037
3769 0.71149 0.0276672
3772 0.711556 0.0262983
3775 0.709565 0.033184
3778 0.709308 0.0305459
3781 0.713091 0.0323046
3784 0.713962 0.0542558
3787 0.713738 0.0502987
3790 0.713829 0.0449311
3793 0.714352 0.0477933
3796 0.714783 0.145114
3799 0.713722 0.0801974
3802 0.712792 0.0914302
3805 0.7111 0.0961258
3808 0.709872 0.103576
3811 0.709872 0.105882
3814 0.710619 0.105285
3817 0.709955 0.101244
3820 0.715696 0.154306
3823 0.715173 0.0278248
3826 0.714866 0.018301
3829 0.714493 0.018077
3832 0.714128 0.017712
3835 0.713854 0.0173303
3838 0.713522 0.0297909
3841 0.713664 0.0278331
3844 0.713829 0.0265555
3847 0.714153 0.0835076
3850 0.713141 0.0369504
3853 0.712743 0.0300149
3856 0.712328 0.0293761
3859 0.711764 0.0388087
3862 0.710967 0.0418948
3865 0.710511 0.0470632
3868 0.709814 0.0347768
3871 0.714369 0.0409159
3874 0.71519 0.049552
3877 0.715373 0.0565372
3880 0.715721 0.028588
3883 0.714891 0.046524
3886 0.715099 0.0342957
3889 0.714759 0.0319064
3892 0.714825 0.0423843
3895 0.712701 0.0333002
3898 0.71295 0.0371661
3901 0.712834 0.0560976
3904 0.713166 0.0484486
3907 0.713597 0.0428903
3910 0.712842 0.0299237
3913 0.711399 0.0346358
3916 0.711482 0.0370416
3919 0.711291 0.0360959
3922 0.712187 0.125344
3925 0.712461 0.0392899
3928 0.71305 0.0311681
3931 0.712701 0.0261241
3934 0.713871 0.0317322
3937 0.713489 0.0224988
3940 0.711672 0.0208396
3943 0.711979 0.0301228
3946 0.713498 0.0416127
3949 0.713348 0.0411067
3952 0.712527 0.0367928
3955 0.71261 0.0211133
3958 0.712685 0.0328024
3961 0.712643 0.031251
3964 0.713 0.0299652
3967 0.71324 0.0208479
3970 0.714136 0.17045
3973 0.713589 0.0822631
3976 0.713298 0.0433383
3979 0.713232 0.0153559
3982 0.711117 0.0206322
3985 0.711872 0.0296416
3988 0.714037 0.0256263
3991 0.712154 0.0185582
3994 0.712228 0.0192633
3997 0.714601 0.103061
4000 0.714319 0.0968475
4003 0.714493 0.0164261
4006 0.71329 0.0159449
4009 0.71324 0.0045711
4012 0.712751 0.00949892
4015 0.713232 0.0120541
4018 0.713415 0.0156463
4021 0.712975 0.0437282
4024 0.713448 0.0207068
4027 0.710893 0.0195869
4030 0.710992 0.0238344
4033 0.712286 0.0258255
4036 0.710801 0.0258172
4039 0.713141 0.0315414
4042 0.710635 0.0269952
4045 0.711888 0.0450058
4048 0.712469 0.0233781
4051 0.712726 0.113838
4054 0.712884 0.110096
4057 0.712544 0.0358138
4060 0.712685 0.0189315
4063 0.713099 0.0158703
4066 0.711988 0.0174133
4069 0.711913 0.0180936
4072 0.711075 0.082678
4075 0.710171 0.0122449
4078 0.71003 0.0981168
4081 0.710669 0.0114983
4084 0.711797 0.0174382
4087 0.712212 0.0243654
4090 0.712618 0.0137797
4093 0.713489 0.0243488
4096 0.714211 0.015472
4099 0.716152 0.101203
4102 0.716152 0.110304
4105 0.716584 0.101883
4108 0.717621 0.0785714
4111 0.718069 0.050307
4114 0.71714 0.00873569
4117 0.716252 0.0106687
4120 0.717538 0.0170234
4123 0.719645 0.0250954
4126 0.718658 0.0159615
4129 0.718525 0.011042
4132 0.717256 0.0280737
4135 0.716368 0.0539738
4138 0.716044 0.152953
4141 0.716053 0.23749
4144 0.715854 0.309524
4147 0.715796 0.249063
4150 0.7166 0.160312
4153 0.718467 0.174697
4156 0.719587 0.220093
4159 0.719753 0.160096
4162 0.721636 0.257549
4165 0.722018 0.252406
4168 0.724258 0.159773
4171 0.712527 0.377402
4174 0.728049 0.322914
4177 0.734329 0.14708
4180 0.740302 0.153758
4183 0.745288 0.149967
4186 0.751112 0.0818649
4189 0.755567 0.143488
4192 0.755085 0.194093
4195 0.753285 0.0529534
4198 0.755351 0.193264
4201 0.762104 0.275336
4204 0.764186 0.266708
4207 0.769272 0.261955
4210 0.762975 0.186378
4213 0.764601 0.232653
4216 0.764427 0.614335
4219 0.763987 0.685109
4222 0.764369 0.615953
4225 0.764551 0.460594
4228 0.776373 0.648706
4231 0.775726 0.653061
4234 0.777576 0.650838
4237 0.780272 0.630645
4240 0.787407 0.570856
4243 0.793985 0.687232
4246 0.796391 0.67916
4249 0.793703 0.618259
4252 0.798283 0.629841
4255 0.776207 0.480181
4258 0.776356 0.711009
4261 0.747669 0.607076
4264 0.749336 0.61675
4267 0.756015 0.59742
4270 0.751634 0.719803
4273 0.755102 0.594118
4276 0.7575 0.668367
4279 0.750606 0.534063
4282 0.750871 0.70307
4285 0.760138 0.744085
4288 0.767903 0.724606
4291 0.770101 0.719471
4294 0.757209 0.618907
4297 0.750614 0.698266
4300 0.742899 0.750639
4303 0.738568 0.751186
4306 0.733292 0.794002
4309 0.73559 0.773519
4312 0.743197 0.772416
4315 0.739829 0.815455
4318 0.727485 0.805235
4321 0.707566 0.811863
4324 0.68788 0.817903
4327 0.684702 0.815837
4330 0.668401 0.314593
4333 0.667969 0.800572
4336 0.670176 0.79226
4339 0.670947 0.762568
4342 0.660395 0.770309
4345 0.631782 0.77751
4348 0.638452 0.786768
4351 0.635308 0.777999
4354 0.638917 0.775477
4357 0.644417 0.755326
4360 0.639555 0.744682
4363 0.633665 0.751651
4366 0.637656 0.646209
4369 0.634296 0.645139
4372 0.64265 0.649104
4375 0.641447 0.680903
4378 0.631765 0.687349
4381 0.613481 0.588568
4384 0.605957 0.516327
4387 0.608661 0.56295
4390 0.600373 0.54776
4393 0.573718 0.557865
4396 0.532612 0.664734
4399 0.506064 0.63194
4402 0.490269 0.666492
4405 0.474631 0.643247
4408 0.46889 0.615223
4411 0.466965 0.591613
4414 0.476489 0.573843
4417 0.497196 0.606529
4420 0.508968 0.578912
4423 0.522466 0.564659
4426 0.522432 0.581699
4429 0.515066 0.582628
4432 0.510669 0.107392
4435 0.510727 0.279235
4438 0.511664 0.534594
4441 0.52288 0.660046
4444 0.531923 0.677451
4447 0.542293 0.704422
4450 0.558885 0.687913
4453 0.553932 0.722125
4456 0.540808 0.719404
4459 0.53218 0.655666
4462 0.535714 0.711963
4465 0.55263 0.579393
4468 0.57527 0.686096
4471 0.587373 0.692409
4474 0.619579 0.622665
4477 0.640534 0.670541
4480 0.635656 0.60881
4483 0.611739 0.629227
4486 0.604555 0.528339
4489 0.576074 0.586901
4492 0.581293 0.53145
4495 0.589323 0.595827
4498 0.609457 0.480927
4501 0.61772 0.56889
4504 0.623826 0.628148
4507 0.630197 0.624913
4510 0.629301 0.648739
4513 0.624108 0.47045
4516 0.654861 0.533466
4519 0.667554 0.0120707
4522 0.66334 0.0747968
4525 0.681342 0.615124
4528 0.695952 0.630728
4531 0.72342 0.616185
4534 0.740742 0.61407
4537 0.749817 0.613921
4540 0.75404 0.593305
4543 0.749154 0.615223
4546 0.739821 0.610785
4549 0.74255 0.590377
4552 0.740667 0.602837
4555 0.745678 0.623411
4558 0.701883 0.637465
4561 0.688809 0.608138
4564 0.689812 0.573295
4567 0.65438 0.644856
4570 0.64562 0.686901
4573 0.611415 0.693297
4576 0.598167 0.699983
4579 0.578629 0.68934
4582 0.56047 0.678936
4585 0.552713 0.67186
4588 0.558296 0.656944
4591 0.562394 0.637647
4594 0.594948 0.628289
4597 0.614667 0.6463
4600 0.617446 0.608561
4603 0.612693 0.449444
4606 0.62191 0.538485
4609 0.623494 0.567355
4612 0.613216 0.507176
4615 0.597412 0.537257
4618 0.584827 0.509955
4621 0.564053 0.51743
4624 0.520184 0.505301
4627 0.492318 0.488469
4630 0.482719 0.486287
4633 0.48515 0.504389
4636 0.503642 0.512892
4639 0.556877 0.523055
4642 0.591405 0.531699
4645 0.573892 0.556131
4648 0.575817 0.557085
4651 0.596159 0.571744
4654 0.615829 0.57006
4657 0.622441 0.544392
4660 0.597437 0.536867
4663 0.580845 0.497528
4666 0.564709 0.33476
4669 0.535582 0.32069
4672 0.492061 0.363547
4675 0.459175 0.477062
4678 0.439663 0.469429
4681 0.430206 0.421777
4684 0.434793 0.407201
4687 0.424274 0.437573
4690 0.43335 0.403119
4693 0.447437 0.431998
4696 0.451344 0.43043
4699 0.456902 0.396317
4702 0.462461 0.440626
4705 0.46509 0.440758
4708 0.455733 0.477161
4711 0.471072 0.497345
4714 0.515671 0.497105
4717 0.535299 0.514062
4720 0.577518 0.506512
4723 0.595628 0.534528
4726 0.590816 0.553468
4729 0.57269 0.572349
4732 0.533607 0.299535
4735 0.507242 0.46305
4738 0.499353 0.459466
4741 0.476672 0.442575
4744 0.473245 0.492459
4747 0.440451 0.43841
4750 0.407168 0.464551
4753 0.375585 0.415464
4756 0.333665 0.341745
4759 0.32415 0.355318
4762 0.302124 0.359167
4765 0.295255 0.359283
4768 0.283765 0.277841
4771 0.285001 0.27921
4774 0.268409 0.246093
4777 0.256239 0.195238
4780 0.242907 0.167422
4783 0.225676 0.144948
4786 0.216053 0.125552
4789 0.217961 0.0700431
4792 0.223503 0.0411648
4795 0.220732 0.0243239
4798 0.220317 0.0145014
4801 0.220466 0.0923594
4804 0.21957 0.148117
4807 0.219122 0.0670068
4810 0.219471 0.0624772
4813 0.218094 0.118019
4816 0.216982 0.131467
4819 0.216758 0.0964742
4822 0.214576 0.112992
4825 0.214667 0.0424175
4828 0.214618 0.0476439
4831 0.214501 0.115903
4834 0.216443 0.195968
4837 0.216625 0.036295
4840 0.216882 0.0973785
4843 0.216949 0.0397876
4846 0.217032 0.0083043
4849 0.217289 0.00284553
4852 0.217397 0.00584038
4855 0.217471 0.0501161
4858 0.215563 0.0250622
4861 0.215455 0.0374647
4864 0.215638 0.0035341
4867 0.21553 0.0271362
4870 0.215572 0.0841546
4873 0.21553 0.0172059
4876 0.215638 0.0127344
4879 0.215572 0.00281234
4882 0.21485 0.15662
4885 0.215132 0.13963
4888 0.215024 0.0565041
4891 0.215314 0.0749378
4894 0.215231 0.0652232
4897 0.215041 0.00350091
4900 0.216194 0.00679443
4903 0.219886 0.0110337
4906 0.222466 0.0131575
4909 0.222839 0.0168326
4912 0.221387 0.00920027
4915 0.21733 0.00978928
4918 0.230023 0.0199851
4921 0.245835 0.0422598
4924 0.247495 0.0743405
4927 0.261946 0.0915796
4930 0.283192 0.125767
4933 0.298938 0.160295
4936 0.293645 0.186892
4939 0.300614 0.171138
4942 0.305907 0.150158
4945 0.315422 0.125245
4948 0.313879 0.184785
4951 0.293065 0.190543
4954 0.285872 0.170226
4957 0.271976 0.169985
4960 0.260801 0.188427
4963 0.255185 0.160569
4966 0.245379 0.131981
4969 0.250805 0.125386
4972 0.26105 0.140518
4975 0.276846 0.121055
4978 0.291173 0.168185
4981 0.291828 0.182271
4984 0.290219 0.17697
4987 0.285134 0.178132
4990 0.282072 0.183367
4993 0.281185 0.165754
4996 0.278621 0.19484
4999 0.271337 0.213522
5002 0.271213 0.181309
5005 0.270358 0.187664
5008 0.261465 0.202389
5011 0.248391 0.199444
5014 0.229426 0.156794
5017 0.219197 0.118376
5020 0.218948 0.0990045
5023 0.224457 0.0660528
5026 0.225767 0.0485067
5029 0.223868 0.0423926
5032 0.226381 0.0396549
5035 0.225195 0.0370665
5038 0.226431 0.0495852
5041 0.225668 0.0513025
5044 0.228447 0.0586361
5047 0.233375 0.0595238
5050 0.246474 0.0879044
5053 0.270267 0.114228
5056 0.296093 0.11821
5059 0.322283 0.125353
5062 0.352962 0.0903932
5065 0.391414 0.142965
5068 0.416351 0.153808
5071 0.441521 0.15102
5074 0.459665 0.221445
5077 0.463199 0.211656
5080 0.446167 0.20438
5083 0.415339 0.199394
5086 0.379824 0.255915
5089 0.358155 0.241571
5092 0.321935 0.249112
5095 0.285009 0.234271
5098 0.276406 0.192899
5101 0.284735 0.135839
5104 0.289489 0.126307
5107 0.26991 0.153443
5110 0.251427 0.13958
5113 0.229824 0.0902854
5116 0.208039 0.103592
5119 0.20487 0.0367264
5122 0.208877 0.0282396
5125 0.206977 0.00895968
5128 0.207002 0.101402
5131 0.210951 0.0673469
5134 0.211689 0.0738178
5137 0.210304 0.141862
5140 0.209806 0.110594
5143 0.209905 0.136602
5146 0.210005 0.0953625
5149 0.209839 0.106861
5152 0.209822 0.0886345
5155 0.209806 0.0542144
5158 0.209491 0.100017
5161 0.207931 0.126738
5164 0.208561 0.102115
5167 0.208727 0.0477103
5170 0.208736 0.0867762
5173 0.208553 0.0821055
5176 0.208669 0.0511034
5179 0.208694 0.0875975
5182 0.208935 0.067994
5185 0.209491 0.157085
5188 0.209449 0.129011
5191 0.20959 0.146308
5194 0.209607 0.0587357
5197 0.209217 0.079625
5200 0.209358 0.0894807
5203 0.209416 0.0401112
5206 0.209574 0.110735
5209 0.209582 0.0365522
5212 0.209789 0.111432
5215 0.209914 0.0718517
5218 0.209532 0.171702
5221 0.209922 0.103808
5224 0.209789 0.0649411
5227 0.209715 0.076597
5230 0.209922 0.0743322
5233 0.210378 0.0782313
5236 0.210411 0.103086
5239 0.210611 0.061855
5242 0.210785 0.0869919
5245 0.209532 0.0873984
5248 0.209574 0.0977601
5251 0.209474 0.137423
5254 0.209374 0.0825701
5257 0.222059 0.00965655
5260 0.240783 0.0366683
5263 0.255915 0.0659283
5266 0.260478 0.0837481
5269 0.269769 0.083267
5272 0.273851 0.0921105
5275 0.276531 0.0814584
5278 0.279119 0.0926746
5281 0.281724 0.0963083
5284 0.208827 0.0801726
5287 0.283823 0.0925834
5290 0.297395 0.140302
5293 0.319438 0.182371
5296 0.33656 0.214526
5299 0.351593 0.22142
5302 0.358644 0.131151
5305 0.383084 0.220848
5308 0.387481 0.212817
5311 0.391804 0.182504
5314 0.39323 0.190377
5317 0.394234 0.123146
5320 0.402414 0.124224
5323 0.400854 0.113871
5326 0.394948 0.107914
5329 0.389182 0.114792
5332 0.390144 0.129393
5335 0.392691 0.120101
5338 0.397636 0.114684
5341 0.390435 0.134453
5344 0.386992 0.141646
5347 0.383333 0.145827
5350 0.380596 0.162353
5353 0.391571 0.165007
5356 0.403169 0.184337
5359 0.413946 0.217073
5362 0.423743 0.171213
5365 0.413456 0.175643
5368 0.402124 0.181989
5371 0.398963 0.2056
5374 0.391638 0.207782
5377 0.392351 0.220723
5380 0.39377 0.222399
5383 0.394408 0.21962
5386 0.392326 0.227261
5389 0.402746 0.238693
5392 0.417015 0.22064
5395 0.430065 0.209665
5398 0.438087 0.247669
5401 0.427476 0.165903
5404 0.418094 0.17225
5407 0.416667 0.169097
5410 0.419247 0.136577
5413 0.419711 0.134404
5416 0.418641 0.157392
5419 0.431848 0.158736
5422 0.447329 0.148855
5425 0.458387 0.168649
5428 0.459773 0.159358
5431 0.454554 0.169977
5434 0.456388 0.20842
5437 0.463556 0.224017
5440 0.475593 0.251402
5443 0.48525 0.261706
5446 0.493712 0.265107
5449 0.505616 0.214684
5452 0.51524 0.21436
5455 0.524133 0.209491
5458 0.53296 0.211731
5461 0.536801 0.218334
5464 0.538493 0.208512
5467 0.532329 0.206313
5470 0.519172 0.215547
5473 0.51027 0.188585
5476 0.502572 0.179492
5479 0.497503 0.117198
5482 0.506396 0.134063
5485 0.518326 0.140186
5488 0.529866 0.14474
5491 0.540609 0.139182
5494 0.550896 0.153252
5497 0.556794 0.165323
5500 0.565671 0.148805
5503 0.581093 0.163174
5506 0.586179 0.147768
5509 0.596209 0.121097
5512 0.604289 0.124921
5515 0.608918 0.134088
5518 0.609009 0.132869
5521 0.612062 0.182412
5524 0.61548 0.152779
5527 0.624423 0.133931
5530 0.643596 0.0931973
5533 0.656678 0.0898955
5536 0.669396 0.0511863
5539 0.679832 0.0723992
5542 0.68822 0.0779077
5545 0.696375 0.0926912
5548 0.704082 0.0883109
5551 0.711722 0.0863199
5554 0.719545 0.0914551
5557 0.724647 0.0960428
5560 0.727385 0.10925
5563 0.727709 0.116658
5566 0.728903 0.123262
5569 0.729053 0.141663
5572 0.722117 0.150763
5575 0.722109 0.164717
5578 0.721661 0.173021
5581 0.721238 0.172308
5584 0.721528 0.179725
5587 0.727385 0.146557
5590 0.729849 0.133906
5593 0.731948 0.139066
5596 0.731309 0.168392
5599 0.730206 0.131035
5602 0.731168 0.116492
5605 0.73179 0.115107
5608 0.731093 0.0639041
5611 0.729832 0.0229716
5614 0.72858 0.0732454
5617 0.726307 0.0832919
5620 0.723469 0.102398
5623 0.723254 0.0912228
5626 0.72371 0.0930231
5629 0.722366 0.089995
5632 0.72181 0.0680521
5635 0.721686 0.0667164
5638 0.720699 0.0789779
5641 0.721711 0.0722333
5644 0.72191 0.0838975
5647 0.721827 0.126224
5650 0.722573 0.0653974
5653 0.720192 0.105177
5656 0.717596 0.0838145
5659 0.716003 0.0930562
5662 0.716252 0.09036
5665 0.716791 0.0916874
5668 0.716741 0.0899369
5671 0.713199 0.21222
5674 0.714559 0.0559482
5677 0.714999 0.0580305
5680 0.715248 0.0449311
5683 0.715373 0.0546955
5686 0.715837 0.049917
5689 0.715323 0.0370085
5692 0.715854 0.0221337
5695 0.714203 0.0232703
5698 0.714004 0.00555003
5701 0.712004 0.0871578
5704 0.710121 0.080438
5707 0.709507 0.112054
5710 0.709756 0.0298075
5713 0.706255 0.0235938
5716 0.705791 0.0528455
5719 0.704936 0.0409574
5722 0.701842 0.150962
5725 0.70156 0.171661
5728 0.701858 0.015555
5731 0.701809 0.0118882
5734 0.701095 0.017712
5737 0.701012 0.0661689
