frame_number static_density dynamic_density
1 0.66748 0.325
4 0.667175 0.266057
7 0.668394 0.155183
10 0.659553 0.160772
13 0.660061 0.152947
16 0.661077 0.231199
19 0.658537 0.211687
22 0.655691 0.18252
25 0.669106 0.180183
28 0.670122 0.19878
31 0.662703 0.175711
34 0.659553 0.181606
37 0.658537 0.205386
40 0.659858 0.221951
43 0.661585 0.227642
46 0.664634 0.268598
49 0.667886 0.213516
52 0.669919 0.22185
55 0.671951 0.18435
58 0.671138 0.142988
61 0.669106 0.114634
64 0.66189 0.156809
67 0.657317 0.0785569
70 0.656707 0.0804878
73 0.659451 0.124797
76 0.663618 0.0671748
79 0.66565 0.257114
82 0.669715 0.0575203
85 0.672154 0.072561
88 0.669512 0.100508
91 0.665346 0.144715
94 0.655996 0.19126
97 0.651321 0.199492
100 0.645122 0.222967
103 0.635264 0.214939
106 0.629675 0.181707
109 0.630081 0.258435
112 0.632215 0.280894
115 0.641972 0.280081
118 0.636789 0.294106
121 0.638719 0.30061
124 0.635874 0.294614
127 0.642785 0.334451
130 0.639634 0.320732
133 0.6375 0.315447
136 0.639228 0.314329
139 0.641463 0.323171
142 0.641362 0.302541
145 0.640549 0.382622
148 0.646646 0.305081
151 0.652439 0.330285
154 0.65061 0.332215
157 0.651524 0.287602
160 0.652032 0.28313
163 0.656301 0.277439
166 0.657114 0.274695
169 0.660772 0.314228
172 0.664431 0.360874
175 0.665955 0.360671
178 0.665142 0.274695
181 0.665244 0.298374
184 0.665244 0.240854
187 0.666565 0.293902
190 0.668394 0.192581
193 0.669715 0.163313
196 0.671138 0.391362
199 0.67124 0.0763211
202 0.671646 0.183435
205 0.673069 0.243293
208 0.672663 0.251524
211 0.671646 0.245325
214 0.671443 0.205691
217 0.671748 0.164126
220 0.673781 0.477439
223 0.672561 0.251626
226 0.672358 0.34126
229 0.67124 0.241972
232 0.671037 0.139939
235 0.672358 0.22378
238 0.671443 0.0832317
241 0.671951 0.205488
244 0.674187 0.110163
247 0.672459 0.110671
250 0.673374 0.0623984
253 0.673984 0.10061
256 0.673679 0.0753049
259 0.672866 0.0333333
262 0.675102 0.152033
265 0.674898 0.107825
268 0.672764 0.105996
271 0.674594 0.342683
274 0.672967 0.102846
277 0.675711 0.0776423
280 0.679573 0.0442073
283 0.685366 0.0635163
286 0.683028 0.0884146
289 0.67439 0.103963
292 0.669512 0.0809959
295 0.665346 0.0922764
298 0.66372 0.116463
301 0.664533 0.0610772
304 0.665854 0.115244
307 0.669411 0.079065
310 0.670427 0.112907
313 0.670427 0.167073
316 0.672053 0.118496
319 0.672154 0.166667
322 0.666768 0.409045
325 0.667175 0.212602
328 0.671443 0.191768
331 0.672663 0.245732
334 0.673171 0.258435
337 0.672358 0.106809
340 0.673577 0.0966463
343 0.673272 0.119106
346 0.670732 0.0827236
349 0.666463 0.0328252
352 0.665346 0.0402439
355 0.663313 0.0627033
358 0.665447 0.0712398
361 0.665549 0.0622967
364 0.663923 0.0570122
367 0.667073 0.0601626
370 0.66687 0.0930894
373 0.66565 0.0435976
376 0.666463 0.0382114
379 0.667581 0.0743902
382 0.666362 0.0711382
385 0.669411 0.0476626
388 0.669309 0.102642
391 0.667886 0.0952236
394 0.666159 0.106098
397 0.66311 0.202439
400 0.65813 0.133943
403 0.654065 0.133028
406 0.652642 0.173476
409 0.661484 0.195427
412 0.661992 0.173171
415 0.661484 0.246138
418 0.656402 0.246748
421 0.648679 0.27002
424 0.6375 0.278659
427 0.630894 0.27378
430 0.622967 0.289329
433 0.615142 0.309045
436 0.60874 0.316972
439 0.611789 0.321037
442 0.607825 0.343293
445 0.593902 0.394614
448 0.594919 0.394309
451 0.591362 0.397256
454 0.587093 0.387906
457 0.584959 0.387297
460 0.579675 0.436687
463 0.570528 0.395427
466 0.57561 0.406402
469 0.578963 0.350711
472 0.574593 0.501931
475 0.574187 0.34624
478 0.575813 0.373272
481 0.578963 0.417988
484 0.575203 0.379268
487 0.576219 0.372764
490 0.575203 0.390854
493 0.575305 0.368496
496 0.573577 0.263008
499 0.574797 0.172358
502 0.580589 0.0354675
505 0.583537 0.155894
508 0.588008 0.14878
511 0.586789 0.134553
514 0.583333 0.118089
517 0.583028 0.135467
520 0.577744 0.235976
523 0.573984 0.178455
526 0.571037 0.158333
529 0.570122 0.159959
532 0.577439 0.162398
535 0.58435 0.160366
538 0.588719 0.166972
541 0.591159 0.193293
544 0.591768 0.191565
547 0.59065 0.265142
550 0.588313 0.22185
553 0.591565 0.224085
556 0.588719 0.23435
559 0.590854 0.246037
562 0.589837 0.31687
565 0.592886 0.417886
568 0.590041 0.390549
571 0.59248 0.28374
574 0.595325 0.113618
577 0.594919 0.0862805
580 0.594309 0.119106
583 0.596646 0.147053
586 0.598374 0.127337
589 0.596443 0.125
592 0.593598 0.157419
595 0.5875 0.212195
598 0.585671 0.183841
601 0.588313 0.171646
604 0.585569 0.211585
607 0.582825 0.211789
610 0.587195 0.219207
613 0.590346 0.244004
616 0.593598 0.217378
619 0.594309 0.215854
622 0.602439 0.339736
625 0.602642 0.221951
628 0.601423 0.229268
631 0.604472 0.219207
634 0.608537 0.252134
637 0.608841 0.251728
640 0.60752 0.202541
643 0.610366 0.174797
646 0.612398 0.322459
649 0.615549 0.120732
652 0.617175 0.188923
655 0.620528 0.192886
658 0.623069 0.201728
661 0.619817 0.192276
664 0.616565 0.207419
667 0.620427 0.179776
670 0.62002 0.42063
673 0.622358 0.168089
676 0.619106 0.19248
679 0.619512 0.177947
682 0.622764 0.19624
685 0.621138 0.229472
688 0.619614 0.197358
691 0.621037 0.229878
694 0.618293 0.220122
697 0.621341 0.462602
700 0.619207 0.32815
703 0.618089 0.256911
706 0.616768 0.312398
709 0.617988 0.262805
712 0.618394 0.328354
715 0.616972 0.329573
718 0.616667 0.280793
721 0.61626 0.508841
724 0.613008 0.324797
727 0.612094 0.391159
730 0.612398 0.45315
733 0.611585 0.175102
736 0.610163 0.379878
739 0.610163 0.244207
742 0.607825 0.158943
745 0.603354 0.247663
748 0.605081 0.316159
751 0.603354 0.356301
754 0.604675 0.19624
757 0.604776 0.22622
760 0.604167 0.137703
763 0.604878 0.198577
766 0.603659 0.289634
769 0.605691 0.108943
772 0.604878 0.440244
775 0.606199 0.32002
778 0.605285 0.196443
781 0.605183 0.310671
784 0.604776 0.114533
787 0.603963 0.233435
790 0.608435 0.0189024
793 0.610772 0.0337398
796 0.614024 0.132114
799 0.617276 0.0564024
802 0.620833 0.0541667
805 0.62124 0.084248
808 0.624797 0.0787602
811 0.629268 0.125813
814 0.63374 0.0722561
817 0.635569 0.185569
820 0.641362 0.427033
823 0.642378 0.205793
826 0.643801 0.106606
829 0.644614 0.158232
832 0.641362 0.151423
835 0.641667 0.12378
838 0.642785 0.193496
841 0.641565 0.106199
844 0.643089 0.0900407
847 0.645122 0.382012
850 0.644309 0.154776
853 0.644106 0.209248
856 0.644004 0.174187
859 0.642785 0.0960366
862 0.64563 0.0877033
865 0.643598 0.281402
868 0.643394 0.105488
871 0.642785 0.416972
874 0.643902 0.198272
877 0.642988 0.289634
880 0.646646 0.239736
883 0.645935 0.355081
886 0.645325 0.307825
889 0.646646 0.156606
892 0.646037 0.156707
895 0.645528 0.234654
898 0.647154 0.267988
901 0.648069 0.0785569
904 0.646748 0.250711
907 0.649289 0.216972
910 0.648984 0.0698171
913 0.649289 0.29248
916 0.648679 0.118902
919 0.646748 0.18689
922 0.646138 0.251829
925 0.643699 0.159654
928 0.643496 0.196951
931 0.644512 0.338211
934 0.643191 0.170935
937 0.643699 0.0918699
940 0.643598 0.0598577
943 0.644004 0.0514228
946 0.644715 0.0673781
949 0.642683 0.05
952 0.642378 0.0654472
955 0.644614 0.32561
958 0.646545 0.152541
961 0.64502 0.0493902
964 0.644106 0.0862805
967 0.643801 0.126118
970 0.643089 0.110264
973 0.642988 0.13435
976 0.641768 0.126524
979 0.64126 0.0939024
982 0.647663 0.13628
985 0.646138 0.0884146
988 0.646951 0.101931
991 0.64563 0.260671
994 0.646341 0.15122
997 0.645325 0.314939
1000 0.64563 0.107317
1003 0.647154 0.143598
1006 0.644106 0.295528
1009 0.643293 0.0703252
1012 0.648679 0.102541
1015 0.647764 0.0848577
1018 0.645427 0.117175
1021 0.645427 0.0722561
1024 0.645427 0.0416667
1027 0.645732 0.0836382
1030 0.647866 0.148984
1033 0.644919 0.106606
1036 0.646443 0.269004
1039 0.64563 0.17124
1042 0.644106 0.0964431
1045 0.648476 0.10752
1048 0.645528 0.128963
1051 0.645325 0.089126
1054 0.643902 0.0582317
1057 0.644106 0.0586382
1060 0.643293 0.0440041
1063 0.64187 0.342886
1066 0.644004 0.135061
1069 0.644614 0.0878049
1072 0.643902 0.126524
1075 0.644715 0.0755081
1078 0.645325 0.0599593
1081 0.642988 0.162805
1084 0.644411 0.0925813
1087 0.643293 0.282724
1090 0.644411 0.138211
1093 0.64624 0.135569
1096 0.645935 0.121443
1099 0.646138 0.0591463
1102 0.64502 0.103659
1105 0.643801 0.116768
1108 0.642988 0.104573
1111 0.641972 0.35437
1114 0.642073 0.222967
1117 0.643089 0.239329
1120 0.644614 0.0997967
1123 0.642785 0.109045
1126 0.64126 0.0689024
1129 0.640447 0.0653455
1132 0.642683 0.0596545
1135 0.639939 0.041565
1138 0.639533 0.0832317
1141 0.637805 0.0726626
1144 0.637398 0.0893293
1147 0.640955 0.0700203
1150 0.642175 0.0673781
1153 0.640752 0.0884146
1156 0.643191 0.0678862
1159 0.639431 0.085061
1162 0.640346 0.154268
1165 0.641972 0.0948171
1168 0.641768 0.11687
1171 0.640752 0.0810976
1174 0.640955 0.103354
1177 0.639431 0.0780488
1180 0.640752 0.0308943
1183 0.641362 0.0533537
1186 0.640041 0.172154
1189 0.639634 0.0652439
1192 0.639736 0.12063
1195 0.64065 0.191463
1198 0.641362 0.18313
1201 0.639736 0.173374
1204 0.638211 0.176728
1207 0.638618 0.264126
1210 0.638821 0.215955
1213 0.639939 0.347561
1216 0.641667 0.233638
1219 0.642581 0.418902
1222 0.640854 0.0763211
1225 0.641362 0.11128
1228 0.639939 0.0542683
1231 0.641565 0.0652439
1234 0.641972 0.10122
1237 0.643293 0.139837
1240 0.641972 0.188008
1243 0.642988 0.220732
1246 0.641565 0.110061
1249 0.643902 0.137703
1252 0.642581 0.106911
1255 0.643394 0.0523374
1258 0.642378 0.0905488
1261 0.642886 0.382622
1264 0.643801 0.168598
1267 0.643902 0.327134
1270 0.642886 0.207724
1273 0.64248 0.202744
1276 0.642683 0.144004
1279 0.64248 0.130894
1282 0.642886 0.0427846
1285 0.644207 0.0804878
1288 0.645732 0.0987805
1291 0.645122 0.170427
1294 0.645935 0.0352642
1297 0.644106 0.197764
1300 0.641972 0.127337
1303 0.641362 0.065752
1306 0.641159 0.0481707
1309 0.641362 0.0549797
1312 0.639126 0.22998
1315 0.639431 0.0637195
1318 0.641667 0.0581301
1321 0.640854 0.098374
1324 0.639939 0.239329
1327 0.641463 0.18252
1330 0.640549 0.137195
1333 0.640447 0.256606
1336 0.635976 0.265041
1339 0.63689 0.263313
1342 0.638923 0.129268
1345 0.637805 0.133537
1348 0.638415 0.0688008
1351 0.63689 0.112195
1354 0.635163 0.0992886
1357 0.636992 0.118496
1360 0.638008 0.0742886
1363 0.639024 0.193699
1366 0.636585 0.0964431
1369 0.636789 0.0794715
1372 0.634756 0.106911
1375 0.636484 0.0560976
1378 0.638719 0.0481707
1381 0.639126 0.0617886
1384 0.640041 0.0557927
1387 0.639736 0.146341
1390 0.641565 0.0509146
1393 0.640244 0.053252
1396 0.64187 0.0442073
1399 0.641972 0.0830285
1402 0.642276 0.0561992
1405 0.641362 0.0445122
1408 0.640854 0.0795732
1411 0.642988 0.151829
1414 0.641768 0.153049
1417 0.640346 0.0831301
1420 0.642175 0.15315
1423 0.640447 0.214228
1426 0.636484 0.204878
1429 0.638211 0.271443
1432 0.638719 0.276931
1435 0.634248 0.264634
1438 0.629167 0.257825
1441 0.617175 0.341362
1444 0.62124 0.357317
1447 0.620935 0.423882
1450 0.615447 0.5125
1453 0.610874 0.445325
1456 0.60813 0.44878
1459 0.607215 0.465955
1462 0.601016 0.493293
1465 0.598882 0.50874
1468 0.600407 0.518293
1471 0.6 0.672358
1474 0.592581 0.772764
1477 0.597663 0.760467
1480 0.591057 0.766768
1483 0.584858 0.690244
1486 0.577947 0.712906
1489 0.578252 0.791768
1492 0.572053 0.720122
1495 0.572663 0.780691
1498 0.572459 0.802236
1501 0.569614 0.766768
1504 0.579065 0.836382
1507 0.590955 0.852134
1510 0.59502 0.908333
1513 0.60122 0.908537
1516 0.60498 0.912805
1519 0.611382 0.899492
1522 0.615041 0.952541
1525 0.614837 0.921138
1528 0.607927 0.910366
1531 0.598272 0.942988
1534 0.579268 0.938821
1537 0.557317 0.945833
1540 0.549898 0.944817
1543 0.564126 0.937195
1546 0.574187 0.946443
1549 0.570325 0.942581
1552 0.578455 0.929878
1555 0.582724 0.945122
1558 0.57998 0.949797
1561 0.583943 0.926016
1564 0.594817 0.94502
1567 0.59563 0.973679
1570 0.613313 0.972358
1573 0.615955 0.982317
1576 0.631606 0.984146
1579 0.64065 0.986179
1582 0.634756 0.978049
1585 0.625 0.985467
1588 0.603252 0.974797
1591 0.587297 0.967581
1594 0.561687 0.969614
1597 0.570833 0.958943
1600 0.58435 0.955081
1603 0.59126 0.967683
1606 0.600203 0.971341
1609 0.594207 0.967785
1612 0.596545 0.960671
1615 0.595224 0.934553
1618 0.589431 0.934146
1621 0.579268 0.9
1624 0.602134 0.933841
1627 0.606402 0.918191
1630 0.590549 0.938821
1633 0.588516 0.914736
1636 0.588008 0.945224
1639 0.571443 0.939329
1642 0.543293 0.944715
1645 0.529573 0.923984
1648 0.528557 0.933435
1651 0.531199 0.952744
1654 0.543394 0.950711
1657 0.534858 0.87063
1660 0.545325 0.95061
1663 0.545427 0.945528
1666 0.546138 0.933537
1669 0.547154 0.962703
1672 0.560772 0.923882
1675 0.562805 0.934756
1678 0.552337 0.868089
1681 0.542581 0.86372
1684 0.539126 0.904167
1687 0.541362 0.84065
1690 0.540854 0.848882
1693 0.545833 0.854167
1696 0.567581 0.827947
1699 0.580691 0.872663
1702 0.584959 0.81748
1705 0.592378 0.790447
1708 0.590346 0.835061
1711 0.55874 0.871748
1714 0.537602 0.768699
1717 0.514024 0.830691
1720 0.504776 0.786179
1723 0.495528 0.801016
1726 0.483333 0.821443
1729 0.482215 0.751931
1732 0.484248 0.797561
1735 0.49878 0.872459
1738 0.520732 0.885264
1741 0.530081 0.854167
1744 0.531504 0.897053
1747 0.541463 0.895325
1750 0.579472 0.871341
1753 0.614837 0.872256
1756 0.634959 0.825813
1759 0.635671 0.824797
1762 0.645935 0.810976
1765 0.648679 0.782419
1768 0.651931 0.810264
1771 0.667988 0.80376
1774 0.670224 0.809858
1777 0.64939 0.825305
1780 0.647053 0.792886
1783 0.642785 0.783638
1786 0.651728 0.798679
1789 0.654268 0.754573
1792 0.661281 0.722866
1795 0.679675 0.681809
1798 0.696951 0.697358
1801 0.720935 0.69878
1804 0.718191 0.76128
1807 0.695325 0.764837
1810 0.679472 0.757419
1813 0.674289 0.706199
1816 0.651728 0.721748
1819 0.629573 0.694614
1822 0.60874 0.704573
1825 0.592886 0.693293
1828 0.58374 0.651728
1831 0.593801 0.628354
1834 0.595528 0.650102
1837 0.633638 0.601423
1840 0.644207 0.598984
1843 0.633841 0.554268
1846 0.618293 0.532317
1849 0.620427 0.489837
1852 0.624492 0.450102
1855 0.637602 0.432825
1858 0.660569 0.43313
1861 0.651728 0.419309
1864 0.628963 0.411687
1867 0.630488 0.372256
1870 0.644715 0.453354
1873 0.647256 0.469309
1876 0.647358 0.411077
1879 0.647764 0.51311
1882 0.64248 0.57439
1885 0.604573 0.591565
1888 0.603354 0.655488
1891 0.595833 0.67002
1894 0.576016 0.6625
1897 0.590549 0.69065
1900 0.584248 0.712602
1903 0.55874 0.664736
1906 0.524898 0.788923
1909 0.532215 0.768598
1912 0.534248 0.693496
1915 0.554167 0.732927
1918 0.584248 0.672561
1921 0.596545 0.644919
1924 0.63435 0.608333
1927 0.662195 0.605894
1930 0.674492 0.548577
1933 0.701728 0.493089
1936 0.706911 0.483435
1939 0.693902 0.402236
1942 0.697459 0.390549
1945 0.701931 0.397663
1948 0.703049 0.353862
1951 0.696138 0.31748
1954 0.696341 0.290142
1957 0.69187 0.240549
1960 0.689533 0.233232
1963 0.684045 0.171443
1966 0.683232 0.17124
1969 0.68252 0.12815
1972 0.680285 0.107825
1975 0.680996 0.0783537
1978 0.681606 0.149797
1981 0.682317 0.0828252
1984 0.688618 0.0757114
1987 0.697663 0.298679
1990 0.697866 0.0691057
1993 0.696748 0.150407
1996 0.697764 0.0557927
1999 0.710467 0.0606707
2002 0.731911 0.083435
2005 0.748476 0.118496
2008 0.73872 0.15
2011 0.727033 0.242378
2014 0.710264 0.310061
2017 0.690854 0.346341
2020 0.635874 0.392581
2023 0.576829 0.43872
2026 0.52561 0.528557
2029 0.486789 0.529268
2032 0.487094 0.482825
2035 0.492581 0.525508
2038 0.52002 0.526423
2041 0.511484 0.475
2044 0.608943 0.447561
2047 0.674797 0.369207
2050 0.707215 0.405386
2053 0.714736 0.32815
2056 0.712805 0.277439
2059 0.722561 0.328252
2062 0.737907 0.177337
2065 0.732317 0.232419
2068 0.72622 0.189939
2071 0.719207 0.124492
2074 0.713211 0.145528
2077 0.7125 0.113821
2080 0.709959 0.0772358
2083 0.70813 0.0573171
2086 0.708435 0.0570122
2089 0.706504 0.0487805
2092 0.706402 0.0814024
2095 0.70498 0.0445122
2098 0.706606 0.0668699
2101 0.710569 0.0693089
2104 0.710163 0.0854675
2107 0.704675 0.135061
2110 0.694715 0.132215
2113 0.664736 0.18872
2116 0.642683 0.235772
2119 0.609756 0.233333
2122 0.598984 0.324492
2125 0.599187 0.360061
2128 0.581504 0.39878
2131 0.560772 0.436382
2134 0.542073 0.465041
2137 0.531504 0.419004
2140 0.545528 0.380996
2143 0.547561 0.402642
2146 0.541565 0.419614
2149 0.54126 0.413821
2152 0.544411 0.385163
2155 0.574492 0.432622
2158 0.581199 0.464837
2161 0.55498 0.476016
2164 0.537703 0.519004
2167 0.527541 0.506707
2170 0.540549 0.488923
2173 0.553049 0.411687
2176 0.563313 0.461789
2179 0.584248 0.365549
2182 0.608537 0.334248
2185 0.632215 0.307012
2188 0.668496 0.179472
2191 0.689329 0.236687
2194 0.705488 0.199187
2197 0.703862 0.16626
2200 0.70437 0.13313
2203 0.701423 0.086687
2206 0.701829 0.0832317
2209 0.700813 0.0636179
2212 0.699898 0.0557927
2215 0.700813 0.0327236
2218 0.700406 0.127439
2221 0.701219 0.0392276
2224 0.701321 0.0448171
2227 0.702134 0.0468496
2230 0.701829 0.049187
2233 0.701931 0.0497967
2236 0.701728 0.110671
2239 0.700915 0.0440041
2242 0.700406 0.149594
2245 0.700508 0.0626016
2248 0.700915 0.064939
2251 0.701321 0.0605691
2254 0.700508 0.0738821
2257 0.701118 0.0527439
2260 0.701016 0.0605691
2263 0.704472 0.119512
2266 0.705183 0.074187
2269 0.720427 0.134654
2272 0.715854 0.162398
2275 0.698577 0.194411
2278 0.678455 0.201423
2281 0.670833 0.265549
2284 0.665752 0.295935
2287 0.681199 0.296037
2290 0.675203 0.301524
2293 0.663618 0.286484
2296 0.686789 0.305183
2299 0.687195 0.270224
2302 0.680894 0.341159
2305 0.676524 0.344004
2308 0.684756 0.351016
2311 0.703049 0.373679
2314 0.711484 0.317175
2317 0.711179 0.283333
2320 0.706911 0.306504
2323 0.696341 0.343699
2326 0.693394 0.263618
2329 0.703557 0.298069
2332 0.707317 0.239939
2335 0.704573 0.208232
2338 0.699187 0.142073
2341 0.704776 0.198171
2344 0.707724 0.172053
2347 0.704776 0.112195
2350 0.702541 0.102541
2353 0.695732 0.124289
2356 0.694106 0.142988
2359 0.692073 0.14065
2362 0.690854 0.203455
2365 0.694512 0.117378
2368 0.69187 0.102337
2371 0.700915 0.122053
2374 0.701626 0.0944106
2377 0.708333 0.153455
2380 0.712093 0.127846
2383 0.710569 0.0958333
2386 0.71748 0.117378
2389 0.706809 0.194715
2392 0.672967 0.257419
2395 0.634756 0.309654
2398 0.643191 0.248476
2401 0.62561 0.259451
2404 0.632317 0.250305
2407 0.611281 0.27876
2410 0.597053 0.266768
2413 0.645732 0.264024
2416 0.661687 0.150305
2419 0.666362 0.174695
2422 0.680894 0.12378
2425 0.701524 0.0972561
2428 0.705183 0.0700203
2431 0.706707 0.0367886
2434 0.711585 0.0455285
2437 0.697459 0.136484
2440 0.69248 0.159451
2443 0.688008 0.177947
2446 0.699085 0.200102
2449 0.702744 0.203354
2452 0.689736 0.204878
2455 0.689837 0.17439
2458 0.672663 0.210976
2461 0.688618 0.184248
2464 0.699695 0.206301
2467 0.708028 0.151931
2470 0.710569 0.12561
2473 0.708232 0.099187
2476 0.710874 0.0752033
2479 0.703862 0.10122
2482 0.699085 0.0863821
2485 0.69502 0.122459
2488 0.696748 0.198882
2491 0.703557 0.138211
2494 0.698679 0.107825
2497 0.699187 0.147154
2500 0.699898 0.149085
2503 0.705793 0.144411
2506 0.717886 0.140041
2509 0.723781 0.150305
2512 0.726423 0.179268
2515 0.716565 0.198374
2518 0.705183 0.261789
2521 0.687093 0.302846
2524 0.658638 0.260163
2527 0.659553 0.276626
2530 0.664431 0.260569
2533 0.663313 0.298577
2536 0.672561 0.337297
2539 0.660061 0.342581
2542 0.645122 0.342073
2545 0.656098 0.379675
2548 0.698171 0.371138
2551 0.693191 0.314228
2554 0.679675 0.244004
2557 0.683232 0.221138
2560 0.69624 0.150305
2563 0.711382 0.136789
2566 0.712297 0.106504
2569 0.712906 0.0652439
2572 0.713415 0.0362805
2575 0.713415 0.183028
2578 0.715447 0.263313
2581 0.714126 0.140752
2584 0.71311 0.444411
2587 0.717175 0.298272
2590 0.717175 0.220122
2593 0.717886 0.162093
2596 0.717581 0.375203
2599 0.718496 0.39939
2602 0.718902 0.406301
2605 0.717175 0.356402
2608 0.716667 0.200508
2611 0.716057 0.44939
2614 0.716362 0.385163
2617 0.715955 0.370325
2620 0.716565 0.308841
2623 0.717276 0.298374
2626 0.724797 0.0317073
2629 0.725305 0.0822155
2632 0.710264 0.128049
2635 0.70376 0.165142
2638 0.698374 0.144207
2641 0.708537 0.269919
2644 0.703252 0.287602
2647 0.66565 0.377541
2650 0.643191 0.494004
2653 0.611281 0.54939
2656 0.604065 0.559858
2659 0.617073 0.546951
2662 0.622459 0.605894
2665 0.644512 0.587093
2668 0.66565 0.563923
2671 0.644817 0.535163
2674 0.625203 0.448984
2677 0.609248 0.428049
2680 0.602236 0.467175
2683 0.635671 0.399594
2686 0.646951 0.419004
2689 0.628659 0.370732
2692 0.624085 0.359553
2695 0.631504 0.325102
2698 0.653455 0.287805
2701 0.668293 0.265854
2704 0.676728 0.221341
2707 0.676118 0.182317
2710 0.676931 0.130183
2713 0.674289 0.140854
2716 0.675102 0.126423
2719 0.671951 0.129675
2722 0.67998 0.130589
2725 0.679776 0.128862
2728 0.684146 0.158638
2731 0.691463 0.144004
2734 0.693191 0.163516
2737 0.695935 0.202846
2740 0.690142 0.198984
2743 0.684858 0.203659
2746 0.685569 0.229878
2749 0.681402 0.23872
2752 0.680386 0.239736
2755 0.68313 0.31626
2758 0.682927 0.291057
2761 0.688923 0.308841
2764 0.684045 0.264634
2767 0.680996 0.312907
2770 0.678862 0.268496
2773 0.680894 0.310874
2776 0.679472 0.295935
2779 0.676016 0.338923
2782 0.677642 0.338516
2785 0.680386 0.338008
2788 0.685874 0.367785
2791 0.689736 0.329472
2794 0.688415 0.355488
2797 0.687602 0.218496
2800 0.691972 0.238923
2803 0.689126 0.263008
2806 0.687907 0.273069
2809 0.68689 0.261585
2812 0.695427 0.207012
2815 0.694715 0.225102
2818 0.695325 0.196443
2821 0.695325 0.149289
2824 0.697053 0.0904472
2827 0.69563 0.0972561
2830 0.696951 0.0855691
2833 0.69624 0.241057
2836 0.699289 0.138923
2839 0.699187 0.0683943
2842 0.700102 0.15122
2845 0.697053 0.114024
2848 0.696748 0.0894309
2851 0.697154 0.102947
2854 0.700102 0.0830285
2857 0.695935 0.103659
2860 0.690752 0.0843496
2863 0.694207 0.136179
2866 0.69624 0.130386
2869 0.695224 0.130081
2872 0.695224 0.090752
2875 0.695833 0.12876
2878 0.694715 0.113008
2881 0.695935 0.0953252
2884 0.694004 0.125
2887 0.690752 0.184553
2890 0.685061 0.139736
2893 0.686382 0.147663
2896 0.688211 0.176829
2899 0.683841 0.125508
2902 0.683435 0.188516
2905 0.68374 0.15122
2908 0.681098 0.143394
2911 0.679167 0.213313
2914 0.678252 0.10315
2917 0.679776 0.170122
2920 0.679878 0.155386
2923 0.678557 0.184654
2926 0.679776 0.122866
2929 0.681098 0.181809
2932 0.681504 0.180894
2935 0.68435 0.163008
2938 0.686077 0.26626
2941 0.686484 0.169309
2944 0.694004 0.133841
2947 0.695224 0.124289
2950 0.690041 0.110061
2953 0.690346 0.163313
2956 0.685671 0.182012
2959 0.663821 0.180691
2962 0.638618 0.225102
2965 0.62378 0.212602
2968 0.607215 0.204167
2971 0.597358 0.225813
2974 0.589634 0.23628
2977 0.584858 0.244411
2980 0.589837 0.231911
2983 0.587703 0.262602
2986 0.596138 0.386382
2989 0.599695 0.345122
2992 0.607114 0.346545
2995 0.612805 0.342886
2998 0.612398 0.365244
3001 0.610772 0.388211
3004 0.609146 0.429167
3007 0.609959 0.481911
3010 0.615854 0.471443
3013 0.610874 0.490346
3016 0.604167 0.463821
3019 0.598781 0.401118
3022 0.601626 0.372053
3025 0.600813 0.40813
3028 0.598882 0.433638
3031 0.593496 0.361281
3034 0.58811 0.368699
3037 0.581402 0.418598
3040 0.582724 0.4125
3043 0.583333 0.365447
3046 0.589329 0.317988
3049 0.59065 0.306707
3052 0.590244 0.316362
3055 0.587906 0.286585
3058 0.590346 0.298272
3061 0.59624 0.332419
3064 0.599492 0.267581
3067 0.602744 0.271545
3070 0.604065 0.293496
3073 0.605081 0.169715
3076 0.603455 0.250508
3079 0.60315 0.258638
3082 0.60061 0.263719
3085 0.587906 0.307419
3088 0.597459 0.297561
3091 0.603049 0.288516
3094 0.604675 0.27937
3097 0.597866 0.26687
3100 0.595528 0.321341
3103 0.594106 0.2875
3106 0.591667 0.29065
3109 0.585264 0.345833
3112 0.580081 0.309756
3115 0.579167 0.14248
3118 0.579573 0.200508
3121 0.576118 0.236077
3124 0.575203 0.238516
3127 0.57561 0.26128
3130 0.576423 0.195732
3133 0.571748 0.188923
3136 0.577642 0.288923
3139 0.579675 0.177236
3142 0.582419 0.205386
3145 0.585569 0.19187
3148 0.589939 0.195528
3151 0.593394 0.127033
3154 0.596037 0.162805
3157 0.597866 0.127134
3160 0.599187 0.176016
3163 0.599085 0.191159
3166 0.598984 0.112297
3169 0.599187 0.177236
3172 0.600203 0.166972
3175 0.597866 0.246951
3178 0.598476 0.19187
3181 0.599085 0.141463
3184 0.601626 0.154472
3187 0.606911 0.263211
3190 0.609959 0.203049
3193 0.613313 0.279268
3196 0.617988 0.285874
3199 0.618496 0.187195
3202 0.620732 0.199289
3205 0.620528 0.181911
3208 0.624187 0.224289
3211 0.624085 0.416159
3214 0.622561 0.229776
3217 0.622053 0.221037
3220 0.623577 0.191768
3223 0.624187 0.162703
3226 0.627033 0.0848577
3229 0.628049 0.166159
3232 0.628862 0.144411
3235 0.629268 0.0965447
3238 0.628862 0.344715
3241 0.629472 0.0847561
3244 0.629878 0.12622
3247 0.630793 0.147967
3250 0.631098 0.116159
3253 0.631707 0.162398
3256 0.631606 0.0989837
3259 0.633435 0.064126
3262 0.629776 0.392886
3265 0.629268 0.0404472
3268 0.632215 0.0903455
3271 0.63313 0.073374
3274 0.633638 0.0344512
3277 0.633333 0.0442073
3280 0.631707 0.0979675
3283 0.632825 0.0620935
3286 0.624187 0.0836382
3289 0.626423 0.0396341
3292 0.629167 0.177541
3295 0.62937 0.0953252
3298 0.630386 0.0770325
3301 0.630183 0.101931
3304 0.62998 0.150102
3307 0.631402 0.0928862
3310 0.630081 0.123374
3313 0.627846 0.143902
3316 0.626524 0.113618
3319 0.628862 0.122764
3322 0.628862 0.136179
3325 0.62937 0.0864837
3328 0.629065 0.104776
3331 0.626016 0.0853659
3334 0.62439 0.142378
3337 0.623984 0.201118
3340 0.626118 0.134959
3343 0.626321 0.14126
3346 0.626626 0.136382
3349 0.62561 0.145224
3352 0.628557 0.116159
3355 0.628862 0.120427
3358 0.630285 0.135772
3361 0.627947 0.194106
3364 0.626829 0.0813008
3367 0.627744 0.172053
3370 0.628659 0.0859756
3373 0.630894 0.109451
3376 0.632419 0.120224
3379 0.632724 0.0860772
3382 0.632419 0.0856707
3385 0.632724 0.152947
3388 0.629167 0.393293
3391 0.631911 0.25315
3394 0.632724 0.122154
3397 0.63374 0.151016
3400 0.632317 0.0930894
3403 0.631199 0.064126
3406 0.631301 0.0792683
3409 0.633232 0.0728659
3412 0.629167 0.32561
3415 0.630488 0.147561
3418 0.632215 0.173374
3421 0.631809 0.293191
3424 0.631911 0.442886
3427 0.631504 0.28872
3430 0.631402 0.184858
3433 0.630894 0.30437
3436 0.635569 0.333028
3439 0.635772 0.394512
3442 0.635874 0.374898
3445 0.634654 0.174695
3448 0.635366 0.0986789
3451 0.635467 0.161687
3454 0.637398 0.0781504
3457 0.63628 0.172967
3460 0.635772 0.186077
3463 0.63689 0.402236
3466 0.637093 0.352947
3469 0.635874 0.110772
3472 0.634045 0.1875
3475 0.633232 0.181098
3478 0.632012 0.251728
3481 0.632622 0.0788618
3484 0.632215 0.18313
3487 0.631199 0.119309
3490 0.630894 0.1375
3493 0.631911 0.154472
3496 0.632317 0.245427
3499 0.632317 0.426728
3502 0.631809 0.251016
3505 0.632215 0.0460366
3508 0.631707 0.0705285
3511 0.630691 0.239837
3514 0.631606 0.438008
3517 0.632012 0.195732
3520 0.632724 0.235061
3523 0.632825 0.442175
3526 0.633333 0.144309
3529 0.63374 0.237093
3532 0.633841 0.0296748
3535 0.634959 0.173476
3538 0.633028 0.379675
3541 0.63313 0.127236
3544 0.633841 0.156402
3547 0.634248 0.21565
3550 0.634248 0.19502
3553 0.63313 0.248882
3556 0.634451 0.131402
3559 0.635061 0.12124
3562 0.632622 0.41687
3565 0.634248 0.244919
3568 0.636179 0.434756
3571 0.633638 0.28628
3574 0.634553 0.392683
3577 0.634959 0.325813
3580 0.634553 0.253963
3583 0.636585 0.171646
3586 0.633638 0.508943
3589 0.633841 0.261382
3592 0.636687 0.351118
3595 0.635569 0.268089
3598 0.634146 0.382114
3601 0.633943 0.296138
3604 0.633232 0.256504
3607 0.633333 0.239126
3610 0.632114 0.065752
3613 0.633435 0.0396341
3616 0.63374 0.0626016
3619 0.634045 0.0912602
3622 0.62998 0.177236
3625 0.629675 0.126626
3628 0.631707 0.102846
3631 0.632419 0.0561992
3634 0.632317 0.0625
3637 0.634045 0.0436992
3640 0.637093 0.0575203
3643 0.636789 0.0481707
3646 0.631402 0.063313
3649 0.634959 0.0613821
3652 0.635874 0.0458333
3655 0.635467 0.0815041
3658 0.634959 0.0443089
3661 0.635061 0.0326219
3664 0.63313 0.0504065
3667 0.633537 0.0426829
3670 0.630081 0.23811
3673 0.631606 0.0734756
3676 0.631504 0.0403455
3679 0.631911 0.0589431
3682 0.632317 0.0378049
3685 0.633943 0.105285
3688 0.633841 0.123272
3691 0.633943 0.131606
3694 0.633232 0.0799797
3697 0.635264 0.352033
3700 0.634756 0.070122
3703 0.637195 0.110569
3706 0.635467 0.0998984
3709 0.634756 0.134959
3712 0.634146 0.0970528
3715 0.633333 0.105183
3718 0.633943 0.0890244
3721 0.62998 0.273374
3724 0.630285 0.0977642
3727 0.631098 0.16372
3730 0.631606 0.135874
3733 0.630488 0.125407
3736 0.632114 0.173476
3739 0.633537 0.0988821
3742 0.633435 0.104878
3745 0.632927 0.367175
3748 0.632317 0.219817
3751 0.632724 0.223984
3754 0.633435 0.178557
3757 0.634146 0.0837398
3760 0.63435 0.122459
3763 0.635163 0.042378
3766 0.635874 0.0417683
3769 0.636992 0.0596545
3772 0.631606 0.0626016
3775 0.631402 0.0911585
3778 0.62937 0.0593496
3781 0.63313 0.0190041
3784 0.636789 0.0928862
3787 0.638313 0.0756098
3790 0.638313 0.104675
3793 0.640346 0.0577236
3796 0.640854 0.193293
3799 0.643089 0.147967
3802 0.645224 0.108232
3805 0.646748 0.116768
3808 0.646037 0.154776
3811 0.646443 0.178049
3814 0.648476 0.232215
3817 0.650711 0.156809
3820 0.659654 0.447256
3823 0.661687 0.052439
3826 0.664024 0.0200203
3829 0.664634 0.0661585
3832 0.666565 0.0646341
3835 0.668699 0.0239837
3838 0.669512 0.0226626
3841 0.670122 0.014126
3844 0.670732 0.0726626
3847 0.67185 0.216972
3850 0.671037 0.0543699
3853 0.671443 0.0650406
3856 0.672053 0.0410569
3859 0.670833 0.051626
3862 0.669411 0.0418699
3865 0.671341 0.0686992
3868 0.670732 0.107825
3871 0.67063 0.0921748
3874 0.671951 0.256911
3877 0.671443 0.127846
3880 0.671037 0.0714431
3883 0.668598 0.144411
3886 0.669207 0.0823171
3889 0.668496 0.124898
3892 0.667683 0.297358
3895 0.668496 0.231301
3898 0.671138 0.108537
3901 0.672053 0.101626
3904 0.672154 0.12185
3907 0.673984 0.0488821
3910 0.675915 0.072561
3913 0.674085 0.0792683
3916 0.674187 0.148882
3919 0.673171 0.0817073
3922 0.672053 0.210976
3925 0.67185 0.0911585
3928 0.671646 0.0457317
3931 0.670325 0.0791667
3934 0.672053 0.0488821
3937 0.672358 0.0585366
3940 0.672053 0.0855691
3943 0.672663 0.0707317
3946 0.669817 0.141667
3949 0.671138 0.079065
3952 0.671443 0.294817
3955 0.671443 0.311179
3958 0.671341 0.0853659
3961 0.670935 0.101016
3964 0.670732 0.0553862
3967 0.670427 0.0476626
3970 0.669817 0.277134
3973 0.670427 0.37998
3976 0.671748 0.218394
3979 0.669207 0.0686992
3982 0.669919 0.063313
3985 0.671037 0.0796748
3988 0.669512 0.0533537
3991 0.67185 0.0462398
3994 0.67185 0.0513211
3997 0.668293 0.275305
4000 0.668598 0.245122
4003 0.671341 0.151728
4006 0.67124 0.0489837
4009 0.670427 0.0897358
4012 0.67124 0.185264
4015 0.67063 0.127033
4018 0.669309 0.0800813
4021 0.666972 0.180691
4024 0.66626 0.0251016
4027 0.665752 0.0517276
4030 0.667276 0.0427846
4033 0.667276 0.0535569
4036 0.667886 0.0625
4039 0.668293 0.0517276
4042 0.669106 0.0518293
4045 0.669512 0.125305
4048 0.669411 0.064126
4051 0.669817 0.314736
4054 0.669411 0.0804878
4057 0.670833 0.0976626
4060 0.669817 0.190955
4063 0.670325 0.102744
4066 0.669207 0.029065
4069 0.669614 0.0742886
4072 0.668801 0.276321
4075 0.670427 0.036687
4078 0.671138 0.177236
4081 0.671138 0.0433943
4084 0.671443 0.00477642
4087 0.671341 0.0413618
4090 0.671443 0.0353659
4093 0.668699 0.0506098
4096 0.671545 0.140549
4099 0.67124 0.185163
4102 0.670122 0.165041
4105 0.669614 0.112703
4108 0.672764 0.171951
4111 0.673171 0.208333
4114 0.671341 0.0505081
4117 0.672663 0.0673781
4120 0.672256 0.314431
4123 0.673374 0.0823171
4126 0.673476 0.0398374
4129 0.673984 0.100813
4132 0.67622 0.054065
4135 0.671545 0.179065
4138 0.671545 0.100305
4141 0.672866 0.226423
4144 0.670224 0.349898
4147 0.671646 0.274492
4150 0.67185 0.350102
4153 0.668496 0.33811
4156 0.66565 0.256301
4159 0.669715 0.271748
4162 0.672358 0.317785
4165 0.669817 0.295427
4168 0.670325 0.279167
4171 0.669614 0.406504
4174 0.671748 0.398984
4177 0.668801 0.285163
4180 0.672663 0.315041
4183 0.670528 0.28811
4186 0.67622 0.214736
4189 0.668191 0.17622
4192 0.659146 0.327744
4195 0.657114 0.306911
4198 0.654065 0.309756
4201 0.657927 0.439939
4204 0.656606 0.402134
4207 0.655589 0.592785
4210 0.654776 0.599898
4213 0.660772 0.716768
4216 0.669919 0.73435
4219 0.677947 0.826524
4222 0.672053 0.820528
4225 0.667073 0.81189
4228 0.660061 0.829878
4231 0.656809 0.832419
4234 0.659451 0.818598
4237 0.64502 0.849187
4240 0.618394 0.85122
4243 0.575 0.87815
4246 0.549492 0.870935
4249 0.548679 0.875
4252 0.546646 0.861789
4255 0.546951 0.896748
4258 0.54685 0.94065
4261 0.543496 0.959553
4264 0.544614 0.95935
4267 0.524593 0.94126
4270 0.507927 0.933841
4273 0.524492 0.949085
4276 0.513516 0.939939
4279 0.515142 0.957317
4282 0.523374 0.936992
4285 0.510569 0.967276
4288 0.503557 0.905183
4291 0.511484 0.97876
4294 0.523374 0.960061
4297 0.545935 0.973882
4300 0.562093 0.984451
4303 0.56372 0.956199
4306 0.572967 0.974695
4309 0.564431 0.967175
4312 0.565854 0.951423
4315 0.585976 0.923882
4318 0.589228 0.948984
4321 0.592683 0.943801
4324 0.591159 0.927541
4327 0.576931 0.933638
4330 0.560772 0.93435
4333 0.553455 0.890955
4336 0.542378 0.921443
4339 0.530488 0.901118
4342 0.539939 0.902236
4345 0.544207 0.930386
4348 0.550102 0.947967
4351 0.548984 0.930894
4354 0.549187 0.9375
4357 0.544614 0.933435
4360 0.535366 0.962195
4363 0.538923 0.945833
4366 0.539126 0.947866
4369 0.543902 0.938516
4372 0.547154 0.906402
4375 0.554065 0.963516
4378 0.559045 0.957622
4381 0.568191 0.945224
4384 0.584553 0.947663
4387 0.605183 0.935569
4390 0.624898 0.928862
4393 0.627947 0.930894
4396 0.642175 0.921138
4399 0.634858 0.890955
4402 0.65 0.904472
4405 0.659553 0.868496
4408 0.662094 0.84248
4411 0.664228 0.871646
4414 0.64248 0.875305
4417 0.63374 0.845427
4420 0.627439 0.859248
4423 0.614126 0.853049
4426 0.617886 0.833841
4429 0.61372 0.88252
4432 0.61189 0.875711
4435 0.604675 0.882419
4438 0.592683 0.860671
4441 0.594004 0.850915
4444 0.596037 0.833028
4447 0.596341 0.83435
4450 0.616362 0.849289
4453 0.623272 0.829675
4456 0.622256 0.888923
4459 0.620325 0.834858
4462 0.598272 0.865447
4465 0.560772 0.837297
4468 0.546037 0.878557
4471 0.530691 0.847358
4474 0.490752 0.878557
4477 0.482012 0.814736
4480 0.48313 0.839024
4483 0.516972 0.75813
4486 0.516565 0.781402
4489 0.512805 0.754573
4492 0.530793 0.80315
4495 0.547561 0.880691
4498 0.546646 0.888313
4501 0.565346 0.831199
4504 0.572256 0.862805
4507 0.607114 0.909756
4510 0.626626 0.856809
4513 0.646545 0.94939
4516 0.641463 0.919614
4519 0.613211 0.918496
4522 0.599492 0.943394
4525 0.605996 0.912094
4528 0.611179 0.887906
4531 0.610874 0.886484
4534 0.622256 0.907724
4537 0.612907 0.90874
4540 0.593598 0.886992
4543 0.586789 0.897967
4546 0.58811 0.882622
4549 0.574492 0.85935
4552 0.576219 0.878862
4555 0.5625 0.909959
4558 0.561484 0.899085
4561 0.556809 0.873069
4564 0.548679 0.920224
4567 0.539329 0.896138
4570 0.52998 0.903455
4573 0.538618 0.89563
4576 0.55437 0.911789
4579 0.551423 0.875
4582 0.542378 0.874187
4585 0.544512 0.835772
4588 0.553659 0.851829
4591 0.537602 0.865549
4594 0.512195 0.825406
4597 0.495325 0.815346
4600 0.503252 0.829776
4603 0.524289 0.823577
4606 0.545833 0.782724
4609 0.561687 0.831504
4612 0.576626 0.790346
4615 0.592988 0.715549
4618 0.586382 0.754268
4621 0.570528 0.749187
4624 0.579573 0.735671
4627 0.577337 0.740447
4630 0.574187 0.709654
4633 0.580386 0.704573
4636 0.569614 0.766667
4639 0.543699 0.790244
4642 0.512906 0.75437
4645 0.526118 0.82124
4648 0.535976 0.841362
4651 0.51626 0.849695
4654 0.52998 0.836687
4657 0.530691 0.849797
4660 0.525305 0.822154
4663 0.518191 0.79248
4666 0.52815 0.772459
4669 0.542785 0.708028
4672 0.540752 0.654573
4675 0.539329 0.569309
4678 0.549797 0.713313
4681 0.575102 0.681301
4684 0.577642 0.676626
4687 0.588719 0.696951
4690 0.607419 0.62378
4693 0.625711 0.661382
4696 0.626118 0.662094
4699 0.613313 0.635467
4702 0.603049 0.673069
4705 0.60935 0.707622
4708 0.609146 0.73811
4711 0.61311 0.724187
4714 0.598374 0.743394
4717 0.58689 0.770427
4720 0.566463 0.767683
4723 0.577439 0.82561
4726 0.568293 0.794207
4729 0.550813 0.757825
4732 0.554776 0.753455
4735 0.56687 0.775
4738 0.595122 0.590955
4741 0.595833 0.616463
4744 0.589837 0.661585
4747 0.572866 0.664533
4750 0.582012 0.638618
4753 0.586585 0.622663
4756 0.614228 0.466972
4759 0.623476 0.495325
4762 0.64939 0.536382
4765 0.653557 0.494207
4768 0.64939 0.455894
4771 0.65315 0.404573
4774 0.665854 0.341362
4777 0.659451 0.30437
4780 0.661077 0.246951
4783 0.667683 0.228659
4786 0.683232 0.194614
4789 0.690854 0.148984
4792 0.689736 0.116768
4795 0.679167 0.104167
4798 0.67937 0.0464431
4801 0.680386 0.160264
4804 0.681707 0.269207
4807 0.681606 0.268089
4810 0.681606 0.30315
4813 0.686484 0.455183
4816 0.690549 0.418902
4819 0.69248 0.365346
4822 0.698984 0.525305
4825 0.699289 0.387195
4828 0.69939 0.325711
4831 0.700203 0.321341
4834 0.701423 0.367581
4837 0.701626 0.391768
4840 0.701321 0.331199
4843 0.702337 0.260467
4846 0.701829 0.252947
4849 0.702947 0.212805
4852 0.702744 0.204268
4855 0.703455 0.361585
4858 0.703455 0.337195
4861 0.703963 0.423679
4864 0.704167 0.396037
4867 0.704675 0.317581
4870 0.704675 0.328963
4873 0.70498 0.346037
4876 0.704573 0.246646
4879 0.705183 0.256707
4882 0.705691 0.499187
4885 0.705691 0.330081
4888 0.705894 0.222459
4891 0.705894 0.236179
4894 0.705691 0.291768
4897 0.706809 0.134756
4900 0.707419 0.0182927
4903 0.708943 0.0247967
4906 0.707825 0.0300813
4909 0.707419 0.0579268
4912 0.705793 0.0332317
4915 0.705183 0.0288618
4918 0.706606 0.049187
4921 0.699492 0.0877033
4924 0.698984 0.14878
4927 0.697256 0.202236
4930 0.709451 0.262602
4933 0.693902 0.319817
4936 0.663008 0.372459
4939 0.63689 0.365041
4942 0.620528 0.394207
4945 0.611077 0.26128
4948 0.623272 0.339228
4951 0.631402 0.351423
4954 0.619614 0.338211
4957 0.614837 0.314939
4960 0.645224 0.274187
4963 0.645325 0.220427
4966 0.64563 0.169411
4969 0.664634 0.220935
4972 0.675813 0.210569
4975 0.6875 0.223882
4978 0.667683 0.316159
4981 0.670732 0.338516
4984 0.677337 0.341057
4987 0.674187 0.326118
4990 0.68252 0.310772
4993 0.670528 0.328963
4996 0.654167 0.35315
4999 0.675508 0.331504
5002 0.684553 0.252947
5005 0.681606 0.310874
5008 0.685366 0.262398
5011 0.698577 0.26748
5014 0.700508 0.204472
5017 0.701829 0.146545
5020 0.703557 0.132724
5023 0.69502 0.139228
5026 0.694919 0.155691
5029 0.693496 0.111077
5032 0.68872 0.111484
5035 0.695935 0.0864837
5038 0.69126 0.12876
5041 0.693191 0.144715
5044 0.69563 0.149898
5047 0.708435 0.151931
5050 0.719411 0.160874
5053 0.709553 0.182825
5056 0.694207 0.201626
5059 0.675203 0.203455
5062 0.658638 0.192276
5065 0.629472 0.283943
5068 0.624289 0.233537
5071 0.599187 0.292073
5074 0.577846 0.318089
5077 0.553963 0.368699
5080 0.554268 0.374695
5083 0.56372 0.324797
5086 0.592276 0.317175
5089 0.630894 0.369411
5092 0.6875 0.361992
5095 0.701931 0.273882
5098 0.702947 0.322967
5101 0.716159 0.281301
5104 0.729167 0.25752
5107 0.741565 0.167378
5110 0.755589 0.172154
5113 0.749695 0.179472
5116 0.745122 0.152744
5119 0.739126 0.118699
5122 0.735366 0.0984756
5125 0.730081 0.0697154
5128 0.727846 0.0453252
5131 0.727134 0.249492
5134 0.723272 0.504065
5137 0.725203 0.367886
5140 0.72439 0.361992
5143 0.724695 0.333841
5146 0.723984 0.391972
5149 0.724289 0.235366
5152 0.725 0.37124
5155 0.72439 0.465549
5158 0.724695 0.305691
5161 0.721748 0.375813
5164 0.72185 0.443598
5167 0.722764 0.402541
5170 0.721443 0.41687
5173 0.721443 0.33252
5176 0.722053 0.232419
5179 0.720935 0.496341
5182 0.720224 0.483232
5185 0.720833 0.411687
5188 0.721037 0.339939
5191 0.721138 0.328557
5194 0.720833 0.398577
5197 0.719919 0.354878
5200 0.719614 0.249492
5203 0.718902 0.295224
5206 0.719411 0.400813
5209 0.718496 0.373984
5212 0.719411 0.313008
5215 0.718191 0.197866
5218 0.720528 0.39126
5221 0.720122 0.299289
5224 0.72063 0.410467
5227 0.718801 0.410264
5230 0.720122 0.359146
5233 0.721138 0.369207
5236 0.719817 0.440346
5239 0.720122 0.256504
5242 0.719411 0.335671
5245 0.720833 0.423882
5248 0.721748 0.443089
5251 0.720528 0.359553
5254 0.719207 0.342988
5257 0.726423 0.0311992
5260 0.728557 0.0777439
5263 0.720528 0.133638
5266 0.70874 0.153963
5269 0.676321 0.18872
5272 0.672053 0.184553
5275 0.678354 0.20437
5278 0.679675 0.211992
5281 0.668496 0.211179
5284 0.720528 0.194411
5287 0.667378 0.179065
5290 0.67937 0.258943
5293 0.68313 0.3
5296 0.672764 0.393191
5299 0.644614 0.441972
5302 0.628557 0.460163
5305 0.592581 0.43313
5308 0.576524 0.459553
5311 0.572561 0.489024
5314 0.57876 0.372663
5317 0.58628 0.295427
5320 0.588719 0.283333
5323 0.582215 0.23689
5326 0.580285 0.21748
5329 0.574187 0.234959
5332 0.577846 0.20813
5335 0.57561 0.200915
5338 0.568699 0.243394
5341 0.572053 0.208537
5344 0.572256 0.186077
5347 0.577439 0.27063
5350 0.577236 0.271138
5353 0.586484 0.293801
5356 0.581199 0.300102
5359 0.580386 0.348882
5362 0.576829 0.375
5365 0.581606 0.36626
5368 0.595224 0.396545
5371 0.594512 0.386077
5374 0.598984 0.412805
5377 0.601321 0.368598
5380 0.606402 0.375203
5383 0.612703 0.403049
5386 0.615752 0.424187
5389 0.624289 0.442175
5392 0.614228 0.420528
5395 0.60752 0.471545
5398 0.594512 0.374492
5401 0.592378 0.405081
5404 0.599797 0.288821
5407 0.605589 0.221951
5410 0.612602 0.261585
5413 0.615549 0.261789
5416 0.618801 0.278354
5419 0.633232 0.238923
5422 0.643699 0.270528
5425 0.638923 0.280183
5428 0.640142 0.302033
5431 0.640447 0.326829
5434 0.643293 0.341362
5437 0.649085 0.369207
5440 0.658537 0.353557
5443 0.664329 0.358232
5446 0.667581 0.410772
5449 0.666768 0.392785
5452 0.660061 0.322764
5455 0.64624 0.30874
5458 0.640244 0.314329
5461 0.618191 0.322663
5464 0.604268 0.290549
5467 0.599187 0.276524
5470 0.601016 0.314126
5473 0.599594 0.256809
5476 0.598984 0.261077
5479 0.602947 0.22063
5482 0.623679 0.289634
5485 0.631504 0.255793
5488 0.63628 0.207927
5491 0.640752 0.208333
5494 0.648374 0.180894
5497 0.641362 0.210976
5500 0.637906 0.206707
5503 0.624187 0.192378
5506 0.622154 0.180589
5509 0.611382 0.119715
5512 0.603049 0.177439
5515 0.598476 0.187093
5518 0.594512 0.180793
5521 0.596443 0.264024
5524 0.599492 0.217073
5527 0.596951 0.176728
5530 0.592683 0.0966463
5533 0.59187 0.100813
5536 0.586585 0.129268
5539 0.58628 0.114329
5542 0.581199 0.127033
5545 0.577541 0.177337
5548 0.57937 0.150813
5551 0.576728 0.155081
5554 0.577033 0.168191
5557 0.57937 0.182927
5560 0.581809 0.18628
5563 0.585874 0.197663
5566 0.593293 0.206707
5569 0.597866 0.20752
5572 0.600102 0.23252
5575 0.604472 0.223171
5578 0.60935 0.216159
5581 0.61311 0.214126
5584 0.6125 0.219309
5587 0.60813 0.198272
5590 0.610874 0.187602
5593 0.608333 0.216057
5596 0.614126 0.297764
5599 0.610061 0.205589
5602 0.606301 0.202337
5605 0.607215 0.167073
5608 0.607825 0.152033
5611 0.611789 0.108638
5614 0.617886 0.120224
5617 0.62185 0.128252
5620 0.619715 0.194715
5623 0.622459 0.139533
5626 0.620732 0.135264
5629 0.624085 0.125203
5632 0.624492 0.124289
5635 0.624898 0.153455
5638 0.623272 0.128354
5641 0.621748 0.131098
5644 0.622256 0.102846
5647 0.630894 0.262703
5650 0.630894 0.136179
5653 0.629573 0.182825
5656 0.630386 0.144411
5659 0.634045 0.201118
5662 0.635264 0.151321
5665 0.634146 0.195427
5668 0.635671 0.197663
5671 0.637195 0.452642
5674 0.637093 0.174695
5677 0.636992 0.102236
5680 0.638821 0.130183
5683 0.641972 0.0829268
5686 0.639634 0.0989837
5689 0.637703 0.0936992
5692 0.639533 0.136789
5695 0.640549 0.318089
5698 0.640142 0.211077
5701 0.641463 0.268801
5704 0.642276 0.291768
5707 0.647053 0.284451
5710 0.647561 0.283232
5713 0.650406 0.308841
5716 0.654776 0.366667
5719 0.656809 0.132825
5722 0.66372 0.485772
5725 0.664431 0.331098
5728 0.663821 0.167988
5731 0.663313 0.353252
5734 0.662094 0.343191
5737 0.660264 0.102642
