frame_number static_density dynamic_density
1 0.0700997 0.0987319
4 0.0700997 0.0987319
7 0.0700997 0.0987319
10 0.0700997 0.0987319
13 0.0700997 0.0987319
16 0.0700997 0.0987319
19 0.097091 0.145503
22 0.097091 0.145503
25 0.097091 0.145503
28 0.097091 0.145503
31 0.097091 0.145503
34 0.097091 0.145503
37 0.113642 0.0992505
40 0.113642 0.0992505
43 0.113642 0.0992505
46 0.113642 0.0992505
49 0.113642 0.0992505
52 0.113642 0.0992505
55 0.12766 0.115562
58 0.12766 0.115562
61 0.12766 0.115562
64 0.12766 0.115562
67 0.12766 0.115562
70 0.12766 0.115562
73 0.123385 0.0909205
76 0.123385 0.0909205
79 0.123385 0.0909205
82 0.123385 0.0909205
85 0.123385 0.0909205
88 0.123385 0.0909205
91 0.173543 0.0732356
94 0.173543 0.0732356
97 0.173543 0.0732356
100 0.173543 0.0732356
103 0.173543 0.0732356
106 0.173543 0.0732356
109 0.180439 0.119216
112 0.180439 0.119216
115 0.180439 0.119216
118 0.180439 0.119216
121 0.180439 0.119216
124 0.180439 0.119216
127 0.199575 0.182736
130 0.199575 0.182736
133 0.199575 0.182736
136 0.199575 0.182736
139 0.199575 0.182736
142 0.199575 0.182736
145 0.218276 0.175707
148 0.218276 0.175707
151 0.218276 0.175707
154 0.218276 0.175707
157 0.218276 0.175707
160 0.218276 0.175707
163 0.204331 0.172243
166 0.204331 0.172243
169 0.204331 0.172243
172 0.204331 0.172243
175 0.204331 0.172243
178 0.204331 0.172243
181 0.197982 0.140852
184 0.197982 0.140852
187 0.197982 0.140852
190 0.197982 0.140852
193 0.197982 0.140852
196 0.197982 0.140852
199 0.196167 0.071068
202 0.196167 0.071068
205 0.196167 0.071068
208 0.196167 0.071068
211 0.196167 0.071068
214 0.196167 0.071068
217 0.195705 0.0347541
220 0.195705 0.0347541
223 0.195705 0.0347541
226 0.195705 0.0347541
229 0.195705 0.0347541
232 0.195705 0.0347541
235 0.198242 0.0529009
238 0.198242 0.0529009
241 0.198242 0.0529009
244 0.198242 0.0529009
247 0.198242 0.0529009
250 0.198242 0.0529009
253 0.194194 0.0341788
256 0.194194 0.0341788
259 0.194194 0.0341788
262 0.194194 0.0341788
265 0.194194 0.0341788
268 0.194194 0.0341788
271 0.192991 0.0437849
274 0.192991 0.0437849
277 0.192991 0.0437849
280 0.192991 0.0437849
283 0.192991 0.0437849
286 0.192991 0.0437849
289 0.212548 0.0333684
292 0.212548 0.0333684
295 0.212548 0.0333684
298 0.212548 0.0333684
301 0.212548 0.0333684
304 0.212548 0.0333684
307 0.197261 0.0628677
310 0.197261 0.0628677
313 0.197261 0.0628677
316 0.197261 0.0628677
319 0.197261 0.0628677
322 0.197261 0.0628677
325 0.195973 0.0579086
328 0.195973 0.0579086
331 0.195973 0.0579086
334 0.195973 0.0579086
337 0.195973 0.0579086
340 0.195973 0.0579086
343 0.199259 0.051025
346 0.199259 0.051025
349 0.199259 0.051025
352 0.199259 0.051025
355 0.199259 0.051025
358 0.199259 0.051025
361 0.200912 0.031132
364 0.200912 0.031132
367 0.200912 0.031132
370 0.200912 0.031132
373 0.200912 0.031132
376 0.200912 0.031132
379 0.196479 0.0298558
382 0.196479 0.0298558
385 0.196479 0.0298558
388 0.196479 0.0298558
391 0.196479 0.0298558
394 0.196479 0.0298558
397 0.212268 0.0598979
400 0.212268 0.0598979
403 0.212268 0.0598979
406 0.212268 0.0598979
409 0.212268 0.0598979
412 0.212268 0.0598979
415 0.254023 0.0929139
418 0.254023 0.0929139
421 0.254023 0.0929139
424 0.254023 0.0929139
427 0.254023 0.0929139
430 0.254023 0.0929139
433 0.316769 0.21356
436 0.316769 0.21356
439 0.316769 0.21356
442 0.316769 0.21356
445 0.316769 0.21356
448 0.316769 0.21356
451 0.351613 0.262572
454 0.351613 0.262572
457 0.351613 0.262572
460 0.351613 0.262572
463 0.351613 0.262572
466 0.351613 0.262572
469 0.367016 0.22734
472 0.367016 0.22734
475 0.367016 0.22734
478 0.367016 0.22734
481 0.367016 0.22734
484 0.367016 0.22734
487 0.371007 0.300134
490 0.371007 0.300134
493 0.371007 0.300134
496 0.371007 0.300134
499 0.371007 0.300134
502 0.371007 0.300134
505 0.392865 0.258456
508 0.392865 0.258456
511 0.392865 0.258456
514 0.392865 0.258456
517 0.392865 0.258456
520 0.392865 0.258456
523 0.452078 0.115594
526 0.452078 0.115594
529 0.452078 0.115594
532 0.452078 0.115594
535 0.452078 0.115594
538 0.452078 0.115594
541 0.477761 0.120549
544 0.477761 0.120549
547 0.477761 0.120549
550 0.477761 0.120549
553 0.477761 0.120549
556 0.477761 0.120549
559 0.47121 0.123969
562 0.47121 0.123969
565 0.47121 0.123969
568 0.47121 0.123969
571 0.47121 0.123969
574 0.47121 0.123969
577 0.473693 0.168358
580 0.473693 0.168358
583 0.473693 0.168358
586 0.473693 0.168358
589 0.473693 0.168358
592 0.473693 0.168358
595 0.517774 0.0819302
598 0.517774 0.0819302
601 0.517774 0.0819302
604 0.517774 0.0819302
607 0.517774 0.0819302
610 0.517774 0.0819302
613 0.58554 0.108245
616 0.58554 0.108245
619 0.58554 0.108245
622 0.58554 0.108245
625 0.58554 0.108245
628 0.58554 0.108245
631 0.615149 0.124394
634 0.615149 0.124394
637 0.615149 0.124394
640 0.615149 0.124394
643 0.615149 0.124394
646 0.615149 0.124394
649 0.619229 0.143343
652 0.619229 0.143343
655 0.619229 0.143343
658 0.619229 0.143343
661 0.619229 0.143343
664 0.619229 0.143343
667 0.625537 0.0989344
670 0.625537 0.0989344
673 0.625537 0.0989344
676 0.625537 0.0989344
679 0.625537 0.0989344
682 0.625537 0.0989344
685 0.629961 0.101199
688 0.629961 0.101199
691 0.629961 0.101199
694 0.629961 0.101199
697 0.629961 0.101199
700 0.629961 0.101199
703 0.634033 0.0985536
706 0.634033 0.0985536
709 0.634033 0.0985536
712 0.634033 0.0985536
715 0.634033 0.0985536
718 0.634033 0.0985536
721 0.642711 0.137128
724 0.642711 0.137128
727 0.642711 0.137128
730 0.642711 0.137128
733 0.642711 0.137128
736 0.642711 0.137128
739 0.646528 0.0827648
742 0.646528 0.0827648
745 0.646528 0.0827648
748 0.646528 0.0827648
751 0.646528 0.0827648
754 0.646528 0.0827648
757 0.654278 0.0725265
760 0.654278 0.0725265
763 0.654278 0.0725265
766 0.654278 0.0725265
769 0.654278 0.0725265
772 0.654278 0.0725265
775 0.662904 0.0462078
778 0.662904 0.0462078
781 0.662904 0.0462078
784 0.662904 0.0462078
787 0.662904 0.0462078
790 0.662904 0.0462078
793 0.6616 0.0334819
796 0.6616 0.0334819
799 0.6616 0.0334819
802 0.6616 0.0334819
805 0.6616 0.0334819
808 0.6616 0.0334819
811 0.653675 0.0383437
814 0.653675 0.0383437
817 0.653675 0.0383437
820 0.653675 0.0383437
823 0.653675 0.0383437
826 0.653675 0.0383437
829 0.750908 0.0763877
832 0.750908 0.0763877
835 0.750908 0.0763877
838 0.750908 0.0763877
841 0.750908 0.0763877
844 0.750908 0.0763877
847 0.777494 0.0624706
850 0.777494 0.0624706
853 0.777494 0.0624706
856 0.777494 0.0624706
859 0.777494 0.0624706
862 0.777494 0.0624706
865 0.774386 0.042533
868 0.774386 0.042533
871 0.774386 0.042533
874 0.774386 0.042533
877 0.774386 0.042533
880 0.774386 0.042533
883 0.779791 0.0156106
886 0.779791 0.0156106
889 0.779791 0.0156106
892 0.779791 0.0156106
895 0.779791 0.0156106
898 0.779791 0.0156106
901 0.772429 0.0287537
904 0.772429 0.0287537
907 0.772429 0.0287537
910 0.772429 0.0287537
913 0.772429 0.0287537
916 0.772429 0.0287537
919 0.770464 0.0173244
922 0.770464 0.0173244
925 0.770464 0.0173244
928 0.770464 0.0173244
931 0.770464 0.0173244
934 0.770464 0.0173244
937 0.771797 0.0512924
940 0.771797 0.0512924
943 0.771797 0.0512924
946 0.771797 0.0512924
949 0.771797 0.0512924
952 0.771797 0.0512924
955 0.779236 0.0442387
958 0.779236 0.0442387
961 0.779236 0.0442387
964 0.779236 0.0442387
967 0.779236 0.0442387
970 0.779236 0.0442387
973 0.770857 0.0319747
976 0.770857 0.0319747
979 0.770857 0.0319747
982 0.770857 0.0319747
985 0.770857 0.0319747
988 0.770857 0.0319747
991 0.761425 0.0405964
994 0.761425 0.0405964
997 0.761425 0.0405964
1000 0.761425 0.0405964
1003 0.761425 0.0405964
1006 0.761425 0.0405964
1009 0.759805 0.0592578
1012 0.759805 0.0592578
1015 0.759805 0.0592578
1018 0.759805 0.0592578
1021 0.759805 0.0592578
1024 0.759805 0.0592578
1027 0.752536 0.035613
1030 0.752536 0.035613
1033 0.752536 0.035613
1036 0.752536 0.035613
1039 0.752536 0.035613
1042 0.752536 0.035613
1045 0.756713 0.0397253
1048 0.756713 0.0397253
1051 0.756713 0.0397253
1054 0.756713 0.0397253
1057 0.756713 0.0397253
1060 0.756713 0.0397253
1063 0.752455 0.0399887
1066 0.752455 0.0399887
1069 0.752455 0.0399887
1072 0.752455 0.0399887
1075 0.752455 0.0399887
1078 0.752455 0.0399887
1081 0.752212 0.0265254
1084 0.752212 0.0265254
1087 0.752212 0.0265254
1090 0.752212 0.0265254
1093 0.752212 0.0265254
1096 0.752212 0.0265254
1099 0.757957 0.046702
1102 0.757957 0.046702
1105 0.757957 0.046702
1108 0.757957 0.046702
1111 0.757957 0.046702
1114 0.757957 0.046702
1117 0.756373 0.0454785
1120 0.756373 0.0454785
1123 0.756373 0.0454785
1126 0.756373 0.0454785
1129 0.756373 0.0454785
1132 0.756373 0.0454785
1135 0.757102 0.043943
1138 0.757102 0.043943
1141 0.757102 0.043943
1144 0.757102 0.043943
1147 0.757102 0.043943
1150 0.757102 0.043943
1153 0.758095 0.0464225
1156 0.758095 0.0464225
1159 0.758095 0.0464225
1162 0.758095 0.0464225
1165 0.758095 0.0464225
1168 0.758095 0.0464225
1171 0.755737 0.0498703
1174 0.755737 0.0498703
1177 0.755737 0.0498703
1180 0.755737 0.0498703
1183 0.755737 0.0498703
1186 0.755737 0.0498703
1189 0.766555 0.0295033
1192 0.766555 0.0295033
1195 0.766555 0.0295033
1198 0.766555 0.0295033
1201 0.766555 0.0295033
1204 0.766555 0.0295033
1207 0.768439 0.0195325
1210 0.768439 0.0195325
1213 0.768439 0.0195325
1216 0.768439 0.0195325
1219 0.768439 0.0195325
1222 0.768439 0.0195325
1225 0.767649 0.0527631
1228 0.767649 0.0527631
1231 0.767649 0.0527631
1234 0.767649 0.0527631
1237 0.767649 0.0527631
1240 0.767649 0.0527631
1243 0.759339 0.0321732
1246 0.759339 0.0321732
1249 0.759339 0.0321732
1252 0.759339 0.0321732
1255 0.759339 0.0321732
1258 0.759339 0.0321732
1261 0.755077 0.0394458
1264 0.755077 0.0394458
1267 0.755077 0.0394458
1270 0.755077 0.0394458
1273 0.755077 0.0394458
1276 0.755077 0.0394458
1279 0.75265 0.0286646
1282 0.75265 0.0286646
1285 0.75265 0.0286646
1288 0.75265 0.0286646
1291 0.75265 0.0286646
1294 0.75265 0.0286646
1297 0.752131 0.0456122
1300 0.752131 0.0456122
1303 0.752131 0.0456122
1306 0.752131 0.0456122
1309 0.752131 0.0456122
1312 0.752131 0.0456122
1315 0.738198 0.0316506
1318 0.738198 0.0316506
1321 0.738198 0.0316506
1324 0.738198 0.0316506
1327 0.738198 0.0316506
1330 0.738198 0.0316506
1333 0.723831 0.0348148
1336 0.723831 0.0348148
1339 0.723831 0.0348148
1342 0.723831 0.0348148
1345 0.723831 0.0348148
1348 0.723831 0.0348148
1351 0.727437 0.0552184
1354 0.727437 0.0552184
1357 0.727437 0.0552184
1360 0.727437 0.0552184
1363 0.727437 0.0552184
1366 0.727437 0.0552184
1369 0.731375 0.0467183
1372 0.731375 0.0467183
1375 0.731375 0.0467183
1378 0.731375 0.0467183
1381 0.731375 0.0467183
1384 0.731375 0.0467183
1387 0.730208 0.0403168
1390 0.730208 0.0403168
1393 0.730208 0.0403168
1396 0.730208 0.0403168
1399 0.730208 0.0403168
1402 0.730208 0.0403168
1405 0.736841 0.0325055
1408 0.736841 0.0325055
1411 0.736841 0.0325055
1414 0.736841 0.0325055
1417 0.736841 0.0325055
1420 0.736841 0.0325055
1423 0.756649 0.105308
1426 0.756649 0.105308
1429 0.756649 0.105308
1432 0.756649 0.105308
1435 0.756649 0.105308
1438 0.756649 0.105308
1441 0.760242 0.296179
1444 0.760242 0.296179
1447 0.760242 0.296179
1450 0.760242 0.296179
1453 0.760242 0.296179
1456 0.760242 0.296179
1459 0.778101 0.356847
1462 0.778101 0.356847
1465 0.778101 0.356847
1468 0.778101 0.356847
1471 0.778101 0.356847
1474 0.778101 0.356847
1477 0.804801 0.224577
1480 0.804801 0.224577
1483 0.804801 0.224577
1486 0.804801 0.224577
1489 0.804801 0.224577
1492 0.804801 0.224577
1495 0.829491 0.410647
1498 0.829491 0.410647
1501 0.829491 0.410647
1504 0.829491 0.410647
1507 0.829491 0.410647
1510 0.829491 0.410647
1513 0.849072 0.720383
1516 0.849072 0.720383
1519 0.849072 0.720383
1522 0.849072 0.720383
1525 0.849072 0.720383
1528 0.849072 0.720383
1531 0.822924 0.653253
1534 0.822924 0.653253
1537 0.822924 0.653253
1540 0.822924 0.653253
1543 0.822924 0.653253
1546 0.822924 0.653253
1549 0.79229 0.652026
1552 0.79229 0.652026
1555 0.79229 0.652026
1558 0.79229 0.652026
1561 0.79229 0.652026
1564 0.79229 0.652026
1567 0.754991 0.654343
1570 0.754991 0.654343
1573 0.754991 0.654343
1576 0.754991 0.654343
1579 0.754991 0.654343
1582 0.754991 0.654343
1585 0.770987 0.743943
1588 0.770987 0.743943
1591 0.770987 0.743943
1594 0.770987 0.743943
1597 0.770987 0.743943
1600 0.770987 0.743943
1603 0.750434 0.773126
1606 0.750434 0.773126
1609 0.750434 0.773126
1612 0.750434 0.773126
1615 0.750434 0.773126
1618 0.750434 0.773126
1621 0.707499 0.71604
1624 0.707499 0.71604
1627 0.707499 0.71604
1630 0.707499 0.71604
1633 0.707499 0.71604
1636 0.707499 0.71604
1639 0.723855 0.737035
1642 0.723855 0.737035
1645 0.723855 0.737035
1648 0.723855 0.737035
1651 0.723855 0.737035
1654 0.723855 0.737035
1657 0.716397 0.639644
1660 0.716397 0.639644
1663 0.716397 0.639644
1666 0.716397 0.639644
1669 0.716397 0.639644
1672 0.716397 0.639644
1675 0.748821 0.711442
1678 0.748821 0.711442
1681 0.748821 0.711442
1684 0.748821 0.711442
1687 0.748821 0.711442
1690 0.748821 0.711442
1693 0.714898 0.634418
1696 0.714898 0.634418
1699 0.714898 0.634418
1702 0.714898 0.634418
1705 0.714898 0.634418
1708 0.714898 0.634418
1711 0.69419 0.659363
1714 0.69419 0.659363
1717 0.69419 0.659363
1720 0.69419 0.659363
1723 0.69419 0.659363
1726 0.69419 0.659363
1729 0.646066 0.518694
1732 0.646066 0.518694
1735 0.646066 0.518694
1738 0.646066 0.518694
1741 0.646066 0.518694
1744 0.646066 0.518694
1747 0.445515 0.535905
1750 0.445515 0.535905
1753 0.445515 0.535905
1756 0.445515 0.535905
1759 0.445515 0.535905
1762 0.445515 0.535905
1765 0.366328 0.5145
1768 0.366328 0.5145
1771 0.366328 0.5145
1774 0.366328 0.5145
1777 0.366328 0.5145
1780 0.366328 0.5145
1783 0.370671 0.504408
1786 0.370671 0.504408
1789 0.370671 0.504408
1792 0.370671 0.504408
1795 0.370671 0.504408
1798 0.370671 0.504408
1801 0.323138 0.427295
1804 0.323138 0.427295
1807 0.323138 0.427295
1810 0.323138 0.427295
1813 0.323138 0.427295
1816 0.323138 0.427295
1819 0.292606 0.511377
1822 0.292606 0.511377
1825 0.292606 0.511377
1828 0.292606 0.511377
1831 0.292606 0.511377
1834 0.292606 0.511377
1837 0.249643 0.45361
1840 0.249643 0.45361
1843 0.249643 0.45361
1846 0.249643 0.45361
1849 0.249643 0.45361
1852 0.249643 0.45361
1855 0.161822 0.349133
1858 0.161822 0.349133
1861 0.161822 0.349133
1864 0.161822 0.349133
1867 0.161822 0.349133
1870 0.161822 0.349133
1873 0.170801 0.293477
1876 0.170801 0.293477
1879 0.170801 0.293477
1882 0.170801 0.293477
1885 0.170801 0.293477
1888 0.170801 0.293477
1891 0.272028 0.286808
1894 0.272028 0.286808
1897 0.272028 0.286808
1900 0.272028 0.286808
1903 0.272028 0.286808
1906 0.272028 0.286808
1909 0.3824 0.530938
1912 0.3824 0.530938
1915 0.3824 0.530938
1918 0.3824 0.530938
1921 0.3824 0.530938
1924 0.3824 0.530938
1927 0.335467 0.456503
1930 0.335467 0.456503
1933 0.335467 0.456503
1936 0.335467 0.456503
1939 0.335467 0.456503
1942 0.335467 0.456503
1945 0.243258 0.393266
1948 0.243258 0.393266
1951 0.243258 0.393266
1954 0.243258 0.393266
1957 0.243258 0.393266
1960 0.243258 0.393266
1963 0.089462 0.236776
1966 0.089462 0.236776
1969 0.089462 0.236776
1972 0.089462 0.236776
1975 0.089462 0.236776
1978 0.089462 0.236776
1981 0.00737379 0.0879143
1984 0.00737379 0.0879143
1987 0.00737379 0.0879143
1990 0.00737379 0.0879143
1993 0.00737379 0.0879143
1996 0.00737379 0.0879143
1999 0.00768576 0.0398144
2002 0.00768576 0.0398144
2005 0.00768576 0.0398144
2008 0.00768576 0.0398144
2011 0.00768576 0.0398144
2014 0.00768576 0.0398144
2017 0.222575 0.154019
2020 0.222575 0.154019
2023 0.222575 0.154019
2026 0.222575 0.154019
2029 0.222575 0.154019
2032 0.222575 0.154019
2035 0.294834 0.284475
2038 0.294834 0.284475
2041 0.294834 0.284475
2044 0.294834 0.284475
2047 0.294834 0.284475
2050 0.294834 0.284475
2053 0.199781 0.332465
2056 0.199781 0.332465
2059 0.199781 0.332465
2062 0.199781 0.332465
2065 0.199781 0.332465
2068 0.199781 0.332465
2071 0.0625881 0.207042
2074 0.0625881 0.207042
2077 0.0625881 0.207042
2080 0.0625881 0.207042
2083 0.0625881 0.207042
2086 0.0625881 0.207042
2089 0.0110445 0.0688275
2092 0.0110445 0.0688275
2095 0.0110445 0.0688275
2098 0.0110445 0.0688275
2101 0.0110445 0.0688275
2104 0.0110445 0.0688275
2107 0.0691921 0.0859695
2110 0.0691921 0.0859695
2113 0.0691921 0.0859695
2116 0.0691921 0.0859695
2119 0.0691921 0.0859695
2122 0.0691921 0.0859695
2125 0.265696 0.156563
2128 0.265696 0.156563
2131 0.265696 0.156563
2134 0.265696 0.156563
2137 0.265696 0.156563
2140 0.265696 0.156563
2143 0.338121 0.264359
2146 0.338121 0.264359
2149 0.338121 0.264359
2152 0.338121 0.264359
2155 0.338121 0.264359
2158 0.338121 0.264359
2161 0.287355 0.281841
2164 0.287355 0.281841
2167 0.287355 0.281841
2170 0.287355 0.281841
2173 0.287355 0.281841
2176 0.287355 0.281841
2179 0.178114 0.266737
2182 0.178114 0.266737
2185 0.178114 0.266737
2188 0.178114 0.266737
2191 0.178114 0.266737
2194 0.178114 0.266737
2197 0.0365124 0.138943
2200 0.0365124 0.138943
2203 0.0365124 0.138943
2206 0.0365124 0.138943
2209 0.0365124 0.138943
2212 0.0365124 0.138943
2215 0.0014545 0.00470788
2218 0.0014545 0.00470788
2221 0.0014545 0.00470788
2224 0.0014545 0.00470788
2227 0.0014545 0.00470788
2230 0.0014545 0.00470788
2233 0.00192853 0.0152459
2236 0.00192853 0.0152459
2239 0.00192853 0.0152459
2242 0.00192853 0.0152459
2245 0.00192853 0.0152459
2248 0.00192853 0.0152459
2251 0.00290495 0.00919293
2254 0.00290495 0.00919293
2257 0.00290495 0.00919293
2260 0.00290495 0.00919293
2263 0.00290495 0.00919293
2266 0.00290495 0.00919293
2269 0.0292561 0.0560165
2272 0.0292561 0.0560165
2275 0.0292561 0.0560165
2278 0.0292561 0.0560165
2281 0.0292561 0.0560165
2284 0.0292561 0.0560165
2287 0.0850822 0.132809
2290 0.0850822 0.132809
2293 0.0850822 0.132809
2296 0.0850822 0.132809
2299 0.0850822 0.132809
2302 0.0850822 0.132809
2305 0.104769 0.202062
2308 0.104769 0.202062
2311 0.104769 0.202062
2314 0.104769 0.202062
2317 0.104769 0.202062
2320 0.104769 0.202062
2323 0.053148 0.195474
2326 0.053148 0.195474
2329 0.053148 0.195474
2332 0.053148 0.195474
2335 0.053148 0.195474
2338 0.053148 0.195474
2341 0.0245158 0.100673
2344 0.0245158 0.100673
2347 0.0245158 0.100673
2350 0.0245158 0.100673
2353 0.0245158 0.100673
2356 0.0245158 0.100673
2359 0.0100964 0.0641885
2362 0.0100964 0.0641885
2365 0.0100964 0.0641885
2368 0.0100964 0.0641885
2371 0.0100964 0.0641885
2374 0.0100964 0.0641885
2377 0.0140305 0.0644478
2380 0.0140305 0.0644478
2383 0.0140305 0.0644478
2386 0.0140305 0.0644478
2389 0.0140305 0.0644478
2392 0.0140305 0.0644478
2395 0.0675229 0.0918199
2398 0.0675229 0.0918199
2401 0.0675229 0.0918199
2404 0.0675229 0.0918199
2407 0.0675229 0.0918199
2410 0.0675229 0.0918199
2413 0.07217 0.165955
2416 0.07217 0.165955
2419 0.07217 0.165955
2422 0.07217 0.165955
2425 0.07217 0.165955
2428 0.07217 0.165955
2431 0.00369095 0.118617
2434 0.00369095 0.118617
2437 0.00369095 0.118617
2440 0.00369095 0.118617
2443 0.00369095 0.118617
2446 0.00369095 0.118617
2449 0.0488453 0.0687951
2452 0.0488453 0.0687951
2455 0.0488453 0.0687951
2458 0.0488453 0.0687951
2461 0.0488453 0.0687951
2464 0.0488453 0.0687951
2467 0.03396 0.117021
2470 0.03396 0.117021
2473 0.03396 0.117021
2476 0.03396 0.117021
2479 0.03396 0.117021
2482 0.03396 0.117021
2485 0.0104813 0.0175148
2488 0.0104813 0.0175148
2491 0.0104813 0.0175148
2494 0.0104813 0.0175148
2497 0.0104813 0.0175148
2500 0.0104813 0.0175148
2503 0.016899 0.0703306
2506 0.016899 0.0703306
2509 0.016899 0.0703306
2512 0.016899 0.0703306
2515 0.016899 0.0703306
2518 0.016899 0.0703306
2521 0.0587635 0.0992464
2524 0.0587635 0.0992464
2527 0.0587635 0.0992464
2530 0.0587635 0.0992464
2533 0.0587635 0.0992464
2536 0.0587635 0.0992464
2539 0.0815574 0.174714
2542 0.0815574 0.174714
2545 0.0815574 0.174714
2548 0.0815574 0.174714
2551 0.0815574 0.174714
2554 0.0815574 0.174714
2557 0.051572 0.126088
2560 0.051572 0.126088
2563 0.051572 0.126088
2566 0.051572 0.126088
2569 0.051572 0.126088
2572 0.051572 0.126088
2575 0.000530751 0.0418281
2578 0.000530751 0.0418281
2581 0.000530751 0.0418281
2584 0.000530751 0.0418281
2587 0.000530751 0.0418281
2590 0.000530751 0.0418281
2593 0.000615833 0.0896281
2596 0.000615833 0.0896281
2599 0.000615833 0.0896281
2602 0.000615833 0.0896281
2605 0.000615833 0.0896281
2608 0.000615833 0.0896281
2611 0.000822462 0.104752
2614 0.000822462 0.104752
2617 0.000822462 0.104752
2620 0.000822462 0.104752
2623 0.000822462 0.104752
2626 0.000822462 0.104752
2629 0.0250182 0.0228952
2632 0.0250182 0.0228952
2635 0.0250182 0.0228952
2638 0.0250182 0.0228952
2641 0.0250182 0.0228952
2644 0.0250182 0.0228952
2647 0.120813 0.185548
2650 0.120813 0.185548
2653 0.120813 0.185548
2656 0.120813 0.185548
2659 0.120813 0.185548
2662 0.120813 0.185548
2665 0.169508 0.329888
2668 0.169508 0.329888
2671 0.169508 0.329888
2674 0.169508 0.329888
2677 0.169508 0.329888
2680 0.169508 0.329888
2683 0.138842 0.372198
2686 0.138842 0.372198
2689 0.138842 0.372198
2692 0.138842 0.372198
2695 0.138842 0.372198
2698 0.138842 0.372198
2701 0.0647922 0.189705
2704 0.0647922 0.189705
2707 0.0647922 0.189705
2710 0.0647922 0.189705
2713 0.0647922 0.189705
2716 0.0647922 0.189705
2719 0.045989 0.0966372
2722 0.045989 0.0966372
2725 0.045989 0.0966372
2728 0.045989 0.0966372
2731 0.045989 0.0966372
2734 0.045989 0.0966372
2737 0.0808443 0.116725
2740 0.0808443 0.116725
2743 0.0808443 0.116725
2746 0.0808443 0.116725
2749 0.0808443 0.116725
2752 0.0808443 0.116725
2755 0.0986711 0.194235
2758 0.0986711 0.194235
2761 0.0986711 0.194235
2764 0.0986711 0.194235
2767 0.0986711 0.194235
2770 0.0986711 0.194235
2773 0.109703 0.229904
2776 0.109703 0.229904
2779 0.109703 0.229904
2782 0.109703 0.229904
2785 0.109703 0.229904
2788 0.109703 0.229904
2791 0.118977 0.227182
2794 0.118977 0.227182
2797 0.118977 0.227182
2800 0.118977 0.227182
2803 0.118977 0.227182
2806 0.118977 0.227182
2809 0.12247 0.200271
2812 0.12247 0.200271
2815 0.12247 0.200271
2818 0.12247 0.200271
2821 0.12247 0.200271
2824 0.12247 0.200271
2827 0.123831 0.0592456
2830 0.123831 0.0592456
2833 0.123831 0.0592456
2836 0.123831 0.0592456
2839 0.123831 0.0592456
2842 0.123831 0.0592456
2845 0.123957 0.018078
2848 0.123957 0.018078
2851 0.123957 0.018078
2854 0.123957 0.018078
2857 0.123957 0.018078
2860 0.123957 0.018078
2863 0.123795 0.0370067
2866 0.123795 0.0370067
2869 0.123795 0.0370067
2872 0.123795 0.0370067
2875 0.123795 0.0370067
2878 0.123795 0.0370067
2881 0.13016 0.0411514
2884 0.13016 0.0411514
2887 0.13016 0.0411514
2890 0.13016 0.0411514
2893 0.13016 0.0411514
2896 0.13016 0.0411514
2899 0.13663 0.0759379
2902 0.13663 0.0759379
2905 0.13663 0.0759379
2908 0.13663 0.0759379
2911 0.13663 0.0759379
2914 0.13663 0.0759379
2917 0.138182 0.0771655
2920 0.138182 0.0771655
2923 0.138182 0.0771655
2926 0.138182 0.0771655
2929 0.138182 0.0771655
2932 0.138182 0.0771655
2935 0.143445 0.0722956
2938 0.143445 0.0722956
2941 0.143445 0.0722956
2944 0.143445 0.0722956
2947 0.143445 0.0722956
2950 0.143445 0.0722956
2953 0.198594 0.0898833
2956 0.198594 0.0898833
2959 0.198594 0.0898833
2962 0.198594 0.0898833
2965 0.198594 0.0898833
2968 0.198594 0.0898833
2971 0.295892 0.168414
2974 0.295892 0.168414
2977 0.295892 0.168414
2980 0.295892 0.168414
2983 0.295892 0.168414
2986 0.295892 0.168414
2989 0.385528 0.147484
2992 0.385528 0.147484
2995 0.385528 0.147484
2998 0.385528 0.147484
3001 0.385528 0.147484
3004 0.385528 0.147484
3007 0.512467 0.265019
3010 0.512467 0.265019
3013 0.512467 0.265019
3016 0.512467 0.265019
3019 0.512467 0.265019
3022 0.512467 0.265019
3025 0.639956 0.361437
3028 0.639956 0.361437
3031 0.639956 0.361437
3034 0.639956 0.361437
3037 0.639956 0.361437
3040 0.639956 0.361437
3043 0.656547 0.420541
3046 0.656547 0.420541
3049 0.656547 0.420541
3052 0.656547 0.420541
3055 0.656547 0.420541
3058 0.656547 0.420541
3061 0.649984 0.191544
3064 0.649984 0.191544
3067 0.649984 0.191544
3070 0.649984 0.191544
3073 0.649984 0.191544
3076 0.649984 0.191544
3079 0.657204 0.168572
3082 0.657204 0.168572
3085 0.657204 0.168572
3088 0.657204 0.168572
3091 0.657204 0.168572
3094 0.657204 0.168572
3097 0.673321 0.203501
3100 0.673321 0.203501
3103 0.673321 0.203501
3106 0.673321 0.203501
3109 0.673321 0.203501
3112 0.673321 0.203501
3115 0.659278 0.158962
3118 0.659278 0.158962
3121 0.659278 0.158962
3124 0.659278 0.158962
3127 0.659278 0.158962
3130 0.659278 0.158962
3133 0.664662 0.130532
3136 0.664662 0.130532
3139 0.664662 0.130532
3142 0.664662 0.130532
3145 0.664662 0.130532
3148 0.664662 0.130532
3151 0.663508 0.0719067
3154 0.663508 0.0719067
3157 0.663508 0.0719067
3160 0.663508 0.0719067
3163 0.663508 0.0719067
3166 0.663508 0.0719067
3169 0.658054 0.0676201
3172 0.658054 0.0676201
3175 0.658054 0.0676201
3178 0.658054 0.0676201
3181 0.658054 0.0676201
3184 0.658054 0.0676201
3187 0.669472 0.121198
3190 0.669472 0.121198
3193 0.669472 0.121198
3196 0.669472 0.121198
3199 0.669472 0.121198
3202 0.669472 0.121198
3205 0.663338 0.118937
3208 0.663338 0.118937
3211 0.663338 0.118937
3214 0.663338 0.118937
3217 0.663338 0.118937
3220 0.663338 0.118937
3223 0.659359 0.0532858
3226 0.659359 0.0532858
3229 0.659359 0.0532858
3232 0.659359 0.0532858
3235 0.659359 0.0532858
3238 0.659359 0.0532858
3241 0.653602 0.0662588
3244 0.653602 0.0662588
3247 0.653602 0.0662588
3250 0.653602 0.0662588
3253 0.653602 0.0662588
3256 0.653602 0.0662588
3259 0.651187 0.0428693
3262 0.651187 0.0428693
3265 0.651187 0.0428693
3268 0.651187 0.0428693
3271 0.651187 0.0428693
3274 0.651187 0.0428693
3277 0.658346 0.0388137
3280 0.658346 0.0388137
3283 0.658346 0.0388137
3286 0.658346 0.0388137
3289 0.658346 0.0388137
3292 0.658346 0.0388137
3295 0.675184 0.058099
3298 0.675184 0.058099
3301 0.675184 0.058099
3304 0.675184 0.058099
3307 0.675184 0.058099
3310 0.675184 0.058099
3313 0.668455 0.049684
3316 0.668455 0.049684
3319 0.668455 0.049684
3322 0.668455 0.049684
3325 0.668455 0.049684
3328 0.668455 0.049684
3331 0.661786 0.0594279
3334 0.661786 0.0594279
3337 0.661786 0.0594279
3340 0.661786 0.0594279
3343 0.661786 0.0594279
3346 0.661786 0.0594279
3349 0.645446 0.0587067
3352 0.645446 0.0587067
3355 0.645446 0.0587067
3358 0.645446 0.0587067
3361 0.645446 0.0587067
3364 0.645446 0.0587067
3367 0.652005 0.0317843
3370 0.652005 0.0317843
3373 0.652005 0.0317843
3376 0.652005 0.0317843
3379 0.652005 0.0317843
3382 0.652005 0.0317843
3385 0.650685 0.0472936
3388 0.650685 0.0472936
3391 0.650685 0.0472936
3394 0.650685 0.0472936
3397 0.650685 0.0472936
3400 0.650685 0.0472936
3403 0.65756 0.0312009
3406 0.65756 0.0312009
3409 0.65756 0.0312009
3412 0.65756 0.0312009
3415 0.65756 0.0312009
3418 0.65756 0.0312009
3421 0.647853 0.0586622
3424 0.647853 0.0586622
3427 0.647853 0.0586622
3430 0.647853 0.0586622
3433 0.647853 0.0586622
3436 0.647853 0.0586622
3439 0.688842 0.0546674
3442 0.688842 0.0546674
3445 0.688842 0.0546674
3448 0.688842 0.0546674
3451 0.688842 0.0546674
3454 0.688842 0.0546674
3457 0.710595 0.0279353
3460 0.710595 0.0279353
3463 0.710595 0.0279353
3466 0.710595 0.0279353
3469 0.710595 0.0279353
3472 0.710595 0.0279353
3475 0.705794 0.034981
3478 0.705794 0.034981
3481 0.705794 0.034981
3484 0.705794 0.034981
3487 0.705794 0.034981
3490 0.705794 0.034981
3493 0.711413 0.114545
3496 0.711413 0.114545
3499 0.711413 0.114545
3502 0.711413 0.114545
3505 0.711413 0.114545
3508 0.711413 0.114545
3511 0.72247 0.106726
3514 0.72247 0.106726
3517 0.72247 0.106726
3520 0.72247 0.106726
3523 0.72247 0.106726
3526 0.72247 0.106726
3529 0.725051 0.0165262
3532 0.725051 0.0165262
3535 0.725051 0.0165262
3538 0.725051 0.0165262
3541 0.725051 0.0165262
3544 0.725051 0.0165262
3547 0.717162 0.0287092
3550 0.717162 0.0287092
3553 0.717162 0.0287092
3556 0.717162 0.0287092
3559 0.717162 0.0287092
3562 0.717162 0.0287092
3565 0.705822 0.025942
3568 0.705822 0.025942
3571 0.705822 0.025942
3574 0.705822 0.025942
3577 0.705822 0.025942
3580 0.705822 0.025942
3583 0.71288 0.0530184
3586 0.71288 0.0530184
3589 0.71288 0.0530184
3592 0.71288 0.0530184
3595 0.71288 0.0530184
3598 0.71288 0.0530184
3601 0.7072 0.0602747
3604 0.7072 0.0602747
3607 0.7072 0.0602747
3610 0.7072 0.0602747
3613 0.7072 0.0602747
3616 0.7072 0.0602747
3619 0.708605 0.0315209
3622 0.708605 0.0315209
3625 0.708605 0.0315209
3628 0.708605 0.0315209
3631 0.708605 0.0315209
3634 0.708605 0.0315209
3637 0.708926 0.0500891
3640 0.708926 0.0500891
3643 0.708926 0.0500891
3646 0.708926 0.0500891
3649 0.708926 0.0500891
3652 0.708926 0.0500891
3655 0.713755 0.0414877
3658 0.713755 0.0414877
3661 0.713755 0.0414877
3664 0.713755 0.0414877
3667 0.713755 0.0414877
3670 0.713755 0.0414877
3673 0.715444 0.0467831
3676 0.715444 0.0467831
3679 0.715444 0.0467831
3682 0.715444 0.0467831
3685 0.715444 0.0467831
3688 0.715444 0.0467831
3691 0.715651 0.0292642
3694 0.715651 0.0292642
3697 0.715651 0.0292642
3700 0.715651 0.0292642
3703 0.715651 0.0292642
3706 0.715651 0.0292642
3709 0.703298 0.0708573
3712 0.703298 0.0708573
3715 0.703298 0.0708573
3718 0.703298 0.0708573
3721 0.703298 0.0708573
3724 0.703298 0.0708573
3727 0.69024 0.0813791
3730 0.69024 0.0813791
3733 0.69024 0.0813791
3736 0.69024 0.0813791
3739 0.69024 0.0813791
3742 0.69024 0.0813791
3745 0.684365 0.077198
3748 0.684365 0.077198
3751 0.684365 0.077198
3754 0.684365 0.077198
3757 0.684365 0.077198
3760 0.684365 0.077198
3763 0.681995 0.080739
3766 0.681995 0.080739
3769 0.681995 0.080739
3772 0.681995 0.080739
3775 0.681995 0.080739
3778 0.681995 0.080739
3781 0.682578 0.0448627
3784 0.682578 0.0448627
3787 0.682578 0.0448627
3790 0.682578 0.0448627
3793 0.682578 0.0448627
3796 0.682578 0.0448627
3799 0.670136 0.0346771
3802 0.670136 0.0346771
3805 0.670136 0.0346771
3808 0.670136 0.0346771
3811 0.670136 0.0346771
3814 0.670136 0.0346771
3817 0.744482 0.0844907
3820 0.744482 0.0844907
3823 0.744482 0.0844907
3826 0.744482 0.0844907
3829 0.744482 0.0844907
3832 0.744482 0.0844907
3835 0.796751 0.0256584
3838 0.796751 0.0256584
3841 0.796751 0.0256584
3844 0.796751 0.0256584
3847 0.796751 0.0256584
3850 0.796751 0.0256584
3853 0.796795 0.0267361
3856 0.796795 0.0267361
3859 0.796795 0.0267361
3862 0.796795 0.0267361
3865 0.796795 0.0267361
3868 0.796795 0.0267361
3871 0.793979 0.0594846
3874 0.793979 0.0594846
3877 0.793979 0.0594846
3880 0.793979 0.0594846
3883 0.793979 0.0594846
3886 0.793979 0.0594846
3889 0.794697 0.0500162
3892 0.794697 0.0500162
3895 0.794697 0.0500162
3898 0.794697 0.0500162
3901 0.794697 0.0500162
3904 0.794697 0.0500162
3907 0.792201 0.0527915
3910 0.792201 0.0527915
3913 0.792201 0.0527915
3916 0.792201 0.0527915
3919 0.792201 0.0527915
3922 0.792201 0.0527915
3925 0.79167 0.0277611
3928 0.79167 0.0277611
3931 0.79167 0.0277611
3934 0.79167 0.0277611
3937 0.79167 0.0277611
3940 0.79167 0.0277611
3943 0.792792 0.0324001
3946 0.792792 0.0324001
3949 0.792792 0.0324001
3952 0.792792 0.0324001
3955 0.792792 0.0324001
3958 0.792792 0.0324001
3961 0.793473 0.0455838
3964 0.793473 0.0455838
3967 0.793473 0.0455838
3970 0.793473 0.0455838
3973 0.793473 0.0455838
3976 0.793473 0.0455838
3979 0.796171 0.0503565
3982 0.796171 0.0503565
3985 0.796171 0.0503565
3988 0.796171 0.0503565
3991 0.796171 0.0503565
3994 0.796171 0.0503565
3997 0.795381 0.037894
4000 0.795381 0.037894
4003 0.795381 0.037894
4006 0.795381 0.037894
4009 0.795381 0.037894
4012 0.795381 0.037894
4015 0.793728 0.0519488
4018 0.793728 0.0519488
4021 0.793728 0.0519488
4024 0.793728 0.0519488
4027 0.793728 0.0519488
4030 0.793728 0.0519488
4033 0.795264 0.0274978
4036 0.795264 0.0274978
4039 0.795264 0.0274978
4042 0.795264 0.0274978
4045 0.795264 0.0274978
4048 0.795264 0.0274978
4051 0.783158 0.043396
4054 0.783158 0.043396
4057 0.783158 0.043396
4060 0.783158 0.043396
4063 0.783158 0.043396
4066 0.783158 0.043396
4069 0.79056 0.0185844
4072 0.79056 0.0185844
4075 0.79056 0.0185844
4078 0.79056 0.0185844
4081 0.79056 0.0185844
4084 0.79056 0.0185844
4087 0.793979 0.0306742
4090 0.793979 0.0306742
4093 0.793979 0.0306742
4096 0.793979 0.0306742
4099 0.793979 0.0306742
4102 0.793979 0.0306742
4105 0.79184 0.0883518
4108 0.79184 0.0883518
4111 0.79184 0.0883518
4114 0.79184 0.0883518
4117 0.79184 0.0883518
4120 0.79184 0.0883518
4123 0.793862 0.0932096
4126 0.793862 0.0932096
4129 0.793862 0.0932096
4132 0.793862 0.0932096
4135 0.793862 0.0932096
4138 0.793862 0.0932096
4141 0.789474 0.25752
4144 0.789474 0.25752
4147 0.789474 0.25752
4150 0.789474 0.25752
4153 0.789474 0.25752
4156 0.789474 0.25752
4159 0.782639 0.314999
4162 0.782639 0.314999
4165 0.782639 0.314999
4168 0.782639 0.314999
4171 0.782639 0.314999
4174 0.782639 0.314999
4177 0.792719 0.357649
4180 0.792719 0.357649
4183 0.792719 0.357649
4186 0.792719 0.357649
4189 0.792719 0.357649
4192 0.792719 0.357649
4195 0.805121 0.237201
4198 0.805121 0.237201
4201 0.805121 0.237201
4204 0.805121 0.237201
4207 0.805121 0.237201
4210 0.805121 0.237201
4213 0.810502 0.58896
4216 0.810502 0.58896
4219 0.810502 0.58896
4222 0.810502 0.58896
4225 0.810502 0.58896
4228 0.810502 0.58896
4231 0.833543 0.497431
4234 0.833543 0.497431
4237 0.833543 0.497431
4240 0.833543 0.497431
4243 0.833543 0.497431
4246 0.833543 0.497431
4249 0.817215 0.317924
4252 0.817215 0.317924
4255 0.817215 0.317924
4258 0.817215 0.317924
4261 0.817215 0.317924
4264 0.817215 0.317924
4267 0.726278 0.490135
4270 0.726278 0.490135
4273 0.726278 0.490135
4276 0.726278 0.490135
4279 0.726278 0.490135
4282 0.726278 0.490135
4285 0.760587 0.36649
4288 0.760587 0.36649
4291 0.760587 0.36649
4294 0.760587 0.36649
4297 0.760587 0.36649
4300 0.760587 0.36649
4303 0.705555 0.696358
4306 0.705555 0.696358
4309 0.705555 0.696358
4312 0.705555 0.696358
4315 0.705555 0.696358
4318 0.705555 0.696358
4321 0.659331 0.676104
4324 0.659331 0.676104
4327 0.659331 0.676104
4330 0.659331 0.676104
4333 0.659331 0.676104
4336 0.659331 0.676104
4339 0.604724 0.576363
4342 0.604724 0.576363
4345 0.604724 0.576363
4348 0.604724 0.576363
4351 0.604724 0.576363
4354 0.604724 0.576363
4357 0.614468 0.626692
4360 0.614468 0.626692
4363 0.614468 0.626692
4366 0.614468 0.626692
4369 0.614468 0.626692
4372 0.614468 0.626692
4375 0.597314 0.627773
4378 0.597314 0.627773
4381 0.597314 0.627773
4384 0.597314 0.627773
4387 0.597314 0.627773
4390 0.597314 0.627773
4393 0.5723 0.68206
4396 0.5723 0.68206
4399 0.5723 0.68206
4402 0.5723 0.68206
4405 0.5723 0.68206
4408 0.5723 0.68206
4411 0.459934 0.593562
4414 0.459934 0.593562
4417 0.459934 0.593562
4420 0.459934 0.593562
4423 0.459934 0.593562
4426 0.459934 0.593562
4429 0.494474 0.559031
4432 0.494474 0.559031
4435 0.494474 0.559031
4438 0.494474 0.559031
4441 0.494474 0.559031
4444 0.494474 0.559031
4447 0.479742 0.713832
4450 0.479742 0.713832
4453 0.479742 0.713832
4456 0.479742 0.713832
4459 0.479742 0.713832
4462 0.479742 0.713832
4465 0.47685 0.701941
4468 0.47685 0.701941
4471 0.47685 0.701941
4474 0.47685 0.701941
4477 0.47685 0.701941
4480 0.47685 0.701941
4483 0.467863 0.405356
4486 0.467863 0.405356
4489 0.467863 0.405356
4492 0.467863 0.405356
4495 0.467863 0.405356
4498 0.467863 0.405356
4501 0.482254 0.515327
4504 0.482254 0.515327
4507 0.482254 0.515327
4510 0.482254 0.515327
4513 0.482254 0.515327
4516 0.482254 0.515327
4519 0.672429 0.5799
4522 0.672429 0.5799
4525 0.672429 0.5799
4528 0.672429 0.5799
4531 0.672429 0.5799
4534 0.672429 0.5799
4537 0.779345 0.629187
4540 0.779345 0.629187
4543 0.779345 0.629187
4546 0.779345 0.629187
4549 0.779345 0.629187
4552 0.779345 0.629187
4555 0.697407 0.61843
4558 0.697407 0.61843
4561 0.697407 0.61843
4564 0.697407 0.61843
4567 0.697407 0.61843
4570 0.697407 0.61843
4573 0.532149 0.742561
4576 0.532149 0.742561
4579 0.532149 0.742561
4582 0.532149 0.742561
4585 0.532149 0.742561
4588 0.532149 0.742561
4591 0.471121 0.59105
4594 0.471121 0.59105
4597 0.471121 0.59105
4600 0.471121 0.59105
4603 0.471121 0.59105
4606 0.471121 0.59105
4609 0.481882 0.277737
4612 0.481882 0.277737
4615 0.481882 0.277737
4618 0.481882 0.277737
4621 0.481882 0.277737
4624 0.481882 0.277737
4627 0.360789 0.413654
4630 0.360789 0.413654
4633 0.360789 0.413654
4636 0.360789 0.413654
4639 0.360789 0.413654
4642 0.360789 0.413654
4645 0.425043 0.460433
4648 0.425043 0.460433
4651 0.425043 0.460433
4654 0.425043 0.460433
4657 0.425043 0.460433
4660 0.425043 0.460433
4663 0.427753 0.509537
4666 0.427753 0.509537
4669 0.427753 0.509537
4672 0.427753 0.509537
4675 0.427753 0.509537
4678 0.427753 0.509537
4681 0.273864 0.448412
4684 0.273864 0.448412
4687 0.273864 0.448412
4690 0.273864 0.448412
4693 0.273864 0.448412
4696 0.273864 0.448412
4699 0.286099 0.374763
4702 0.286099 0.374763
4705 0.286099 0.374763
4708 0.286099 0.374763
4711 0.286099 0.374763
4714 0.286099 0.374763
4717 0.357459 0.564881
4720 0.357459 0.564881
4723 0.357459 0.564881
4726 0.357459 0.564881
4729 0.357459 0.564881
4732 0.357459 0.564881
4735 0.404287 0.528369
4738 0.404287 0.528369
4741 0.404287 0.528369
4744 0.404287 0.528369
4747 0.404287 0.528369
4750 0.404287 0.528369
4753 0.286598 0.5123
4756 0.286598 0.5123
4759 0.286598 0.5123
4762 0.286598 0.5123
4765 0.286598 0.5123
4768 0.286598 0.5123
4771 0.149153 0.448853
4774 0.149153 0.448853
4777 0.149153 0.448853
4780 0.149153 0.448853
4783 0.149153 0.448853
4786 0.149153 0.448853
4789 0.0316101 0.140459
4792 0.0316101 0.140459
4795 0.0316101 0.140459
4798 0.0316101 0.140459
4801 0.0316101 0.140459
4804 0.0316101 0.140459
4807 0.000194474 0.0297383
4810 0.000194474 0.0297383
4813 0.000194474 0.0297383
4816 0.000194474 0.0297383
4819 0.000194474 0.0297383
4822 0.000194474 0.0297383
4825 0.000125598 0.069812
4828 0.000125598 0.069812
4831 0.000125598 0.069812
4834 0.000125598 0.069812
4837 0.000125598 0.069812
4840 0.000125598 0.069812
4843 0.00122356 0.0509116
4846 0.00122356 0.0509116
4849 0.00122356 0.0509116
4852 0.00122356 0.0509116
4855 0.00122356 0.0509116
4858 0.00122356 0.0509116
4861 0.00174621 0.0161616
4864 0.00174621 0.0161616
4867 0.00174621 0.0161616
4870 0.00174621 0.0161616
4873 0.00174621 0.0161616
4876 0.00174621 0.0161616
4879 0.000575318 0.0115266
4882 0.000575318 0.0115266
4885 0.000575318 0.0115266
4888 0.000575318 0.0115266
4891 0.000575318 0.0115266
4894 0.000575318 0.0115266
4897 0.00183535 0.00946034
4900 0.00183535 0.00946034
4903 0.00183535 0.00946034
4906 0.00183535 0.00946034
4909 0.00183535 0.00946034
4912 0.00183535 0.00946034
4915 0.00144235 0.00690382
4918 0.00144235 0.00690382
4921 0.00144235 0.00690382
4924 0.00144235 0.00690382
4927 0.00144235 0.00690382
4930 0.00144235 0.00690382
4933 0.0845231 0.0961875
4936 0.0845231 0.0961875
4939 0.0845231 0.0961875
4942 0.0845231 0.0961875
4945 0.0845231 0.0961875
4948 0.0845231 0.0961875
4951 0.10707 0.174759
4954 0.10707 0.174759
4957 0.10707 0.174759
4960 0.10707 0.174759
4963 0.10707 0.174759
4966 0.10707 0.174759
4969 0.0644518 0.168791
4972 0.0644518 0.168791
4975 0.0644518 0.168791
4978 0.0644518 0.168791
4981 0.0644518 0.168791
4984 0.0644518 0.168791
4987 0.0819828 0.156572
4990 0.0819828 0.156572
4993 0.0819828 0.156572
4996 0.0819828 0.156572
4999 0.0819828 0.156572
5002 0.0819828 0.156572
5005 0.0869054 0.239762
5008 0.0869054 0.239762
5011 0.0869054 0.239762
5014 0.0869054 0.239762
5017 0.0869054 0.239762
5020 0.0869054 0.239762
5023 0.0231667 0.156936
5026 0.0231667 0.156936
5029 0.0231667 0.156936
5032 0.0231667 0.156936
5035 0.0231667 0.156936
5038 0.0231667 0.156936
5041 0.0148853 0.0489831
5044 0.0148853 0.0489831
5047 0.0148853 0.0489831
5050 0.0148853 0.0489831
5053 0.0148853 0.0489831
5056 0.0148853 0.0489831
5059 0.117928 0.154372
5062 0.117928 0.154372
5065 0.117928 0.154372
5068 0.117928 0.154372
5071 0.117928 0.154372
5074 0.117928 0.154372
5077 0.230796 0.32189
5080 0.230796 0.32189
5083 0.230796 0.32189
5086 0.230796 0.32189
5089 0.230796 0.32189
5092 0.230796 0.32189
5095 0.154882 0.278235
5098 0.154882 0.278235
5101 0.154882 0.278235
5104 0.154882 0.278235
5107 0.154882 0.278235
5110 0.154882 0.278235
5113 0.0694109 0.213127
5116 0.0694109 0.213127
5119 0.0694109 0.213127
5122 0.0694109 0.213127
5125 0.0694109 0.213127
5128 0.0694109 0.213127
5131 0.00167734 0.073896
5134 0.00167734 0.073896
5137 0.00167734 0.073896
5140 0.00167734 0.073896
5143 0.00167734 0.073896
5146 0.00167734 0.073896
5149 6.88761e-05 0.0150352
5152 6.88761e-05 0.0150352
5155 6.88761e-05 0.0150352
5158 6.88761e-05 0.0150352
5161 6.88761e-05 0.0150352
5164 6.88761e-05 0.0150352
5167 8.50822e-05 0.0599182
5170 8.50822e-05 0.0599182
5173 8.50822e-05 0.0599182
5176 8.50822e-05 0.0599182
5179 8.50822e-05 0.0599182
5182 8.50822e-05 0.0599182
5185 0.000113443 0.107512
5188 0.000113443 0.107512
5191 0.000113443 0.107512
5194 0.000113443 0.107512
5197 0.000113443 0.107512
5200 0.000113443 0.107512
5203 0 0.0975488
5206 0 0.0975488
5209 0 0.0975488
5212 0 0.0975488
5215 0 0.0975488
5218 0 0.0975488
5221 0.000133701 0.105895
5224 0.000133701 0.105895
5227 0.000133701 0.105895
5230 0.000133701 0.105895
5233 0.000133701 0.105895
5236 0.000133701 0.105895
5239 3.64638e-05 0.084981
5242 3.64638e-05 0.084981
5245 3.64638e-05 0.084981
5248 3.64638e-05 0.084981
5251 3.64638e-05 0.084981
5254 3.64638e-05 0.084981
5257 0.0122194 0.0130378
5260 0.0122194 0.0130378
5263 0.0122194 0.0130378
5266 0.0122194 0.0130378
5269 0.0122194 0.0130378
5272 0.0122194 0.0130378
5275 0.0570983 0.0564257
5278 0.0570983 0.0564257
5281 0.0570983 0.0564257
5284 0.0570983 0.0564257
5287 0.0570983 0.0564257
5290 0.0570983 0.0564257
5293 0.105879 0.136265
5296 0.105879 0.136265
5299 0.105879 0.136265
5302 0.105879 0.136265
5305 0.105879 0.136265
5308 0.105879 0.136265
5311 0.173049 0.26762
5314 0.173049 0.26762
5317 0.173049 0.26762
5320 0.173049 0.26762
5323 0.173049 0.26762
5326 0.173049 0.26762
5329 0.160651 0.324224
5332 0.160651 0.324224
5335 0.160651 0.324224
5338 0.160651 0.324224
5341 0.160651 0.324224
5344 0.160651 0.324224
5347 0.192553 0.135556
5350 0.192553 0.135556
5353 0.192553 0.135556
5356 0.192553 0.135556
5359 0.192553 0.135556
5362 0.192553 0.135556
5365 0.247954 0.212179
5368 0.247954 0.212179
5371 0.247954 0.212179
5374 0.247954 0.212179
5377 0.247954 0.212179
5380 0.247954 0.212179
5383 0.256231 0.218844
5386 0.256231 0.218844
5389 0.256231 0.218844
5392 0.256231 0.218844
5395 0.256231 0.218844
5398 0.256231 0.218844
5401 0.296706 0.275379
5404 0.296706 0.275379
5407 0.296706 0.275379
5410 0.296706 0.275379
5413 0.296706 0.275379
5416 0.296706 0.275379
5419 0.317774 0.260396
5422 0.317774 0.260396
5425 0.317774 0.260396
5428 0.317774 0.260396
5431 0.317774 0.260396
5434 0.317774 0.260396
5437 0.372077 0.215971
5440 0.372077 0.215971
5443 0.372077 0.215971
5446 0.372077 0.215971
5449 0.372077 0.215971
5452 0.372077 0.215971
5455 0.412612 0.313933
5458 0.412612 0.313933
5461 0.412612 0.313933
5464 0.412612 0.313933
5467 0.412612 0.313933
5470 0.412612 0.313933
5473 0.401086 0.208127
5476 0.401086 0.208127
5479 0.401086 0.208127
5482 0.401086 0.208127
5485 0.401086 0.208127
5488 0.401086 0.208127
5491 0.467057 0.182514
5494 0.467057 0.182514
5497 0.467057 0.182514
5500 0.467057 0.182514
5503 0.467057 0.182514
5506 0.467057 0.182514
5509 0.532817 0.114047
5512 0.532817 0.114047
5515 0.532817 0.114047
5518 0.532817 0.114047
5521 0.532817 0.114047
5524 0.532817 0.114047
5527 0.570497 0.110631
5530 0.570497 0.110631
5533 0.570497 0.110631
5536 0.570497 0.110631
5539 0.570497 0.110631
5542 0.570497 0.110631
5545 0.65282 0.0692124
5548 0.65282 0.0692124
5551 0.65282 0.0692124
5554 0.65282 0.0692124
5557 0.65282 0.0692124
5560 0.65282 0.0692124
5563 0.687456 0.0766429
5566 0.687456 0.0766429
5569 0.687456 0.0766429
5572 0.687456 0.0766429
5575 0.687456 0.0766429
5578 0.687456 0.0766429
5581 0.691625 0.142784
5584 0.691625 0.142784
5587 0.691625 0.142784
5590 0.691625 0.142784
5593 0.691625 0.142784
5596 0.691625 0.142784
5599 0.701045 0.190633
5602 0.701045 0.190633
5605 0.701045 0.190633
5608 0.701045 0.190633
5611 0.701045 0.190633
5614 0.701045 0.190633
5617 0.69983 0.166364
5620 0.69983 0.166364
5623 0.69983 0.166364
5626 0.69983 0.166364
5629 0.69983 0.166364
5632 0.69983 0.166364
5635 0.70156 0.104538
5638 0.70156 0.104538
5641 0.70156 0.104538
5644 0.70156 0.104538
5647 0.70156 0.104538
5650 0.70156 0.104538
5653 0.787675 0.084588
5656 0.787675 0.084588
5659 0.787675 0.084588
5662 0.787675 0.084588
5665 0.787675 0.084588
5668 0.787675 0.084588
5671 0.78445 0.0736893
5674 0.78445 0.0736893
5677 0.78445 0.0736893
5680 0.78445 0.0736893
5683 0.78445 0.0736893
5686 0.78445 0.0736893
5689 0.784122 0.0544607
5692 0.784122 0.0544607
5695 0.784122 0.0544607
5698 0.784122 0.0544607
5701 0.784122 0.0544607
5704 0.784122 0.0544607
5707 0.782108 0.105676
5710 0.782108 0.105676
5713 0.782108 0.105676
5716 0.782108 0.105676
5719 0.782108 0.105676
5722 0.782108 0.105676
5725 0.770197 0.068949
5728 0.770197 0.068949
5731 0.770197 0.068949
5734 0.770197 0.068949
5737 0.770197 0.068949
