frame_number static_density dynamic_density
1 0.0700997 0.0987319
4 0.0700997 0.0987319
7 0.0700997 0.0987319
10 0.0700997 0.0987319
13 0.0700997 0.0987319
16 0.0944048 0.149777
19 0.0944048 0.149777
22 0.0944048 0.149777
25 0.0944048 0.149777
28 0.0944048 0.149777
31 0.110684 0.098582
34 0.110684 0.098582
37 0.110684 0.098582
40 0.110684 0.098582
43 0.110684 0.098582
46 0.117381 0.107341
49 0.117381 0.107341
52 0.117381 0.107341
55 0.117381 0.107341
58 0.117381 0.107341
61 0.135078 0.0980026
64 0.135078 0.0980026
67 0.135078 0.0980026
70 0.135078 0.0980026
73 0.135078 0.0980026
76 0.125885 0.0376995
79 0.125885 0.0376995
82 0.125885 0.0376995
85 0.125885 0.0376995
88 0.125885 0.0376995
91 0.173543 0.0742039
94 0.173543 0.0742039
97 0.173543 0.0742039
100 0.173543 0.0742039
103 0.173543 0.0742039
106 0.179102 0.111109
109 0.179102 0.111109
112 0.179102 0.111109
115 0.179102 0.111109
118 0.179102 0.111109
121 0.197354 0.17832
124 0.197354 0.17832
127 0.197354 0.17832
130 0.197354 0.17832
133 0.197354 0.17832
136 0.210554 0.173381
139 0.210554 0.173381
142 0.210554 0.173381
145 0.210554 0.173381
148 0.210554 0.173381
151 0.215347 0.161551
154 0.215347 0.161551
157 0.215347 0.161551
160 0.215347 0.161551
163 0.215347 0.161551
166 0.202224 0.147322
169 0.202224 0.147322
172 0.202224 0.147322
175 0.202224 0.147322
178 0.202224 0.147322
181 0.197982 0.145803
184 0.197982 0.145803
187 0.197982 0.145803
190 0.197982 0.145803
193 0.197982 0.145803
196 0.196346 0.0765457
199 0.196346 0.0765457
202 0.196346 0.0765457
205 0.196346 0.0765457
208 0.196346 0.0765457
211 0.196637 0.0317276
214 0.196637 0.0317276
217 0.196637 0.0317276
220 0.196637 0.0317276
223 0.196637 0.0317276
226 0.197022 0.0677579
229 0.197022 0.0677579
232 0.197022 0.0677579
235 0.197022 0.0677579
238 0.197022 0.0677579
241 0.195713 0.0360506
244 0.195713 0.0360506
247 0.195713 0.0360506
250 0.195713 0.0360506
253 0.195713 0.0360506
256 0.194312 0.0326351
259 0.194312 0.0326351
262 0.194312 0.0326351
265 0.194312 0.0326351
268 0.194312 0.0326351
271 0.192991 0.0206993
274 0.192991 0.0206993
277 0.192991 0.0206993
280 0.192991 0.0206993
283 0.192991 0.0206993
286 0.213273 0.021542
289 0.213273 0.021542
292 0.213273 0.021542
295 0.213273 0.021542
298 0.213273 0.021542
301 0.199955 0.0528604
304 0.199955 0.0528604
307 0.199955 0.0528604
310 0.199955 0.0528604
313 0.199955 0.0528604
316 0.197059 0.0464509
319 0.197059 0.0464509
322 0.197059 0.0464509
325 0.197059 0.0464509
328 0.197059 0.0464509
331 0.196216 0.0615509
334 0.196216 0.0615509
337 0.196216 0.0615509
340 0.196216 0.0615509
343 0.196216 0.0615509
346 0.201564 0.0226035
349 0.201564 0.0226035
352 0.201564 0.0226035
355 0.201564 0.0226035
358 0.201564 0.0226035
361 0.200912 0.0289725
364 0.200912 0.0289725
367 0.200912 0.0289725
370 0.200912 0.0289725
373 0.200912 0.0289725
376 0.197107 0.0273074
379 0.197107 0.0273074
382 0.197107 0.0273074
385 0.197107 0.0273074
388 0.197107 0.0273074
391 0.2072 0.0506401
394 0.2072 0.0506401
397 0.2072 0.0506401
400 0.2072 0.0506401
403 0.2072 0.0506401
406 0.221554 0.0725873
409 0.221554 0.0725873
412 0.221554 0.0725873
415 0.221554 0.0725873
418 0.221554 0.0725873
421 0.271668 0.143404
424 0.271668 0.143404
427 0.271668 0.143404
430 0.271668 0.143404
433 0.271668 0.143404
436 0.327145 0.200199
439 0.327145 0.200199
442 0.327145 0.200199
445 0.327145 0.200199
448 0.327145 0.200199
451 0.351613 0.248704
454 0.351613 0.248704
457 0.351613 0.248704
460 0.351613 0.248704
463 0.351613 0.248704
466 0.367434 0.225492
469 0.367434 0.225492
472 0.367434 0.225492
475 0.367434 0.225492
478 0.367434 0.225492
481 0.369168 0.304347
484 0.369168 0.304347
487 0.369168 0.304347
490 0.369168 0.304347
493 0.369168 0.304347
496 0.371951 0.272834
499 0.371951 0.272834
502 0.371951 0.272834
505 0.371951 0.272834
508 0.371951 0.272834
511 0.414987 0.0558221
514 0.414987 0.0558221
517 0.414987 0.0558221
520 0.414987 0.0558221
523 0.414987 0.0558221
526 0.461134 0.122421
529 0.461134 0.122421
532 0.461134 0.122421
535 0.461134 0.122421
538 0.461134 0.122421
541 0.477761 0.122988
544 0.477761 0.122988
547 0.477761 0.122988
550 0.477761 0.122988
553 0.477761 0.122988
556 0.473426 0.118669
559 0.473426 0.118669
562 0.473426 0.118669
565 0.473426 0.118669
568 0.473426 0.118669
571 0.466842 0.235058
574 0.466842 0.235058
577 0.466842 0.235058
580 0.466842 0.235058
583 0.466842 0.235058
586 0.4896 0.0684223
589 0.4896 0.0684223
592 0.4896 0.0684223
595 0.4896 0.0684223
598 0.4896 0.0684223
601 0.544166 0.0899117
604 0.544166 0.0899117
607 0.544166 0.0899117
610 0.544166 0.0899117
613 0.544166 0.0899117
616 0.591715 0.101876
619 0.591715 0.101876
622 0.591715 0.101876
625 0.591715 0.101876
628 0.591715 0.101876
631 0.615149 0.0963982
634 0.615149 0.0963982
637 0.615149 0.0963982
640 0.615149 0.0963982
643 0.615149 0.0963982
646 0.618232 0.133069
649 0.618232 0.133069
652 0.618232 0.133069
655 0.618232 0.133069
658 0.618232 0.133069
661 0.623418 0.0801839
664 0.623418 0.0801839
667 0.623418 0.0801839
670 0.623418 0.0801839
673 0.623418 0.0801839
676 0.626238 0.0915404
679 0.626238 0.0915404
682 0.626238 0.0915404
685 0.626238 0.0915404
688 0.626238 0.0915404
691 0.629738 0.102621
694 0.629738 0.102621
697 0.629738 0.102621
700 0.629738 0.102621
703 0.629738 0.102621
706 0.6349 0.0956162
709 0.6349 0.0956162
712 0.6349 0.0956162
715 0.6349 0.0956162
718 0.6349 0.0956162
721 0.642711 0.161595
724 0.642711 0.161595
727 0.642711 0.161595
730 0.642711 0.161595
733 0.642711 0.161595
736 0.645292 0.0998947
739 0.645292 0.0998947
742 0.645292 0.0998947
745 0.645292 0.0998947
748 0.645292 0.0998947
751 0.653561 0.0826756
754 0.653561 0.0826756
757 0.653561 0.0826756
760 0.653561 0.0826756
763 0.653561 0.0826756
766 0.65664 0.0354428
769 0.65664 0.0354428
772 0.65664 0.0354428
775 0.65664 0.0354428
778 0.65664 0.0354428
781 0.662037 0.10769
784 0.662037 0.10769
787 0.662037 0.10769
790 0.662037 0.10769
793 0.662037 0.10769
796 0.657362 0.022956
799 0.657362 0.022956
802 0.657362 0.022956
805 0.657362 0.022956
808 0.657362 0.022956
811 0.653675 0.0370878
814 0.653675 0.0370878
817 0.653675 0.0370878
820 0.653675 0.0370878
823 0.653675 0.0370878
826 0.739033 0.0767644
829 0.739033 0.0767644
832 0.739033 0.0767644
835 0.739033 0.0767644
838 0.739033 0.0767644
841 0.763317 0.0475529
844 0.763317 0.0475529
847 0.763317 0.0475529
850 0.763317 0.0475529
853 0.763317 0.0475529
856 0.775444 0.0408435
859 0.775444 0.0408435
862 0.775444 0.0408435
865 0.775444 0.0408435
868 0.775444 0.0408435
871 0.777636 0.0722551
874 0.777636 0.0722551
877 0.777636 0.0722551
880 0.777636 0.0722551
883 0.777636 0.0722551
886 0.779511 0.0332712
889 0.779511 0.0332712
892 0.779511 0.0332712
895 0.779511 0.0332712
898 0.779511 0.0332712
901 0.772429 0.030192
904 0.772429 0.030192
907 0.772429 0.030192
910 0.772429 0.030192
913 0.772429 0.030192
916 0.77029 0.0180577
919 0.77029 0.0180577
922 0.77029 0.0180577
925 0.77029 0.0180577
928 0.77029 0.0180577
931 0.771899 0.0250831
934 0.771899 0.0250831
937 0.771899 0.0250831
940 0.771899 0.0250831
943 0.771899 0.0250831
946 0.767102 0.0324974
949 0.767102 0.0324974
952 0.767102 0.0324974
955 0.767102 0.0324974
958 0.767102 0.0324974
961 0.776132 0.0452678
964 0.776132 0.0452678
967 0.776132 0.0452678
970 0.776132 0.0452678
973 0.776132 0.0452678
976 0.770112 0.0288753
979 0.770112 0.0288753
982 0.770112 0.0288753
985 0.770112 0.0288753
988 0.770112 0.0288753
991 0.761425 0.0488777
994 0.761425 0.0488777
997 0.761425 0.0488777
1000 0.761425 0.0488777
1003 0.761425 0.0488777
1006 0.759387 0.0753586
1009 0.759387 0.0753586
1012 0.759387 0.0753586
1015 0.759387 0.0753586
1018 0.759387 0.0753586
1021 0.753189 0.0382343
1024 0.753189 0.0382343
1027 0.753189 0.0382343
1030 0.753189 0.0382343
1033 0.753189 0.0382343
1036 0.758233 0.0501256
1039 0.758233 0.0501256
1042 0.758233 0.0501256
1045 0.758233 0.0501256
1048 0.758233 0.0501256
1051 0.758156 0.037424
1054 0.758156 0.037424
1057 0.758156 0.037424
1060 0.758156 0.037424
1063 0.758156 0.037424
1066 0.752265 0.0579572
1069 0.752265 0.0579572
1072 0.752265 0.0579572
1075 0.752265 0.0579572
1078 0.752265 0.0579572
1081 0.752212 0.0262621
1084 0.752212 0.0262621
1087 0.752212 0.0262621
1090 0.752212 0.0262621
1093 0.752212 0.0262621
1096 0.758257 0.0358601
1099 0.758257 0.0358601
1102 0.758257 0.0358601
1105 0.758257 0.0358601
1108 0.758257 0.0358601
1111 0.757674 0.0469938
1114 0.757674 0.0469938
1117 0.757674 0.0469938
1120 0.757674 0.0469938
1123 0.757674 0.0469938
1126 0.755466 0.0418929
1129 0.755466 0.0418929
1132 0.755466 0.0418929
1135 0.755466 0.0418929
1138 0.755466 0.0418929
1141 0.76525 0.0547119
1144 0.76525 0.0547119
1147 0.76525 0.0547119
1150 0.76525 0.0547119
1153 0.76525 0.0547119
1156 0.75615 0.0472004
1159 0.75615 0.0472004
1162 0.75615 0.0472004
1165 0.75615 0.0472004
1168 0.75615 0.0472004
1171 0.755737 0.0543392
1174 0.755737 0.0543392
1177 0.755737 0.0543392
1180 0.755737 0.0543392
1183 0.755737 0.0543392
1186 0.766226 0.0414918
1189 0.766226 0.0414918
1192 0.766226 0.0414918
1195 0.766226 0.0414918
1198 0.766226 0.0414918
1201 0.76935 0.0357548
1204 0.76935 0.0357548
1207 0.76935 0.0357548
1210 0.76935 0.0357548
1213 0.76935 0.0357548
1216 0.770067 0.0583948
1219 0.770067 0.0583948
1222 0.770067 0.0583948
1225 0.770067 0.0583948
1228 0.770067 0.0583948
1231 0.766846 0.0291427
1234 0.766846 0.0291427
1237 0.766846 0.0291427
1240 0.766846 0.0291427
1243 0.766846 0.0291427
1246 0.761976 0.031841
1249 0.761976 0.031841
1252 0.761976 0.031841
1255 0.761976 0.031841
1258 0.761976 0.031841
1261 0.755077 0.0343368
1264 0.755077 0.0343368
1267 0.755077 0.0343368
1270 0.755077 0.0343368
1273 0.755077 0.0343368
1276 0.752796 0.0519204
1279 0.752796 0.0519204
1282 0.752796 0.0519204
1285 0.752796 0.0519204
1288 0.752796 0.0519204
1291 0.74902 0.0468398
1294 0.74902 0.0468398
1297 0.74902 0.0468398
1300 0.74902 0.0468398
1303 0.74902 0.0468398
1306 0.752431 0.0299449
1309 0.752431 0.0299449
1312 0.752431 0.0299449
1315 0.752431 0.0299449
1318 0.752431 0.0299449
1321 0.73272 0.0440848
1324 0.73272 0.0440848
1327 0.73272 0.0440848
1330 0.73272 0.0440848
1333 0.73272 0.0440848
1336 0.72896 0.0687708
1339 0.72896 0.0687708
1342 0.72896 0.0687708
1345 0.72896 0.0687708
1348 0.72896 0.0687708
1351 0.727437 0.0531561
1354 0.727437 0.0531561
1357 0.727437 0.0531561
1360 0.727437 0.0531561
1363 0.727437 0.0531561
1366 0.727636 0.05393
1369 0.727636 0.05393
1372 0.727636 0.05393
1375 0.727636 0.05393
1378 0.727636 0.05393
1381 0.731622 0.0300016
1384 0.731622 0.0300016
1387 0.731622 0.0300016
1390 0.731622 0.0300016
1393 0.731622 0.0300016
1396 0.733737 0.0453529
1399 0.733737 0.0453529
1402 0.733737 0.0453529
1405 0.733737 0.0453529
1408 0.733737 0.0453529
1411 0.755336 0.0106839
1414 0.755336 0.0106839
1417 0.755336 0.0106839
1420 0.755336 0.0106839
1423 0.755336 0.0106839
1426 0.755109 0.115785
1429 0.755109 0.115785
1432 0.755109 0.115785
1435 0.755109 0.115785
1438 0.755109 0.115785
1441 0.760242 0.300211
1444 0.760242 0.300211
1447 0.760242 0.300211
1450 0.760242 0.300211
1453 0.760242 0.300211
1456 0.771712 0.436172
1459 0.771712 0.436172
1462 0.771712 0.436172
1465 0.771712 0.436172
1468 0.771712 0.436172
1471 0.798776 0.407418
1474 0.798776 0.407418
1477 0.798776 0.407418
1480 0.798776 0.407418
1483 0.798776 0.407418
1486 0.823653 0.46711
1489 0.823653 0.46711
1492 0.823653 0.46711
1495 0.823653 0.46711
1498 0.823653 0.46711
1501 0.834957 0.363232
1504 0.834957 0.363232
1507 0.834957 0.363232
1510 0.834957 0.363232
1513 0.834957 0.363232
1516 0.844899 0.669516
1519 0.844899 0.669516
1522 0.844899 0.669516
1525 0.844899 0.669516
1528 0.844899 0.669516
1531 0.822924 0.664107
1534 0.822924 0.664107
1537 0.822924 0.664107
1540 0.822924 0.664107
1543 0.822924 0.664107
1546 0.79432 0.614209
1549 0.79432 0.614209
1552 0.79432 0.614209
1555 0.79432 0.614209
1558 0.79432 0.614209
1561 0.752123 0.702986
1564 0.752123 0.702986
1567 0.752123 0.702986
1570 0.752123 0.702986
1573 0.752123 0.702986
1576 0.755166 0.647865
1579 0.755166 0.647865
1582 0.755166 0.647865
1585 0.755166 0.647865
1588 0.755166 0.647865
1591 0.759408 0.738259
1594 0.759408 0.738259
1597 0.759408 0.738259
1600 0.759408 0.738259
1603 0.759408 0.738259
1606 0.74654 0.773669
1609 0.74654 0.773669
1612 0.74654 0.773669
1615 0.74654 0.773669
1618 0.74654 0.773669
1621 0.707499 0.661162
1624 0.707499 0.661162
1627 0.707499 0.661162
1630 0.707499 0.661162
1633 0.707499 0.661162
1636 0.716162 0.73447
1639 0.716162 0.73447
1642 0.716162 0.73447
1645 0.716162 0.73447
1648 0.716162 0.73447
1651 0.706146 0.743971
1654 0.706146 0.743971
1657 0.706146 0.743971
1660 0.706146 0.743971
1663 0.706146 0.743971
1666 0.735058 0.646848
1669 0.735058 0.646848
1672 0.735058 0.646848
1675 0.735058 0.646848
1678 0.735058 0.646848
1681 0.724483 0.622956
1684 0.724483 0.622956
1687 0.724483 0.622956
1690 0.724483 0.622956
1693 0.724483 0.622956
1696 0.715218 0.482919
1699 0.715218 0.482919
1702 0.715218 0.482919
1705 0.715218 0.482919
1708 0.715218 0.482919
1711 0.69419 0.597642
1714 0.69419 0.597642
1717 0.69419 0.597642
1720 0.69419 0.597642
1723 0.69419 0.597642
1726 0.650466 0.503821
1729 0.650466 0.503821
1732 0.650466 0.503821
1735 0.650466 0.503821
1738 0.650466 0.503821
1741 0.486152 0.476068
1744 0.486152 0.476068
1747 0.486152 0.476068
1750 0.486152 0.476068
1753 0.486152 0.476068
1756 0.37676 0.560765
1759 0.37676 0.560765
1762 0.37676 0.560765
1765 0.37676 0.560765
1768 0.37676 0.560765
1771 0.375063 0.476525
1774 0.375063 0.476525
1777 0.375063 0.476525
1780 0.375063 0.476525
1783 0.375063 0.476525
1786 0.362933 0.507783
1789 0.362933 0.507783
1792 0.362933 0.507783
1795 0.362933 0.507783
1798 0.362933 0.507783
1801 0.323138 0.429775
1804 0.323138 0.429775
1807 0.323138 0.429775
1810 0.323138 0.429775
1813 0.323138 0.429775
1816 0.298635 0.514521
1819 0.298635 0.514521
1822 0.298635 0.514521
1825 0.298635 0.514521
1828 0.298635 0.514521
1831 0.262961 0.477968
1834 0.262961 0.477968
1837 0.262961 0.477968
1840 0.262961 0.477968
1843 0.262961 0.477968
1846 0.210291 0.471267
1849 0.210291 0.471267
1852 0.210291 0.471267
1855 0.210291 0.471267
1858 0.210291 0.471267
1861 0.151754 0.295276
1864 0.151754 0.295276
1867 0.151754 0.295276
1870 0.151754 0.295276
1873 0.151754 0.295276
1876 0.185386 0.187866
1879 0.185386 0.187866
1882 0.185386 0.187866
1885 0.185386 0.187866
1888 0.185386 0.187866
1891 0.272028 0.325756
1894 0.272028 0.325756
1897 0.272028 0.325756
1900 0.272028 0.325756
1903 0.272028 0.325756
1906 0.371117 0.570412
1909 0.371117 0.570412
1912 0.371117 0.570412
1915 0.371117 0.570412
1918 0.371117 0.570412
1921 0.35767 0.535406
1924 0.35767 0.535406
1927 0.35767 0.535406
1930 0.35767 0.535406
1933 0.35767 0.535406
1936 0.272125 0.389705
1939 0.272125 0.389705
1942 0.272125 0.389705
1945 0.272125 0.389705
1948 0.272125 0.389705
1951 0.188672 0.276396
1954 0.188672 0.276396
1957 0.188672 0.276396
1960 0.188672 0.276396
1963 0.188672 0.276396
1966 0.0671947 0.196779
1969 0.0671947 0.196779
1972 0.0671947 0.196779
1975 0.0671947 0.196779
1978 0.0671947 0.196779
1981 0.00737379 0.0449437
1984 0.00737379 0.0449437
1987 0.00737379 0.0449437
1990 0.00737379 0.0449437
1993 0.00737379 0.0449437
1996 0.00654728 0.0378413
1999 0.00654728 0.0378413
2002 0.00654728 0.0378413
2005 0.00654728 0.0378413
2008 0.00654728 0.0378413
2011 0.148023 0.12659
2014 0.148023 0.12659
2017 0.148023 0.12659
2020 0.148023 0.12659
2023 0.148023 0.12659
2026 0.289968 0.185487
2029 0.289968 0.185487
2032 0.289968 0.185487
2035 0.289968 0.185487
2038 0.289968 0.185487
2041 0.279556 0.379884
2044 0.279556 0.379884
2047 0.279556 0.379884
2050 0.279556 0.379884
2053 0.279556 0.379884
2056 0.169034 0.240523
2059 0.169034 0.240523
2062 0.169034 0.240523
2065 0.169034 0.240523
2068 0.169034 0.240523
2071 0.0625881 0.195122
2074 0.0625881 0.195122
2077 0.0625881 0.195122
2080 0.0625881 0.195122
2083 0.0625881 0.195122
2086 0.0122924 0.0758731
2089 0.0122924 0.0758731
2092 0.0122924 0.0758731
2095 0.0122924 0.0758731
2098 0.0122924 0.0758731
2101 0.0270805 0.0495989
2104 0.0270805 0.0495989
2107 0.0270805 0.0495989
2110 0.0270805 0.0495989
2113 0.0270805 0.0495989
2116 0.161677 0.12875
2119 0.161677 0.12875
2122 0.161677 0.12875
2125 0.161677 0.12875
2128 0.161677 0.12875
2131 0.325987 0.242306
2134 0.325987 0.242306
2137 0.325987 0.242306
2140 0.325987 0.242306
2143 0.325987 0.242306
2146 0.332745 0.250158
2149 0.332745 0.250158
2152 0.332745 0.250158
2155 0.332745 0.250158
2158 0.332745 0.250158
2161 0.287355 0.233
2164 0.287355 0.233
2167 0.287355 0.233
2170 0.287355 0.233
2173 0.287355 0.233
2176 0.212163 0.309343
2179 0.212163 0.309343
2182 0.212163 0.309343
2185 0.212163 0.309343
2188 0.212163 0.309343
2191 0.0735354 0.234993
2194 0.0735354 0.234993
2197 0.0735354 0.234993
2200 0.0735354 0.234993
2203 0.0735354 0.234993
2206 0.0124747 0.0376347
2209 0.0124747 0.0376347
2212 0.0124747 0.0376347
2215 0.0124747 0.0376347
2218 0.0124747 0.0376347
2221 0.00116279 0.0222713
2224 0.00116279 0.0222713
2227 0.00116279 0.0222713
2230 0.00116279 0.0222713
2233 0.00116279 0.0222713
2236 0.00166923 0.0069808
2239 0.00166923 0.0069808
2242 0.00166923 0.0069808
2245 0.00166923 0.0069808
2248 0.00166923 0.0069808
2251 0.00290495 0.0107325
2254 0.00290495 0.0107325
2257 0.00290495 0.0107325
2260 0.00290495 0.0107325
2263 0.00290495 0.0107325
2266 0.00962645 0.0218864
2269 0.00962645 0.0218864
2272 0.00962645 0.0218864
2275 0.00962645 0.0218864
2278 0.00962645 0.0218864
2281 0.0752289 0.0917511
2284 0.0752289 0.0917511
2287 0.0752289 0.0917511
2290 0.0752289 0.0917511
2293 0.0752289 0.0917511
2296 0.0895916 0.224398
2299 0.0895916 0.224398
2302 0.0895916 0.224398
2305 0.0895916 0.224398
2308 0.0895916 0.224398
2311 0.0915931 0.218641
2314 0.0915931 0.218641
2317 0.0915931 0.218641
2320 0.0915931 0.218641
2323 0.0915931 0.218641
2326 0.0486306 0.183928
2329 0.0486306 0.183928
2332 0.0486306 0.183928
2335 0.0486306 0.183928
2338 0.0486306 0.183928
2341 0.0245158 0.0831173
2344 0.0245158 0.0831173
2347 0.0245158 0.0831173
2350 0.0245158 0.0831173
2353 0.0245158 0.0831173
2356 0.0114051 0.0520703
2359 0.0114051 0.0520703
2362 0.0114051 0.0520703
2365 0.0114051 0.0520703
2368 0.0114051 0.0520703
2371 0.0137307 0.0647273
2374 0.0137307 0.0647273
2377 0.0137307 0.0647273
2380 0.0137307 0.0647273
2383 0.0137307 0.0647273
2386 0.0376671 0.0655579
2389 0.0376671 0.0655579
2392 0.0376671 0.0655579
2395 0.0376671 0.0655579
2398 0.0376671 0.0655579
2401 0.0686614 0.0409732
2404 0.0686614 0.0409732
2407 0.0686614 0.0409732
2410 0.0686614 0.0409732
2413 0.0686614 0.0409732
2416 0.0599465 0.192736
2419 0.0599465 0.192736
2422 0.0599465 0.192736
2425 0.0599465 0.192736
2428 0.0599465 0.192736
2431 0.00369095 0.083644
2434 0.00369095 0.083644
2437 0.00369095 0.083644
2440 0.00369095 0.083644
2443 0.00369095 0.083644
2446 0.0449518 0.0416417
2449 0.0449518 0.0416417
2452 0.0449518 0.0416417
2455 0.0449518 0.0416417
2458 0.0449518 0.0416417
2461 0.0584393 0.100357
2464 0.0584393 0.100357
2467 0.0584393 0.100357
2470 0.0584393 0.100357
2473 0.0584393 0.100357
2476 0.0112552 0.0347541
2479 0.0112552 0.0347541
2482 0.0112552 0.0347541
2485 0.0112552 0.0347541
2488 0.0112552 0.0347541
2491 0.013366 0.0294628
2494 0.013366 0.0294628
2497 0.013366 0.0294628
2500 0.013366 0.0294628
2503 0.013366 0.0294628
2506 0.0182967 0.0576979
2509 0.0182967 0.0576979
2512 0.0182967 0.0576979
2515 0.0182967 0.0576979
2518 0.0182967 0.0576979
2521 0.0587635 0.0987238
2524 0.0587635 0.0987238
2527 0.0587635 0.0987238
2530 0.0587635 0.0987238
2533 0.0587635 0.0987238
2536 0.0784337 0.161486
2539 0.0784337 0.161486
2542 0.0784337 0.161486
2545 0.0784337 0.161486
2548 0.0784337 0.161486
2551 0.0743173 0.16837
2554 0.0743173 0.16837
2557 0.0743173 0.16837
2560 0.0743173 0.16837
2563 0.0743173 0.16837
2566 0.00939146 0.100113
2569 0.00939146 0.100113
2572 0.00939146 0.100113
2575 0.00939146 0.100113
2578 0.00939146 0.100113
2581 0.000542906 0.0159023
2584 0.000542906 0.0159023
2587 0.000542906 0.0159023
2590 0.000542906 0.0159023
2593 0.000542906 0.0159023
2596 0.0006604 0.0993437
2599 0.0006604 0.0993437
2602 0.0006604 0.0993437
2605 0.0006604 0.0993437
2608 0.0006604 0.0993437
2611 0.000822462 0.097565
2614 0.000822462 0.097565
2617 0.000822462 0.097565
2620 0.000822462 0.097565
2623 0.000822462 0.097565
2626 0.0123329 0.0114577
2629 0.0123329 0.0114577
2632 0.0123329 0.0114577
2635 0.0123329 0.0114577
2638 0.0123329 0.0114577
2641 0.0710275 0.0839964
2644 0.0710275 0.0839964
2647 0.0710275 0.0839964
2650 0.0710275 0.0839964
2653 0.0710275 0.0839964
2656 0.1582 0.259051
2659 0.1582 0.259051
2662 0.1582 0.259051
2665 0.1582 0.259051
2668 0.1582 0.259051
2671 0.154744 0.323272
2674 0.154744 0.323272
2677 0.154744 0.323272
2680 0.154744 0.323272
2683 0.154744 0.323272
2686 0.13142 0.301021
2689 0.13142 0.301021
2692 0.13142 0.301021
2695 0.13142 0.301021
2698 0.13142 0.301021
2701 0.0647922 0.202719
2704 0.0647922 0.202719
2707 0.0647922 0.202719
2710 0.0647922 0.202719
2713 0.0647922 0.202719
2716 0.0452516 0.0965724
2719 0.0452516 0.0965724
2722 0.0452516 0.0965724
2725 0.0452516 0.0965724
2728 0.0452516 0.0965724
2731 0.0655214 0.0863706
2734 0.0655214 0.0863706
2737 0.0655214 0.0863706
2740 0.0655214 0.0863706
2743 0.0655214 0.0863706
2746 0.0884207 0.136314
2749 0.0884207 0.136314
2752 0.0884207 0.136314
2755 0.0884207 0.136314
2758 0.0884207 0.136314
2761 0.102281 0.21318
2764 0.102281 0.21318
2767 0.102281 0.21318
2770 0.102281 0.21318
2773 0.102281 0.21318
2776 0.10991 0.177186
2779 0.10991 0.177186
2782 0.10991 0.177186
2785 0.10991 0.177186
2788 0.10991 0.177186
2791 0.118977 0.212872
2794 0.118977 0.212872
2797 0.118977 0.212872
2800 0.118977 0.212872
2803 0.118977 0.212872
2806 0.121789 0.204157
2809 0.121789 0.204157
2812 0.121789 0.204157
2815 0.121789 0.204157
2818 0.121789 0.204157
2821 0.124086 0.101621
2824 0.124086 0.101621
2827 0.124086 0.101621
2830 0.124086 0.101621
2833 0.124086 0.101621
2836 0.124641 0.0370351
2839 0.124641 0.0370351
2842 0.124641 0.0370351
2845 0.124641 0.0370351
2848 0.124641 0.0370351
2851 0.130998 0.0328255
2854 0.130998 0.0328255
2857 0.130998 0.0328255
2860 0.130998 0.0328255
2863 0.130998 0.0328255
2866 0.125488 0.0536545
2869 0.125488 0.0536545
2872 0.125488 0.0536545
2875 0.125488 0.0536545
2878 0.125488 0.0536545
2881 0.13016 0.0483632
2884 0.13016 0.0483632
2887 0.13016 0.0483632
2890 0.13016 0.0483632
2893 0.13016 0.0483632
2896 0.135601 0.0710801
2899 0.135601 0.0710801
2902 0.135601 0.0710801
2905 0.135601 0.0710801
2908 0.135601 0.0710801
2911 0.137979 0.0633458
2914 0.137979 0.0633458
2917 0.137979 0.0633458
2920 0.137979 0.0633458
2923 0.137979 0.0633458
2926 0.137643 0.0638481
2929 0.137643 0.0638481
2932 0.137643 0.0638481
2935 0.137643 0.0638481
2938 0.137643 0.0638481
2941 0.148866 0.082076
2944 0.148866 0.082076
2947 0.148866 0.082076
2950 0.148866 0.082076
2953 0.148866 0.082076
2956 0.211709 0.102597
2959 0.211709 0.102597
2962 0.211709 0.102597
2965 0.211709 0.102597
2968 0.211709 0.102597
2971 0.295892 0.148934
2974 0.295892 0.148934
2977 0.295892 0.148934
2980 0.295892 0.148934
2983 0.295892 0.148934
2986 0.378219 0.145705
2989 0.378219 0.145705
2992 0.378219 0.145705
2995 0.378219 0.145705
2998 0.378219 0.145705
3001 0.466737 0.241792
3004 0.466737 0.241792
3007 0.466737 0.241792
3010 0.466737 0.241792
3013 0.466737 0.241792
3016 0.590758 0.322429
3019 0.590758 0.322429
3022 0.590758 0.322429
3025 0.590758 0.322429
3028 0.590758 0.322429
3031 0.663755 0.431335
3034 0.663755 0.431335
3037 0.663755 0.431335
3040 0.663755 0.431335
3043 0.663755 0.431335
3046 0.651657 0.31245
3049 0.651657 0.31245
3052 0.651657 0.31245
3055 0.651657 0.31245
3058 0.651657 0.31245
3061 0.649984 0.186614
3064 0.649984 0.186614
3067 0.649984 0.186614
3070 0.649984 0.186614
3073 0.649984 0.186614
3076 0.658614 0.177133
3079 0.658614 0.177133
3082 0.658614 0.177133
3085 0.658614 0.177133
3088 0.658614 0.177133
3091 0.681809 0.203306
3094 0.681809 0.203306
3097 0.681809 0.203306
3100 0.681809 0.203306
3103 0.681809 0.203306
3106 0.665931 0.171558
3109 0.665931 0.171558
3112 0.665931 0.171558
3115 0.665931 0.171558
3118 0.665931 0.171558
3121 0.655692 0.113686
3124 0.655692 0.113686
3127 0.655692 0.113686
3130 0.655692 0.113686
3133 0.655692 0.113686
3136 0.671096 0.11871
3139 0.671096 0.11871
3142 0.671096 0.11871
3145 0.671096 0.11871
3148 0.671096 0.11871
3151 0.663508 0.0644842
3154 0.663508 0.0644842
3157 0.663508 0.0644842
3160 0.663508 0.0644842
3163 0.663508 0.0644842
3166 0.660858 0.076497
3169 0.660858 0.076497
3172 0.660858 0.076497
3175 0.660858 0.076497
3178 0.660858 0.076497
3181 0.661247 0.0972044
3184 0.661247 0.0972044
3187 0.661247 0.0972044
3190 0.661247 0.0972044
3193 0.661247 0.0972044
3196 0.665813 0.100385
3199 0.665813 0.100385
3202 0.665813 0.100385
3205 0.665813 0.100385
3208 0.665813 0.100385
3211 0.658399 0.1088
3214 0.658399 0.1088
3217 0.658399 0.1088
3220 0.658399 0.1088
3223 0.658399 0.1088
3226 0.658691 0.0440726
3229 0.658691 0.0440726
3232 0.658691 0.0440726
3235 0.658691 0.0440726
3238 0.658691 0.0440726
3241 0.653602 0.0406126
3244 0.653602 0.0406126
3247 0.653602 0.0406126
3250 0.653602 0.0406126
3253 0.653602 0.0406126
3256 0.64996 0.0377117
3259 0.64996 0.0377117
3262 0.64996 0.0377117
3265 0.64996 0.0377117
3268 0.64996 0.0377117
3271 0.653407 0.0487481
3274 0.653407 0.0487481
3277 0.653407 0.0487481
3280 0.653407 0.0487481
3283 0.653407 0.0487481
3286 0.675622 0.0549267
3289 0.675622 0.0549267
3292 0.675622 0.0549267
3295 0.675622 0.0549267
3298 0.675622 0.0549267
3301 0.671011 0.0219634
3304 0.671011 0.0219634
3307 0.671011 0.0219634
3310 0.671011 0.0219634
3313 0.671011 0.0219634
3316 0.667191 0.0466291
3319 0.667191 0.0466291
3322 0.667191 0.0466291
3325 0.667191 0.0466291
3328 0.667191 0.0466291
3331 0.661786 0.0552589
3334 0.661786 0.0552589
3337 0.661786 0.0552589
3340 0.661786 0.0552589
3343 0.661786 0.0552589
3346 0.647768 0.0527024
3349 0.647768 0.0527024
3352 0.647768 0.0527024
3355 0.647768 0.0527024
3358 0.647768 0.0527024
3361 0.654489 0.0559193
3364 0.654489 0.0559193
3367 0.654489 0.0559193
3370 0.654489 0.0559193
3373 0.654489 0.0559193
3376 0.649716 0.0396321
3379 0.649716 0.0396321
3382 0.649716 0.0396321
3385 0.649716 0.0396321
3388 0.649716 0.0396321
3391 0.65188 0.0413054
3394 0.65188 0.0413054
3397 0.65188 0.0413054
3400 0.65188 0.0413054
3403 0.65188 0.0413054
3406 0.657584 0.0472206
3409 0.657584 0.0472206
3412 0.657584 0.0472206
3415 0.657584 0.0472206
3418 0.657584 0.0472206
3421 0.647853 0.0206831
3424 0.647853 0.0206831
3427 0.647853 0.0206831
3430 0.647853 0.0206831
3433 0.647853 0.0206831
3436 0.688178 0.0681914
3439 0.688178 0.0681914
3442 0.688178 0.0681914
3445 0.688178 0.0681914
3448 0.688178 0.0681914
3451 0.709128 0.0171096
3454 0.709128 0.0171096
3457 0.709128 0.0171096
3460 0.709128 0.0171096
3463 0.709128 0.0171096
3466 0.706726 0.0280002
3469 0.706726 0.0280002
3472 0.706726 0.0280002
3475 0.706726 0.0280002
3478 0.706726 0.0280002
3481 0.709197 0.0482538
3484 0.709197 0.0482538
3487 0.709197 0.0482538
3490 0.709197 0.0482538
3493 0.709197 0.0482538
3496 0.715732 0.0235435
3499 0.715732 0.0235435
3502 0.715732 0.0235435
3505 0.715732 0.0235435
3508 0.715732 0.0235435
3511 0.72247 0.101856
3514 0.72247 0.101856
3517 0.72247 0.101856
3520 0.72247 0.101856
3523 0.72247 0.101856
3526 0.725569 0.0147557
3529 0.725569 0.0147557
3532 0.725569 0.0147557
3535 0.725569 0.0147557
3538 0.725569 0.0147557
3541 0.717223 0.17388
3544 0.717223 0.17388
3547 0.717223 0.17388
3550 0.717223 0.17388
3553 0.717223 0.17388
3556 0.718358 0.026181
3559 0.718358 0.026181
3562 0.718358 0.026181
3565 0.718358 0.026181
3568 0.718358 0.026181
3571 0.709148 0.0337047
3574 0.709148 0.0337047
3577 0.709148 0.0337047
3580 0.709148 0.0337047
3583 0.709148 0.0337047
3586 0.709821 0.081683
3589 0.709821 0.081683
3592 0.709821 0.081683
3595 0.709821 0.081683
3598 0.709821 0.081683
3601 0.7072 0.0189936
3604 0.7072 0.0189936
3607 0.7072 0.0189936
3610 0.7072 0.0189936
3613 0.7072 0.0189936
3616 0.707094 0.0343003
3619 0.707094 0.0343003
3622 0.707094 0.0343003
3625 0.707094 0.0343003
3628 0.707094 0.0343003
3631 0.702362 0.0394458
3634 0.702362 0.0394458
3637 0.702362 0.0394458
3640 0.702362 0.0394458
3643 0.702362 0.0394458
3646 0.710891 0.0704562
3649 0.710891 0.0704562
3652 0.710891 0.0704562
3655 0.710891 0.0704562
3658 0.710891 0.0704562
3661 0.716842 0.025865
3664 0.716842 0.025865
3667 0.716842 0.025865
3670 0.716842 0.025865
3673 0.716842 0.025865
3676 0.716619 0.0455028
3679 0.716619 0.0455028
3682 0.716619 0.0455028
3685 0.716619 0.0455028
3688 0.716619 0.0455028
3691 0.715651 0.0125679
3694 0.715651 0.0125679
3697 0.715651 0.0125679
3700 0.715651 0.0125679
3703 0.715651 0.0125679
3706 0.703991 0.0814683
3709 0.703991 0.0814683
3712 0.703991 0.0814683
3715 0.703991 0.0814683
3718 0.703991 0.0814683
3721 0.694056 0.0695649
3724 0.694056 0.0695649
3727 0.694056 0.0695649
3730 0.694056 0.0695649
3733 0.694056 0.0695649
3736 0.689425 0.0703914
3739 0.689425 0.0703914
3742 0.689425 0.0703914
3745 0.689425 0.0703914
3748 0.689425 0.0703914
3751 0.684819 0.0823313
3754 0.684819 0.0823313
3757 0.684819 0.0823313
3760 0.684819 0.0823313
3763 0.684819 0.0823313
3766 0.680565 0.0770926
3769 0.680565 0.0770926
3772 0.680565 0.0770926
3775 0.680565 0.0770926
3778 0.680565 0.0770926
3781 0.682578 0.0501945
3784 0.682578 0.0501945
3787 0.682578 0.0501945
3790 0.682578 0.0501945
3793 0.682578 0.0501945
3796 0.671218 0.0350579
3799 0.671218 0.0350579
3802 0.671218 0.0350579
3805 0.671218 0.0350579
3808 0.671218 0.0350579
3811 0.699441 0.0966696
3814 0.699441 0.0966696
3817 0.699441 0.0966696
3820 0.699441 0.0966696
3823 0.699441 0.0966696
3826 0.791674 0.0960254
3829 0.791674 0.0960254
3832 0.791674 0.0960254
3835 0.791674 0.0960254
3838 0.791674 0.0960254
3841 0.797435 0.0286241
3844 0.797435 0.0286241
3847 0.797435 0.0286241
3850 0.797435 0.0286241
3853 0.797435 0.0286241
3856 0.795483 0.0322907
3859 0.795483 0.0322907
3862 0.795483 0.0322907
3865 0.795483 0.0322907
3868 0.795483 0.0322907
3871 0.793979 0.0430719
3874 0.793979 0.0430719
3877 0.793979 0.0430719
3880 0.793979 0.0430719
3883 0.793979 0.0430719
3886 0.794936 0.0476501
3889 0.794936 0.0476501
3892 0.794936 0.0476501
3895 0.794936 0.0476501
3898 0.794936 0.0476501
3901 0.792375 0.0553561
3904 0.792375 0.0553561
3907 0.792375 0.0553561
3910 0.792375 0.0553561
3913 0.792375 0.0553561
3916 0.791265 0.033887
3919 0.791265 0.033887
3922 0.791265 0.033887
3925 0.791265 0.033887
3928 0.791265 0.033887
3931 0.790807 0.0353172
3934 0.790807 0.0353172
3937 0.790807 0.0353172
3940 0.790807 0.0353172
3943 0.790807 0.0353172
3946 0.792999 0.0350053
3949 0.792999 0.0350053
3952 0.792999 0.0350053
3955 0.792999 0.0350053
3958 0.792999 0.0350053
3961 0.793473 0.025079
3964 0.793473 0.025079
3967 0.793473 0.025079
3970 0.793473 0.025079
3973 0.793473 0.025079
3976 0.79652 0.0690665
3979 0.79652 0.0690665
3982 0.79652 0.0690665
3985 0.79652 0.0690665
3988 0.79652 0.0690665
3991 0.794352 0.0227332
3994 0.794352 0.0227332
3997 0.794352 0.0227332
4000 0.794352 0.0227332
4003 0.794352 0.0227332
4006 0.793226 0.0188639
4009 0.793226 0.0188639
4012 0.793226 0.0188639
4015 0.793226 0.0188639
4018 0.793226 0.0188639
4021 0.79573 0.0686776
4024 0.79573 0.0686776
4027 0.79573 0.0686776
4030 0.79573 0.0686776
4033 0.79573 0.0686776
4036 0.795345 0.0267928
4039 0.795345 0.0267928
4042 0.795345 0.0267928
4045 0.795345 0.0267928
4048 0.795345 0.0267928
4051 0.783158 0.0370878
4054 0.783158 0.0370878
4057 0.783158 0.0370878
4060 0.783158 0.0370878
4063 0.783158 0.0370878
4066 0.788684 0.0415444
4069 0.788684 0.0415444
4072 0.788684 0.0415444
4075 0.788684 0.0415444
4078 0.788684 0.0415444
4081 0.79389 0.0550117
4084 0.79389 0.0550117
4087 0.79389 0.0550117
4090 0.79389 0.0550117
4093 0.79389 0.0550117
4096 0.795175 0.0435986
4099 0.795175 0.0435986
4102 0.795175 0.0435986
4105 0.795175 0.0435986
4108 0.795175 0.0435986
4111 0.793262 0.071935
4114 0.793262 0.071935
4117 0.793262 0.071935
4120 0.793262 0.071935
4123 0.793262 0.071935
4126 0.792991 0.0758691
4129 0.792991 0.0758691
4132 0.792991 0.0758691
4135 0.792991 0.0758691
4138 0.792991 0.0758691
4141 0.789474 0.254108
4144 0.789474 0.254108
4147 0.789474 0.254108
4150 0.789474 0.254108
4153 0.789474 0.254108
4156 0.784041 0.320967
4159 0.784041 0.320967
4162 0.784041 0.320967
4165 0.784041 0.320967
4168 0.784041 0.320967
4171 0.794186 0.355247
4174 0.794186 0.355247
4177 0.794186 0.355247
4180 0.794186 0.355247
4183 0.794186 0.355247
4186 0.800952 0.343688
4189 0.800952 0.343688
4192 0.800952 0.343688
4195 0.800952 0.343688
4198 0.800952 0.343688
4201 0.806616 0.239806
4204 0.806616 0.239806
4207 0.806616 0.239806
4210 0.806616 0.239806
4213 0.806616 0.239806
4216 0.815424 0.619877
4219 0.815424 0.619877
4222 0.815424 0.619877
4225 0.815424 0.619877
4228 0.815424 0.619877
4231 0.833543 0.493181
4234 0.833543 0.493181
4237 0.833543 0.493181
4240 0.833543 0.493181
4243 0.833543 0.493181
4246 0.83471 0.462928
4249 0.83471 0.462928
4252 0.83471 0.462928
4255 0.83471 0.462928
4258 0.83471 0.462928
4261 0.721113 0.614926
4264 0.721113 0.614926
4267 0.721113 0.614926
4270 0.721113 0.614926
4273 0.721113 0.614926
4276 0.754359 0.49874
4279 0.754359 0.49874
4282 0.754359 0.49874
4285 0.754359 0.49874
4288 0.754359 0.49874
4291 0.75645 0.427814
4294 0.75645 0.427814
4297 0.75645 0.427814
4300 0.75645 0.427814
4303 0.75645 0.427814
4306 0.694733 0.610886
4309 0.694733 0.610886
4312 0.694733 0.610886
4315 0.694733 0.610886
4318 0.694733 0.610886
4321 0.659331 0.665586
4324 0.659331 0.665586
4327 0.659331 0.665586
4330 0.659331 0.665586
4333 0.659331 0.665586
4336 0.607301 0.449818
4339 0.607301 0.449818
4342 0.607301 0.449818
4345 0.607301 0.449818
4348 0.607301 0.449818
4351 0.616575 0.633194
4354 0.616575 0.633194
4357 0.616575 0.633194
4360 0.616575 0.633194
4363 0.616575 0.633194
4366 0.607001 0.689592
4369 0.607001 0.689592
4372 0.607001 0.689592
4375 0.607001 0.689592
4378 0.607001 0.689592
4381 0.589762 0.551888
4384 0.589762 0.551888
4387 0.589762 0.551888
4390 0.589762 0.551888
4393 0.589762 0.551888
4396 0.55081 0.660793
4399 0.55081 0.660793
4402 0.55081 0.660793
4405 0.55081 0.660793
4408 0.55081 0.660793
4411 0.459934 0.482708
4414 0.459934 0.482708
4417 0.459934 0.482708
4420 0.459934 0.482708
4423 0.459934 0.482708
4426 0.508622 0.51382
4429 0.508622 0.51382
4432 0.508622 0.51382
4435 0.508622 0.51382
4438 0.508622 0.51382
4441 0.459294 0.598477
4444 0.459294 0.598477
4447 0.459294 0.598477
4450 0.459294 0.598477
4453 0.459294 0.598477
4456 0.486496 0.683802
4459 0.486496 0.683802
4462 0.486496 0.683802
4465 0.486496 0.683802
4468 0.486496 0.683802
4471 0.496888 0.464792
4474 0.496888 0.464792
4477 0.496888 0.464792
4480 0.496888 0.464792
4483 0.496888 0.464792
4486 0.458204 0.572186
4489 0.458204 0.572186
4492 0.458204 0.572186
4495 0.458204 0.572186
4498 0.458204 0.572186
4501 0.482254 0.552277
4504 0.482254 0.552277
4507 0.482254 0.552277
4510 0.482254 0.552277
4513 0.482254 0.552277
4516 0.660895 0.499044
4519 0.660895 0.499044
4522 0.660895 0.499044
4525 0.660895 0.499044
4528 0.660895 0.499044
4531 0.766636 0.466247
4534 0.766636 0.466247
4537 0.766636 0.466247
4540 0.766636 0.466247
4543 0.766636 0.466247
4546 0.733113 0.361822
4549 0.733113 0.361822
4552 0.733113 0.361822
4555 0.733113 0.361822
4558 0.733113 0.361822
4561 0.598695 0.61952
4564 0.598695 0.61952
4567 0.598695 0.61952
4570 0.598695 0.61952
4573 0.598695 0.61952
4576 0.523134 0.633543
4579 0.523134 0.633543
4582 0.523134 0.633543
4585 0.523134 0.633543
4588 0.523134 0.633543
4591 0.471121 0.600385
4594 0.471121 0.600385
4597 0.471121 0.600385
4600 0.471121 0.600385
4603 0.471121 0.600385
4606 0.488935 0.335402
4609 0.488935 0.335402
4612 0.488935 0.335402
4615 0.488935 0.335402
4618 0.488935 0.335402
4621 0.430038 0.479495
4624 0.430038 0.479495
4627 0.430038 0.479495
4630 0.430038 0.479495
4633 0.430038 0.479495
4636 0.381699 0.494073
4639 0.381699 0.494073
4642 0.381699 0.494073
4645 0.381699 0.494073
4648 0.381699 0.494073
4651 0.446961 0.540114
4654 0.446961 0.540114
4657 0.446961 0.540114
4660 0.446961 0.540114
4663 0.446961 0.540114
4666 0.416652 0.530808
4669 0.416652 0.530808
4672 0.416652 0.530808
4675 0.416652 0.530808
4678 0.416652 0.530808
4681 0.273864 0.0943076
4684 0.273864 0.0943076
4687 0.273864 0.0943076
4690 0.273864 0.0943076
4693 0.273864 0.0943076
4696 0.280277 0.508103
4699 0.280277 0.508103
4702 0.280277 0.508103
4705 0.280277 0.508103
4708 0.280277 0.508103
4711 0.313362 0.434892
4714 0.313362 0.434892
4717 0.313362 0.434892
4720 0.313362 0.434892
4723 0.313362 0.434892
4726 0.417369 0.567336
4729 0.417369 0.567336
4732 0.417369 0.567336
4735 0.417369 0.567336
4738 0.417369 0.567336
4741 0.371011 0.535564
4744 0.371011 0.535564
4747 0.371011 0.535564
4750 0.371011 0.535564
4753 0.371011 0.535564
4756 0.25737 0.551463
4759 0.25737 0.551463
4762 0.25737 0.551463
4765 0.25737 0.551463
4768 0.25737 0.551463
4771 0.149153 0.358006
4774 0.149153 0.358006
4777 0.149153 0.358006
4780 0.149153 0.358006
4783 0.149153 0.358006
4786 0.0494976 0.205243
4789 0.0494976 0.205243
4792 0.0494976 0.205243
4795 0.0494976 0.205243
4798 0.0494976 0.205243
4801 0.000299814 0.0535451
4804 0.000299814 0.0535451
4807 0.000299814 0.0535451
4810 0.000299814 0.0535451
4813 0.000299814 0.0535451
4816 9.31853e-05 0.117547
4819 9.31853e-05 0.117547
4822 9.31853e-05 0.117547
4825 9.31853e-05 0.117547
4828 9.31853e-05 0.117547
4831 4.86184e-05 0.0750952
4834 4.86184e-05 0.0750952
4837 4.86184e-05 0.0750952
4840 4.86184e-05 0.0750952
4843 4.86184e-05 0.0750952
4846 0.00134106 0.0385949
4849 0.00134106 0.0385949
4852 0.00134106 0.0385949
4855 0.00134106 0.0385949
4858 0.00134106 0.0385949
4861 0.00174621 0.0194595
4864 0.00174621 0.0194595
4867 0.00174621 0.0194595
4870 0.00174621 0.0194595
4873 0.00174621 0.0194595
4876 0.000700916 0.0102544
4879 0.000700916 0.0102544
4882 0.000700916 0.0102544
4885 0.000700916 0.0102544
4888 0.000700916 0.0102544
4891 0.000506442 0.0139981
4894 0.000506442 0.0139981
4897 0.000506442 0.0139981
4900 0.000506442 0.0139981
4903 0.000506442 0.0139981
4906 0.00827324 0.0115064
4909 0.00827324 0.0115064
4912 0.00827324 0.0115064
4915 0.00827324 0.0115064
4918 0.00827324 0.0115064
4921 0.0275545 0.0412244
4924 0.0275545 0.0412244
4927 0.0275545 0.0412244
4930 0.0275545 0.0412244
4933 0.0275545 0.0412244
4936 0.0918888 0.112827
4939 0.0918888 0.112827
4942 0.0918888 0.112827
4945 0.0918888 0.112827
4948 0.0918888 0.112827
4951 0.10707 0.186492
4954 0.10707 0.186492
4957 0.10707 0.186492
4960 0.10707 0.186492
4963 0.10707 0.186492
4966 0.0633498 0.199652
4969 0.0633498 0.199652
4972 0.0633498 0.199652
4975 0.0633498 0.199652
4978 0.0633498 0.199652
4981 0.0745564 0.16495
4984 0.0745564 0.16495
4987 0.0745564 0.16495
4990 0.0745564 0.16495
4993 0.0745564 0.16495
4996 0.0919942 0.227968
4999 0.0919942 0.227968
5002 0.0919942 0.227968
5005 0.0919942 0.227968
5008 0.0919942 0.227968
5011 0.0724658 0.214237
5014 0.0724658 0.214237
5017 0.0724658 0.214237
5020 0.0724658 0.214237
5023 0.0724658 0.214237
5026 0.0163723 0.129499
5029 0.0163723 0.129499
5032 0.0163723 0.129499
5035 0.0163723 0.129499
5038 0.0163723 0.129499
5041 0.0148853 0.0204765
5044 0.0148853 0.0204765
5047 0.0148853 0.0204765
5050 0.0148853 0.0204765
5053 0.0148853 0.0204765
5056 0.0916741 0.135828
5059 0.0916741 0.135828
5062 0.0916741 0.135828
5065 0.0916741 0.135828
5068 0.0916741 0.135828
5071 0.208293 0.26337
5074 0.208293 0.26337
5077 0.208293 0.26337
5080 0.208293 0.26337
5083 0.208293 0.26337
5086 0.199895 0.279208
5089 0.199895 0.279208
5092 0.199895 0.279208
5095 0.199895 0.279208
5098 0.199895 0.279208
5101 0.127518 0.240029
5104 0.127518 0.240029
5107 0.127518 0.240029
5110 0.127518 0.240029
5113 0.127518 0.240029
5116 0.0607204 0.171976
5119 0.0607204 0.171976
5122 0.0607204 0.171976
5125 0.0607204 0.171976
5128 0.0607204 0.171976
5131 0.00167734 0.0480431
5134 0.00167734 0.0480431
5137 0.00167734 0.0480431
5140 0.00167734 0.0480431
5143 0.00167734 0.0480431
5146 7.69792e-05 0.0145896
5149 7.69792e-05 0.0145896
5152 7.69792e-05 0.0145896
5155 7.69792e-05 0.0145896
5158 7.69792e-05 0.0145896
5161 0.000234989 0.0807593
5164 0.000234989 0.0807593
5167 0.000234989 0.0807593
5170 0.000234989 0.0807593
5173 0.000234989 0.0807593
5176 5.267e-05 0.0390284
5179 5.267e-05 0.0390284
5182 5.267e-05 0.0390284
5185 5.267e-05 0.0390284
5188 5.267e-05 0.0390284
5191 4.45669e-05 0.0899036
5194 4.45669e-05 0.0899036
5197 4.45669e-05 0.0899036
5200 4.45669e-05 0.0899036
5203 4.45669e-05 0.0899036
5206 0 0.124058
5209 0 0.124058
5212 0 0.124058
5215 0 0.124058
5218 0 0.124058
5221 0.000133701 0.0976217
5224 0.000133701 0.0976217
5227 0.000133701 0.0976217
5230 0.000133701 0.0976217
5233 0.000133701 0.0976217
5236 4.05154e-05 0.0777287
5239 4.05154e-05 0.0777287
5242 4.05154e-05 0.0777287
5245 4.05154e-05 0.0777287
5248 4.05154e-05 0.0777287
5251 9.72369e-05 0.098902
5254 9.72369e-05 0.098902
5257 9.72369e-05 0.098902
5260 9.72369e-05 0.098902
5263 9.72369e-05 0.098902
5266 0.0457499 0.0448708
5269 0.0457499 0.0448708
5272 0.0457499 0.0448708
5275 0.0457499 0.0448708
5278 0.0457499 0.0448708
5281 0.0620898 0.115128
5284 0.0620898 0.115128
5287 0.0620898 0.115128
5290 0.0620898 0.115128
5293 0.0620898 0.115128
5296 0.125075 0.177907
5299 0.125075 0.177907
5302 0.125075 0.177907
5305 0.125075 0.177907
5308 0.125075 0.177907
5311 0.173049 0.25553
5314 0.173049 0.25553
5317 0.173049 0.25553
5320 0.173049 0.25553
5323 0.173049 0.25553
5326 0.158439 0.303841
5329 0.158439 0.303841
5332 0.158439 0.303841
5335 0.158439 0.303841
5338 0.158439 0.303841
5341 0.182979 0.121222
5344 0.182979 0.121222
5347 0.182979 0.121222
5350 0.182979 0.121222
5353 0.182979 0.121222
5356 0.225679 0.168349
5359 0.225679 0.168349
5362 0.225679 0.168349
5365 0.225679 0.168349
5368 0.225679 0.168349
5371 0.245653 0.215574
5374 0.245653 0.215574
5377 0.245653 0.215574
5380 0.245653 0.215574
5383 0.245653 0.215574
5386 0.26732 0.249891
5389 0.26732 0.249891
5392 0.26732 0.249891
5395 0.26732 0.249891
5398 0.26732 0.249891
5401 0.296706 0.262511
5404 0.296706 0.262511
5407 0.296706 0.262511
5410 0.296706 0.262511
5413 0.296706 0.262511
5416 0.302228 0.236314
5419 0.302228 0.236314
5422 0.302228 0.236314
5425 0.302228 0.236314
5428 0.302228 0.236314
5431 0.356896 0.167746
5434 0.356896 0.167746
5437 0.356896 0.167746
5440 0.356896 0.167746
5443 0.356896 0.167746
5446 0.402808 0.259987
5449 0.402808 0.259987
5452 0.402808 0.259987
5455 0.402808 0.259987
5458 0.402808 0.259987
5461 0.407832 0.304991
5464 0.407832 0.304991
5467 0.407832 0.304991
5470 0.407832 0.304991
5473 0.407832 0.304991
5476 0.4003 0.204258
5479 0.4003 0.204258
5482 0.4003 0.204258
5485 0.4003 0.204258
5488 0.4003 0.204258
5491 0.467057 0.154619
5494 0.467057 0.154619
5497 0.467057 0.154619
5500 0.467057 0.154619
5503 0.467057 0.154619
5506 0.522697 0.129451
5509 0.522697 0.129451
5512 0.522697 0.129451
5515 0.522697 0.129451
5518 0.522697 0.129451
5521 0.552609 0.109602
5524 0.552609 0.109602
5527 0.552609 0.109602
5530 0.552609 0.109602
5533 0.552609 0.109602
5536 0.621392 0.165023
5539 0.621392 0.165023
5542 0.621392 0.165023
5545 0.621392 0.165023
5548 0.621392 0.165023
5551 0.661717 0.155287
5554 0.661717 0.155287
5557 0.661717 0.155287
5560 0.661717 0.155287
5563 0.661717 0.155287
5566 0.691135 0.114278
5569 0.691135 0.114278
5572 0.691135 0.114278
5575 0.691135 0.114278
5578 0.691135 0.114278
5581 0.691625 0.144441
5584 0.691625 0.144441
5587 0.691625 0.144441
5590 0.691625 0.144441
5593 0.691625 0.144441
5596 0.703314 0.180427
5599 0.703314 0.180427
5602 0.703314 0.180427
5605 0.703314 0.180427
5608 0.703314 0.180427
5611 0.69987 0.14782
5614 0.69987 0.14782
5617 0.69987 0.14782
5620 0.69987 0.14782
5623 0.69987 0.14782
5626 0.70957 0.0772182
5629 0.70957 0.0772182
5632 0.70957 0.0772182
5635 0.70957 0.0772182
5638 0.70957 0.0772182
5641 0.714529 0.0823637
5644 0.714529 0.0823637
5647 0.714529 0.0823637
5650 0.714529 0.0823637
5653 0.714529 0.0823637
5656 0.786249 0.0760635
5659 0.786249 0.0760635
5662 0.786249 0.0760635
5665 0.786249 0.0760635
5668 0.786249 0.0760635
5671 0.78445 0.0648205
5674 0.78445 0.0648205
5677 0.78445 0.0648205
5680 0.78445 0.0648205
5683 0.78445 0.0648205
5686 0.784179 0.0544769
5689 0.784179 0.0544769
5692 0.784179 0.0544769
5695 0.784179 0.0544769
5698 0.784179 0.0544769
5701 0.783932 0.0477879
5704 0.783932 0.0477879
5707 0.783932 0.0477879
5710 0.783932 0.0477879
5713 0.783932 0.0477879
5716 0.774354 0.066506
5719 0.774354 0.066506
5722 0.774354 0.066506
5725 0.774354 0.066506
5728 0.774354 0.066506
5731 0.770327 0.118669
5734 0.770327 0.118669
5737 0.770327 0.118669
