frame_number static_density dynamic_density
1 0.0700997 0.0987319
4 0.0700997 0.0987319
7 0.0700997 0.0987319
10 0.0700997 0.0987319
13 0.0700997 0.0987319
16 0.0700997 0.0987319
19 0.0700997 0.0987319
22 0.0700997 0.0987319
25 0.0700997 0.0987319
28 0.0700997 0.0987319
31 0.110684 0.16856
34 0.110684 0.16856
37 0.110684 0.16856
40 0.110684 0.16856
43 0.110684 0.16856
46 0.110684 0.16856
49 0.110684 0.16856
52 0.110684 0.16856
55 0.110684 0.16856
58 0.110684 0.16856
61 0.135078 0.137854
64 0.135078 0.137854
67 0.135078 0.137854
70 0.135078 0.137854
73 0.135078 0.137854
76 0.135078 0.137854
79 0.135078 0.137854
82 0.135078 0.137854
85 0.135078 0.137854
88 0.135078 0.137854
91 0.173543 0.10348
94 0.173543 0.10348
97 0.173543 0.10348
100 0.173543 0.10348
103 0.173543 0.10348
106 0.173543 0.10348
109 0.173543 0.10348
112 0.173543 0.10348
115 0.173543 0.10348
118 0.173543 0.10348
121 0.197354 0.175427
124 0.197354 0.175427
127 0.197354 0.175427
130 0.197354 0.175427
133 0.197354 0.175427
136 0.197354 0.175427
139 0.197354 0.175427
142 0.197354 0.175427
145 0.197354 0.175427
148 0.197354 0.175427
151 0.215347 0.226833
154 0.215347 0.226833
157 0.215347 0.226833
160 0.215347 0.226833
163 0.215347 0.226833
166 0.215347 0.226833
169 0.215347 0.226833
172 0.215347 0.226833
175 0.215347 0.226833
178 0.215347 0.226833
181 0.197982 0.150976
184 0.197982 0.150976
187 0.197982 0.150976
190 0.197982 0.150976
193 0.197982 0.150976
196 0.197982 0.150976
199 0.197982 0.150976
202 0.197982 0.150976
205 0.197982 0.150976
208 0.197982 0.150976
211 0.196637 0.0714448
214 0.196637 0.0714448
217 0.196637 0.0714448
220 0.196637 0.0714448
223 0.196637 0.0714448
226 0.196637 0.0714448
229 0.196637 0.0714448
232 0.196637 0.0714448
235 0.196637 0.0714448
238 0.196637 0.0714448
241 0.195713 0.0514302
244 0.195713 0.0514302
247 0.195713 0.0514302
250 0.195713 0.0514302
253 0.195713 0.0514302
256 0.195713 0.0514302
259 0.195713 0.0514302
262 0.195713 0.0514302
265 0.195713 0.0514302
268 0.195713 0.0514302
271 0.192991 0.049372
274 0.192991 0.049372
277 0.192991 0.049372
280 0.192991 0.049372
283 0.192991 0.049372
286 0.192991 0.049372
289 0.192991 0.049372
292 0.192991 0.049372
295 0.192991 0.049372
298 0.192991 0.049372
301 0.199955 0.0463577
304 0.199955 0.0463577
307 0.199955 0.0463577
310 0.199955 0.0463577
313 0.199955 0.0463577
316 0.199955 0.0463577
319 0.199955 0.0463577
322 0.199955 0.0463577
325 0.199955 0.0463577
328 0.199955 0.0463577
331 0.196216 0.0657159
334 0.196216 0.0657159
337 0.196216 0.0657159
340 0.196216 0.0657159
343 0.196216 0.0657159
346 0.196216 0.0657159
349 0.196216 0.0657159
352 0.196216 0.0657159
355 0.196216 0.0657159
358 0.196216 0.0657159
361 0.200912 0.0273519
364 0.200912 0.0273519
367 0.200912 0.0273519
370 0.200912 0.0273519
373 0.200912 0.0273519
376 0.200912 0.0273519
379 0.200912 0.0273519
382 0.200912 0.0273519
385 0.200912 0.0273519
388 0.200912 0.0273519
391 0.2072 0.0563326
394 0.2072 0.0563326
397 0.2072 0.0563326
400 0.2072 0.0563326
403 0.2072 0.0563326
406 0.2072 0.0563326
409 0.2072 0.0563326
412 0.2072 0.0563326
415 0.2072 0.0563326
418 0.2072 0.0563326
421 0.271668 0.113074
424 0.271668 0.113074
427 0.271668 0.113074
430 0.271668 0.113074
433 0.271668 0.113074
436 0.271668 0.113074
439 0.271668 0.113074
442 0.271668 0.113074
445 0.271668 0.113074
448 0.271668 0.113074
451 0.351613 0.219921
454 0.351613 0.219921
457 0.351613 0.219921
460 0.351613 0.219921
463 0.351613 0.219921
466 0.351613 0.219921
469 0.351613 0.219921
472 0.351613 0.219921
475 0.351613 0.219921
478 0.351613 0.219921
481 0.369168 0.296986
484 0.369168 0.296986
487 0.369168 0.296986
490 0.369168 0.296986
493 0.369168 0.296986
496 0.369168 0.296986
499 0.369168 0.296986
502 0.369168 0.296986
505 0.369168 0.296986
508 0.369168 0.296986
511 0.414987 0.332145
514 0.414987 0.332145
517 0.414987 0.332145
520 0.414987 0.332145
523 0.414987 0.332145
526 0.414987 0.332145
529 0.414987 0.332145
532 0.414987 0.332145
535 0.414987 0.332145
538 0.414987 0.332145
541 0.477761 0.155599
544 0.477761 0.155599
547 0.477761 0.155599
550 0.477761 0.155599
553 0.477761 0.155599
556 0.477761 0.155599
559 0.477761 0.155599
562 0.477761 0.155599
565 0.477761 0.155599
568 0.477761 0.155599
571 0.466842 0.155551
574 0.466842 0.155551
577 0.466842 0.155551
580 0.466842 0.155551
583 0.466842 0.155551
586 0.466842 0.155551
589 0.466842 0.155551
592 0.466842 0.155551
595 0.466842 0.155551
598 0.466842 0.155551
601 0.544166 0.0699579
604 0.544166 0.0699579
607 0.544166 0.0699579
610 0.544166 0.0699579
613 0.544166 0.0699579
616 0.544166 0.0699579
619 0.544166 0.0699579
622 0.544166 0.0699579
625 0.544166 0.0699579
628 0.544166 0.0699579
631 0.615149 0.128065
634 0.615149 0.128065
637 0.615149 0.128065
640 0.615149 0.128065
643 0.615149 0.128065
646 0.615149 0.128065
649 0.615149 0.128065
652 0.615149 0.128065
655 0.615149 0.128065
658 0.615149 0.128065
661 0.623418 0.15201
664 0.623418 0.15201
667 0.623418 0.15201
670 0.623418 0.15201
673 0.623418 0.15201
676 0.623418 0.15201
679 0.623418 0.15201
682 0.623418 0.15201
685 0.623418 0.15201
688 0.623418 0.15201
691 0.629738 0.108666
694 0.629738 0.108666
697 0.629738 0.108666
700 0.629738 0.108666
703 0.629738 0.108666
706 0.629738 0.108666
709 0.629738 0.108666
712 0.629738 0.108666
715 0.629738 0.108666
718 0.629738 0.108666
721 0.642711 0.124836
724 0.642711 0.124836
727 0.642711 0.124836
730 0.642711 0.124836
733 0.642711 0.124836
736 0.642711 0.124836
739 0.642711 0.124836
742 0.642711 0.124836
745 0.642711 0.124836
748 0.642711 0.124836
751 0.653561 0.119354
754 0.653561 0.119354
757 0.653561 0.119354
760 0.653561 0.119354
763 0.653561 0.119354
766 0.653561 0.119354
769 0.653561 0.119354
772 0.653561 0.119354
775 0.653561 0.119354
778 0.653561 0.119354
781 0.662037 0.106227
784 0.662037 0.106227
787 0.662037 0.106227
790 0.662037 0.106227
793 0.662037 0.106227
796 0.662037 0.106227
799 0.662037 0.106227
802 0.662037 0.106227
805 0.662037 0.106227
808 0.662037 0.106227
811 0.653675 0.0444778
814 0.653675 0.0444778
817 0.653675 0.0444778
820 0.653675 0.0444778
823 0.653675 0.0444778
826 0.653675 0.0444778
829 0.653675 0.0444778
832 0.653675 0.0444778
835 0.653675 0.0444778
838 0.653675 0.0444778
841 0.763317 0.0823434
844 0.763317 0.0823434
847 0.763317 0.0823434
850 0.763317 0.0823434
853 0.763317 0.0823434
856 0.763317 0.0823434
859 0.763317 0.0823434
862 0.763317 0.0823434
865 0.763317 0.0823434
868 0.763317 0.0823434
871 0.777636 0.0537315
874 0.777636 0.0537315
877 0.777636 0.0537315
880 0.777636 0.0537315
883 0.777636 0.0537315
886 0.777636 0.0537315
889 0.777636 0.0537315
892 0.777636 0.0537315
895 0.777636 0.0537315
898 0.777636 0.0537315
901 0.772429 0.04701
904 0.772429 0.04701
907 0.772429 0.04701
910 0.772429 0.04701
913 0.772429 0.04701
916 0.772429 0.04701
919 0.772429 0.04701
922 0.772429 0.04701
925 0.772429 0.04701
928 0.772429 0.04701
931 0.771899 0.0282919
934 0.771899 0.0282919
937 0.771899 0.0282919
940 0.771899 0.0282919
943 0.771899 0.0282919
946 0.771899 0.0282919
949 0.771899 0.0282919
952 0.771899 0.0282919
955 0.771899 0.0282919
958 0.771899 0.0282919
961 0.776132 0.0381493
964 0.776132 0.0381493
967 0.776132 0.0381493
970 0.776132 0.0381493
973 0.776132 0.0381493
976 0.776132 0.0381493
979 0.776132 0.0381493
982 0.776132 0.0381493
985 0.776132 0.0381493
988 0.776132 0.0381493
991 0.761425 0.0469168
994 0.761425 0.0469168
997 0.761425 0.0469168
1000 0.761425 0.0469168
1003 0.761425 0.0469168
1006 0.761425 0.0469168
1009 0.761425 0.0469168
1012 0.761425 0.0469168
1015 0.761425 0.0469168
1018 0.761425 0.0469168
1021 0.753189 0.0441172
1024 0.753189 0.0441172
1027 0.753189 0.0441172
1030 0.753189 0.0441172
1033 0.753189 0.0441172
1036 0.753189 0.0441172
1039 0.753189 0.0441172
1042 0.753189 0.0441172
1045 0.753189 0.0441172
1048 0.753189 0.0441172
1051 0.758156 0.0610972
1054 0.758156 0.0610972
1057 0.758156 0.0610972
1060 0.758156 0.0610972
1063 0.758156 0.0610972
1066 0.758156 0.0610972
1069 0.758156 0.0610972
1072 0.758156 0.0610972
1075 0.758156 0.0610972
1078 0.758156 0.0610972
1081 0.752212 0.0496961
1084 0.752212 0.0496961
1087 0.752212 0.0496961
1090 0.752212 0.0496961
1093 0.752212 0.0496961
1096 0.752212 0.0496961
1099 0.752212 0.0496961
1102 0.752212 0.0496961
1105 0.752212 0.0496961
1108 0.752212 0.0496961
1111 0.757674 0.0631027
1114 0.757674 0.0631027
1117 0.757674 0.0631027
1120 0.757674 0.0631027
1123 0.757674 0.0631027
1126 0.757674 0.0631027
1129 0.757674 0.0631027
1132 0.757674 0.0631027
1135 0.757674 0.0631027
1138 0.757674 0.0631027
1141 0.76525 0.0505956
1144 0.76525 0.0505956
1147 0.76525 0.0505956
1150 0.76525 0.0505956
1153 0.76525 0.0505956
1156 0.76525 0.0505956
1159 0.76525 0.0505956
1162 0.76525 0.0505956
1165 0.76525 0.0505956
1168 0.76525 0.0505956
1171 0.755737 0.0495462
1174 0.755737 0.0495462
1177 0.755737 0.0495462
1180 0.755737 0.0495462
1183 0.755737 0.0495462
1186 0.755737 0.0495462
1189 0.755737 0.0495462
1192 0.755737 0.0495462
1195 0.755737 0.0495462
1198 0.755737 0.0495462
1201 0.76935 0.0346406
1204 0.76935 0.0346406
1207 0.76935 0.0346406
1210 0.76935 0.0346406
1213 0.76935 0.0346406
1216 0.76935 0.0346406
1219 0.76935 0.0346406
1222 0.76935 0.0346406
1225 0.76935 0.0346406
1228 0.76935 0.0346406
1231 0.766846 0.0347905
1234 0.766846 0.0347905
1237 0.766846 0.0347905
1240 0.766846 0.0347905
1243 0.766846 0.0347905
1246 0.766846 0.0347905
1249 0.766846 0.0347905
1252 0.766846 0.0347905
1255 0.766846 0.0347905
1258 0.766846 0.0347905
1261 0.755077 0.0542055
1264 0.755077 0.0542055
1267 0.755077 0.0542055
1270 0.755077 0.0542055
1273 0.755077 0.0542055
1276 0.755077 0.0542055
1279 0.755077 0.0542055
1282 0.755077 0.0542055
1285 0.755077 0.0542055
1288 0.755077 0.0542055
1291 0.74902 0.0859979
1294 0.74902 0.0859979
1297 0.74902 0.0859979
1300 0.74902 0.0859979
1303 0.74902 0.0859979
1306 0.74902 0.0859979
1309 0.74902 0.0859979
1312 0.74902 0.0859979
1315 0.74902 0.0859979
1318 0.74902 0.0859979
1321 0.73272 0.0363868
1324 0.73272 0.0363868
1327 0.73272 0.0363868
1330 0.73272 0.0363868
1333 0.73272 0.0363868
1336 0.73272 0.0363868
1339 0.73272 0.0363868
1342 0.73272 0.0363868
1345 0.73272 0.0363868
1348 0.73272 0.0363868
1351 0.727437 0.050867
1354 0.727437 0.050867
1357 0.727437 0.050867
1360 0.727437 0.050867
1363 0.727437 0.050867
1366 0.727437 0.050867
1369 0.727437 0.050867
1372 0.727437 0.050867
1375 0.727437 0.050867
1378 0.727437 0.050867
1381 0.731622 0.049761
1384 0.731622 0.049761
1387 0.731622 0.049761
1390 0.731622 0.049761
1393 0.731622 0.049761
1396 0.731622 0.049761
1399 0.731622 0.049761
1402 0.731622 0.049761
1405 0.731622 0.049761
1408 0.731622 0.049761
1411 0.755336 0.0435297
1414 0.755336 0.0435297
1417 0.755336 0.0435297
1420 0.755336 0.0435297
1423 0.755336 0.0435297
1426 0.755336 0.0435297
1429 0.755336 0.0435297
1432 0.755336 0.0435297
1435 0.755336 0.0435297
1438 0.755336 0.0435297
1441 0.760242 0.277664
1444 0.760242 0.277664
1447 0.760242 0.277664
1450 0.760242 0.277664
1453 0.760242 0.277664
1456 0.760242 0.277664
1459 0.760242 0.277664
1462 0.760242 0.277664
1465 0.760242 0.277664
1468 0.760242 0.277664
1471 0.798776 0.361296
1474 0.798776 0.361296
1477 0.798776 0.361296
1480 0.798776 0.361296
1483 0.798776 0.361296
1486 0.798776 0.361296
1489 0.798776 0.361296
1492 0.798776 0.361296
1495 0.798776 0.361296
1498 0.798776 0.361296
1501 0.834957 0.605506
1504 0.834957 0.605506
1507 0.834957 0.605506
1510 0.834957 0.605506
1513 0.834957 0.605506
1516 0.834957 0.605506
1519 0.834957 0.605506
1522 0.834957 0.605506
1525 0.834957 0.605506
1528 0.834957 0.605506
1531 0.822924 0.641289
1534 0.822924 0.641289
1537 0.822924 0.641289
1540 0.822924 0.641289
1543 0.822924 0.641289
1546 0.822924 0.641289
1549 0.822924 0.641289
1552 0.822924 0.641289
1555 0.822924 0.641289
1558 0.822924 0.641289
1561 0.752123 0.659554
1564 0.752123 0.659554
1567 0.752123 0.659554
1570 0.752123 0.659554
1573 0.752123 0.659554
1576 0.752123 0.659554
1579 0.752123 0.659554
1582 0.752123 0.659554
1585 0.752123 0.659554
1588 0.752123 0.659554
1591 0.759408 0.725845
1594 0.759408 0.725845
1597 0.759408 0.725845
1600 0.759408 0.725845
1603 0.759408 0.725845
1606 0.759408 0.725845
1609 0.759408 0.725845
1612 0.759408 0.725845
1615 0.759408 0.725845
1618 0.759408 0.725845
1621 0.707499 0.606114
1624 0.707499 0.606114
1627 0.707499 0.606114
1630 0.707499 0.606114
1633 0.707499 0.606114
1636 0.707499 0.606114
1639 0.707499 0.606114
1642 0.707499 0.606114
1645 0.707499 0.606114
1648 0.707499 0.606114
1651 0.706146 0.744745
1654 0.706146 0.744745
1657 0.706146 0.744745
1660 0.706146 0.744745
1663 0.706146 0.744745
1666 0.706146 0.744745
1669 0.706146 0.744745
1672 0.706146 0.744745
1675 0.706146 0.744745
1678 0.706146 0.744745
1681 0.724483 0.67975
1684 0.724483 0.67975
1687 0.724483 0.67975
1690 0.724483 0.67975
1693 0.724483 0.67975
1696 0.724483 0.67975
1699 0.724483 0.67975
1702 0.724483 0.67975
1705 0.724483 0.67975
1708 0.724483 0.67975
1711 0.69419 0.600993
1714 0.69419 0.600993
1717 0.69419 0.600993
1720 0.69419 0.600993
1723 0.69419 0.600993
1726 0.69419 0.600993
1729 0.69419 0.600993
1732 0.69419 0.600993
1735 0.69419 0.600993
1738 0.69419 0.600993
1741 0.486152 0.541581
1744 0.486152 0.541581
1747 0.486152 0.541581
1750 0.486152 0.541581
1753 0.486152 0.541581
1756 0.486152 0.541581
1759 0.486152 0.541581
1762 0.486152 0.541581
1765 0.486152 0.541581
1768 0.486152 0.541581
1771 0.375063 0.560019
1774 0.375063 0.560019
1777 0.375063 0.560019
1780 0.375063 0.560019
1783 0.375063 0.560019
1786 0.375063 0.560019
1789 0.375063 0.560019
1792 0.375063 0.560019
1795 0.375063 0.560019
1798 0.375063 0.560019
1801 0.323138 0.400377
1804 0.323138 0.400377
1807 0.323138 0.400377
1810 0.323138 0.400377
1813 0.323138 0.400377
1816 0.323138 0.400377
1819 0.323138 0.400377
1822 0.323138 0.400377
1825 0.323138 0.400377
1828 0.323138 0.400377
1831 0.262961 0.470736
1834 0.262961 0.470736
1837 0.262961 0.470736
1840 0.262961 0.470736
1843 0.262961 0.470736
1846 0.262961 0.470736
1849 0.262961 0.470736
1852 0.262961 0.470736
1855 0.262961 0.470736
1858 0.262961 0.470736
1861 0.151754 0.377129
1864 0.151754 0.377129
1867 0.151754 0.377129
1870 0.151754 0.377129
1873 0.151754 0.377129
1876 0.151754 0.377129
1879 0.151754 0.377129
1882 0.151754 0.377129
1885 0.151754 0.377129
1888 0.151754 0.377129
1891 0.272028 0.378264
1894 0.272028 0.378264
1897 0.272028 0.378264
1900 0.272028 0.378264
1903 0.272028 0.378264
1906 0.272028 0.378264
1909 0.272028 0.378264
1912 0.272028 0.378264
1915 0.272028 0.378264
1918 0.272028 0.378264
1921 0.35767 0.487234
1924 0.35767 0.487234
1927 0.35767 0.487234
1930 0.35767 0.487234
1933 0.35767 0.487234
1936 0.35767 0.487234
1939 0.35767 0.487234
1942 0.35767 0.487234
1945 0.35767 0.487234
1948 0.35767 0.487234
1951 0.188672 0.333761
1954 0.188672 0.333761
1957 0.188672 0.333761
1960 0.188672 0.333761
1963 0.188672 0.333761
1966 0.188672 0.333761
1969 0.188672 0.333761
1972 0.188672 0.333761
1975 0.188672 0.333761
1978 0.188672 0.333761
1981 0.00737379 0.164468
1984 0.00737379 0.164468
1987 0.00737379 0.164468
1990 0.00737379 0.164468
1993 0.00737379 0.164468
1996 0.00737379 0.164468
1999 0.00737379 0.164468
2002 0.00737379 0.164468
2005 0.00737379 0.164468
2008 0.00737379 0.164468
2011 0.148023 0.125314
2014 0.148023 0.125314
2017 0.148023 0.125314
2020 0.148023 0.125314
2023 0.148023 0.125314
2026 0.148023 0.125314
2029 0.148023 0.125314
2032 0.148023 0.125314
2035 0.148023 0.125314
2038 0.148023 0.125314
2041 0.279556 0.311652
2044 0.279556 0.311652
2047 0.279556 0.311652
2050 0.279556 0.311652
2053 0.279556 0.311652
2056 0.279556 0.311652
2059 0.279556 0.311652
2062 0.279556 0.311652
2065 0.279556 0.311652
2068 0.279556 0.311652
2071 0.0625881 0.271262
2074 0.0625881 0.271262
2077 0.0625881 0.271262
2080 0.0625881 0.271262
2083 0.0625881 0.271262
2086 0.0625881 0.271262
2089 0.0625881 0.271262
2092 0.0625881 0.271262
2095 0.0625881 0.271262
2098 0.0625881 0.271262
2101 0.0270805 0.0884086
2104 0.0270805 0.0884086
2107 0.0270805 0.0884086
2110 0.0270805 0.0884086
2113 0.0270805 0.0884086
2116 0.0270805 0.0884086
2119 0.0270805 0.0884086
2122 0.0270805 0.0884086
2125 0.0270805 0.0884086
2128 0.0270805 0.0884086
2131 0.325987 0.212552
2134 0.325987 0.212552
2137 0.325987 0.212552
2140 0.325987 0.212552
2143 0.325987 0.212552
2146 0.325987 0.212552
2149 0.325987 0.212552
2152 0.325987 0.212552
2155 0.325987 0.212552
2158 0.325987 0.212552
2161 0.287355 0.266222
2164 0.287355 0.266222
2167 0.287355 0.266222
2170 0.287355 0.266222
2173 0.287355 0.266222
2176 0.287355 0.266222
2179 0.287355 0.266222
2182 0.287355 0.266222
2185 0.287355 0.266222
2188 0.287355 0.266222
2191 0.0735354 0.192987
2194 0.0735354 0.192987
2197 0.0735354 0.192987
2200 0.0735354 0.192987
2203 0.0735354 0.192987
2206 0.0735354 0.192987
2209 0.0735354 0.192987
2212 0.0735354 0.192987
2215 0.0735354 0.192987
2218 0.0735354 0.192987
2221 0.00116279 0.0304189
2224 0.00116279 0.0304189
2227 0.00116279 0.0304189
2230 0.00116279 0.0304189
2233 0.00116279 0.0304189
2236 0.00116279 0.0304189
2239 0.00116279 0.0304189
2242 0.00116279 0.0304189
2245 0.00116279 0.0304189
2248 0.00116279 0.0304189
2251 0.00290495 0.00953731
2254 0.00290495 0.00953731
2257 0.00290495 0.00953731
2260 0.00290495 0.00953731
2263 0.00290495 0.00953731
2266 0.00290495 0.00953731
2269 0.00290495 0.00953731
2272 0.00290495 0.00953731
2275 0.00290495 0.00953731
2278 0.00290495 0.00953731
2281 0.0752289 0.113439
2284 0.0752289 0.113439
2287 0.0752289 0.113439
2290 0.0752289 0.113439
2293 0.0752289 0.113439
2296 0.0752289 0.113439
2299 0.0752289 0.113439
2302 0.0752289 0.113439
2305 0.0752289 0.113439
2308 0.0752289 0.113439
2311 0.0915931 0.158217
2314 0.0915931 0.158217
2317 0.0915931 0.158217
2320 0.0915931 0.158217
2323 0.0915931 0.158217
2326 0.0915931 0.158217
2329 0.0915931 0.158217
2332 0.0915931 0.158217
2335 0.0915931 0.158217
2338 0.0915931 0.158217
2341 0.0245158 0.157803
2344 0.0245158 0.157803
2347 0.0245158 0.157803
2350 0.0245158 0.157803
2353 0.0245158 0.157803
2356 0.0245158 0.157803
2359 0.0245158 0.157803
2362 0.0245158 0.157803
2365 0.0245158 0.157803
2368 0.0245158 0.157803
2371 0.0137307 0.119893
2374 0.0137307 0.119893
2377 0.0137307 0.119893
2380 0.0137307 0.119893
2383 0.0137307 0.119893
2386 0.0137307 0.119893
2389 0.0137307 0.119893
2392 0.0137307 0.119893
2395 0.0137307 0.119893
2398 0.0137307 0.119893
2401 0.0686614 0.0728871
2404 0.0686614 0.0728871
2407 0.0686614 0.0728871
2410 0.0686614 0.0728871
2413 0.0686614 0.0728871
2416 0.0686614 0.0728871
2419 0.0686614 0.0728871
2422 0.0686614 0.0728871
2425 0.0686614 0.0728871
2428 0.0686614 0.0728871
2431 0.00369095 0.138368
2434 0.00369095 0.138368
2437 0.00369095 0.138368
2440 0.00369095 0.138368
2443 0.00369095 0.138368
2446 0.00369095 0.138368
2449 0.00369095 0.138368
2452 0.00369095 0.138368
2455 0.00369095 0.138368
2458 0.00369095 0.138368
2461 0.0584393 0.0472166
2464 0.0584393 0.0472166
2467 0.0584393 0.0472166
2470 0.0584393 0.0472166
2473 0.0584393 0.0472166
2476 0.0584393 0.0472166
2479 0.0584393 0.0472166
2482 0.0584393 0.0472166
2485 0.0584393 0.0472166
2488 0.0584393 0.0472166
2491 0.013366 0.0551252
2494 0.013366 0.0551252
2497 0.013366 0.0551252
2500 0.013366 0.0551252
2503 0.013366 0.0551252
2506 0.013366 0.0551252
2509 0.013366 0.0551252
2512 0.013366 0.0551252
2515 0.013366 0.0551252
2518 0.013366 0.0551252
2521 0.0587635 0.0813994
2524 0.0587635 0.0813994
2527 0.0587635 0.0813994
2530 0.0587635 0.0813994
2533 0.0587635 0.0813994
2536 0.0587635 0.0813994
2539 0.0587635 0.0813994
2542 0.0587635 0.0813994
2545 0.0587635 0.0813994
2548 0.0587635 0.0813994
2551 0.0743173 0.166376
2554 0.0743173 0.166376
2557 0.0743173 0.166376
2560 0.0743173 0.166376
2563 0.0743173 0.166376
2566 0.0743173 0.166376
2569 0.0743173 0.166376
2572 0.0743173 0.166376
2575 0.0743173 0.166376
2578 0.0743173 0.166376
2581 0.000542906 0.0993193
2584 0.000542906 0.0993193
2587 0.000542906 0.0993193
2590 0.000542906 0.0993193
2593 0.000542906 0.0993193
2596 0.000542906 0.0993193
2599 0.000542906 0.0993193
2602 0.000542906 0.0993193
2605 0.000542906 0.0993193
2608 0.000542906 0.0993193
2611 0.000822462 0.093473
2614 0.000822462 0.093473
2617 0.000822462 0.093473
2620 0.000822462 0.093473
2623 0.000822462 0.093473
2626 0.000822462 0.093473
2629 0.000822462 0.093473
2632 0.000822462 0.093473
2635 0.000822462 0.093473
2638 0.000822462 0.093473
2641 0.0710275 0.0724658
2644 0.0710275 0.0724658
2647 0.0710275 0.0724658
2650 0.0710275 0.0724658
2653 0.0710275 0.0724658
2656 0.0710275 0.0724658
2659 0.0710275 0.0724658
2662 0.0710275 0.0724658
2665 0.0710275 0.0724658
2668 0.0710275 0.0724658
2671 0.154744 0.246815
2674 0.154744 0.246815
2677 0.154744 0.246815
2680 0.154744 0.246815
2683 0.154744 0.246815
2686 0.154744 0.246815
2689 0.154744 0.246815
2692 0.154744 0.246815
2695 0.154744 0.246815
2698 0.154744 0.246815
2701 0.0647922 0.252605
2704 0.0647922 0.252605
2707 0.0647922 0.252605
2710 0.0647922 0.252605
2713 0.0647922 0.252605
2716 0.0647922 0.252605
2719 0.0647922 0.252605
2722 0.0647922 0.252605
2725 0.0647922 0.252605
2728 0.0647922 0.252605
2731 0.0655214 0.110056
2734 0.0655214 0.110056
2737 0.0655214 0.110056
2740 0.0655214 0.110056
2743 0.0655214 0.110056
2746 0.0655214 0.110056
2749 0.0655214 0.110056
2752 0.0655214 0.110056
2755 0.0655214 0.110056
2758 0.0655214 0.110056
2761 0.102281 0.157836
2764 0.102281 0.157836
2767 0.102281 0.157836
2770 0.102281 0.157836
2773 0.102281 0.157836
2776 0.102281 0.157836
2779 0.102281 0.157836
2782 0.102281 0.157836
2785 0.102281 0.157836
2788 0.102281 0.157836
2791 0.118977 0.203253
2794 0.118977 0.203253
2797 0.118977 0.203253
2800 0.118977 0.203253
2803 0.118977 0.203253
2806 0.118977 0.203253
2809 0.118977 0.203253
2812 0.118977 0.203253
2815 0.118977 0.203253
2818 0.118977 0.203253
2821 0.124086 0.197217
2824 0.124086 0.197217
2827 0.124086 0.197217
2830 0.124086 0.197217
2833 0.124086 0.197217
2836 0.124086 0.197217
2839 0.124086 0.197217
2842 0.124086 0.197217
2845 0.124086 0.197217
2848 0.124086 0.197217
2851 0.130998 0.0461024
2854 0.130998 0.0461024
2857 0.130998 0.0461024
2860 0.130998 0.0461024
2863 0.130998 0.0461024
2866 0.130998 0.0461024
2869 0.130998 0.0461024
2872 0.130998 0.0461024
2875 0.130998 0.0461024
2878 0.130998 0.0461024
2881 0.13016 0.0673325
2884 0.13016 0.0673325
2887 0.13016 0.0673325
2890 0.13016 0.0673325
2893 0.13016 0.0673325
2896 0.13016 0.0673325
2899 0.13016 0.0673325
2902 0.13016 0.0673325
2905 0.13016 0.0673325
2908 0.13016 0.0673325
2911 0.137979 0.104927
2914 0.137979 0.104927
2917 0.137979 0.104927
2920 0.137979 0.104927
2923 0.137979 0.104927
2926 0.137979 0.104927
2929 0.137979 0.104927
2932 0.137979 0.104927
2935 0.137979 0.104927
2938 0.137979 0.104927
2941 0.148866 0.0899806
2944 0.148866 0.0899806
2947 0.148866 0.0899806
2950 0.148866 0.0899806
2953 0.148866 0.0899806
2956 0.148866 0.0899806
2959 0.148866 0.0899806
2962 0.148866 0.0899806
2965 0.148866 0.0899806
2968 0.148866 0.0899806
2971 0.295892 0.119314
2974 0.295892 0.119314
2977 0.295892 0.119314
2980 0.295892 0.119314
2983 0.295892 0.119314
2986 0.295892 0.119314
2989 0.295892 0.119314
2992 0.295892 0.119314
2995 0.295892 0.119314
2998 0.295892 0.119314
3001 0.466737 0.241216
3004 0.466737 0.241216
3007 0.466737 0.241216
3010 0.466737 0.241216
3013 0.466737 0.241216
3016 0.466737 0.241216
3019 0.466737 0.241216
3022 0.466737 0.241216
3025 0.466737 0.241216
3028 0.466737 0.241216
3031 0.663755 0.293619
3034 0.663755 0.293619
3037 0.663755 0.293619
3040 0.663755 0.293619
3043 0.663755 0.293619
3046 0.663755 0.293619
3049 0.663755 0.293619
3052 0.663755 0.293619
3055 0.663755 0.293619
3058 0.663755 0.293619
3061 0.649984 0.451155
3064 0.649984 0.451155
3067 0.649984 0.451155
3070 0.649984 0.451155
3073 0.649984 0.451155
3076 0.649984 0.451155
3079 0.649984 0.451155
3082 0.649984 0.451155
3085 0.649984 0.451155
3088 0.649984 0.451155
3091 0.681809 0.20329
3094 0.681809 0.20329
3097 0.681809 0.20329
3100 0.681809 0.20329
3103 0.681809 0.20329
3106 0.681809 0.20329
3109 0.681809 0.20329
3112 0.681809 0.20329
3115 0.681809 0.20329
3118 0.681809 0.20329
3121 0.655692 0.197735
3124 0.655692 0.197735
3127 0.655692 0.197735
3130 0.655692 0.197735
3133 0.655692 0.197735
3136 0.655692 0.197735
3139 0.655692 0.197735
3142 0.655692 0.197735
3145 0.655692 0.197735
3148 0.655692 0.197735
3151 0.663508 0.138891
3154 0.663508 0.138891
3157 0.663508 0.138891
3160 0.663508 0.138891
3163 0.663508 0.138891
3166 0.663508 0.138891
3169 0.663508 0.138891
3172 0.663508 0.138891
3175 0.663508 0.138891
3178 0.663508 0.138891
3181 0.661247 0.0993193
3184 0.661247 0.0993193
3187 0.661247 0.0993193
3190 0.661247 0.0993193
3193 0.661247 0.0993193
3196 0.661247 0.0993193
3199 0.661247 0.0993193
3202 0.661247 0.0993193
3205 0.661247 0.0993193
3208 0.661247 0.0993193
3211 0.658399 0.109772
3214 0.658399 0.109772
3217 0.658399 0.109772
3220 0.658399 0.109772
3223 0.658399 0.109772
3226 0.658399 0.109772
3229 0.658399 0.109772
3232 0.658399 0.109772
3235 0.658399 0.109772
3238 0.658399 0.109772
3241 0.653602 0.0812576
3244 0.653602 0.0812576
3247 0.653602 0.0812576
3250 0.653602 0.0812576
3253 0.653602 0.0812576
3256 0.653602 0.0812576
3259 0.653602 0.0812576
3262 0.653602 0.0812576
3265 0.653602 0.0812576
3268 0.653602 0.0812576
3271 0.653407 0.0621911
3274 0.653407 0.0621911
3277 0.653407 0.0621911
3280 0.653407 0.0621911
3283 0.653407 0.0621911
3286 0.653407 0.0621911
3289 0.653407 0.0621911
3292 0.653407 0.0621911
3295 0.653407 0.0621911
3298 0.653407 0.0621911
3301 0.671011 0.0374889
3304 0.671011 0.0374889
3307 0.671011 0.0374889
3310 0.671011 0.0374889
3313 0.671011 0.0374889
3316 0.671011 0.0374889
3319 0.671011 0.0374889
3322 0.671011 0.0374889
3325 0.671011 0.0374889
3328 0.671011 0.0374889
3331 0.661786 0.050316
3334 0.661786 0.050316
3337 0.661786 0.050316
3340 0.661786 0.050316
3343 0.661786 0.050316
3346 0.661786 0.050316
3349 0.661786 0.050316
3352 0.661786 0.050316
3355 0.661786 0.050316
3358 0.661786 0.050316
3361 0.654489 0.05739
3364 0.654489 0.05739
3367 0.654489 0.05739
3370 0.654489 0.05739
3373 0.654489 0.05739
3376 0.654489 0.05739
3379 0.654489 0.05739
3382 0.654489 0.05739
3385 0.654489 0.05739
3388 0.654489 0.05739
3391 0.65188 0.035532
3394 0.65188 0.035532
3397 0.65188 0.035532
3400 0.65188 0.035532
3403 0.65188 0.035532
3406 0.65188 0.035532
3409 0.65188 0.035532
3412 0.65188 0.035532
3415 0.65188 0.035532
3418 0.65188 0.035532
3421 0.647853 0.0403898
3424 0.647853 0.0403898
3427 0.647853 0.0403898
3430 0.647853 0.0403898
3433 0.647853 0.0403898
3436 0.647853 0.0403898
3439 0.647853 0.0403898
3442 0.647853 0.0403898
3445 0.647853 0.0403898
3448 0.647853 0.0403898
3451 0.709128 0.0476987
3454 0.709128 0.0476987
3457 0.709128 0.0476987
3460 0.709128 0.0476987
3463 0.709128 0.0476987
3466 0.709128 0.0476987
3469 0.709128 0.0476987
3472 0.709128 0.0476987
3475 0.709128 0.0476987
3478 0.709128 0.0476987
3481 0.709197 0.0341382
3484 0.709197 0.0341382
3487 0.709197 0.0341382
3490 0.709197 0.0341382
3493 0.709197 0.0341382
3496 0.709197 0.0341382
3499 0.709197 0.0341382
3502 0.709197 0.0341382
3505 0.709197 0.0341382
3508 0.709197 0.0341382
3511 0.72247 0.0347865
3514 0.72247 0.0347865
3517 0.72247 0.0347865
3520 0.72247 0.0347865
3523 0.72247 0.0347865
3526 0.72247 0.0347865
3529 0.72247 0.0347865
3532 0.72247 0.0347865
3535 0.72247 0.0347865
3538 0.72247 0.0347865
3541 0.717223 0.077676
3544 0.717223 0.077676
3547 0.717223 0.077676
3550 0.717223 0.077676
3553 0.717223 0.077676
3556 0.717223 0.077676
3559 0.717223 0.077676
3562 0.717223 0.077676
3565 0.717223 0.077676
3568 0.717223 0.077676
3571 0.709148 0.0294506
3574 0.709148 0.0294506
3577 0.709148 0.0294506
3580 0.709148 0.0294506
3583 0.709148 0.0294506
3586 0.709148 0.0294506
3589 0.709148 0.0294506
3592 0.709148 0.0294506
3595 0.709148 0.0294506
3598 0.709148 0.0294506
3601 0.7072 0.0206142
3604 0.7072 0.0206142
3607 0.7072 0.0206142
3610 0.7072 0.0206142
3613 0.7072 0.0206142
3616 0.7072 0.0206142
3619 0.7072 0.0206142
3622 0.7072 0.0206142
3625 0.7072 0.0206142
3628 0.7072 0.0206142
3631 0.702362 0.050628
3634 0.702362 0.050628
3637 0.702362 0.050628
3640 0.702362 0.050628
3643 0.702362 0.050628
3646 0.702362 0.050628
3649 0.702362 0.050628
3652 0.702362 0.050628
3655 0.702362 0.050628
3658 0.702362 0.050628
3661 0.716842 0.0350134
3664 0.716842 0.0350134
3667 0.716842 0.0350134
3670 0.716842 0.0350134
3673 0.716842 0.0350134
3676 0.716842 0.0350134
3679 0.716842 0.0350134
3682 0.716842 0.0350134
3685 0.716842 0.0350134
3688 0.716842 0.0350134
3691 0.715651 0.0481728
3694 0.715651 0.0481728
3697 0.715651 0.0481728
3700 0.715651 0.0481728
3703 0.715651 0.0481728
3706 0.715651 0.0481728
3709 0.715651 0.0481728
3712 0.715651 0.0481728
3715 0.715651 0.0481728
3718 0.715651 0.0481728
3721 0.694056 0.0774897
3724 0.694056 0.0774897
3727 0.694056 0.0774897
3730 0.694056 0.0774897
3733 0.694056 0.0774897
3736 0.694056 0.0774897
3739 0.694056 0.0774897
3742 0.694056 0.0774897
3745 0.694056 0.0774897
3748 0.694056 0.0774897
3751 0.684819 0.0605218
3754 0.684819 0.0605218
3757 0.684819 0.0605218
3760 0.684819 0.0605218
3763 0.684819 0.0605218
3766 0.684819 0.0605218
3769 0.684819 0.0605218
3772 0.684819 0.0605218
3775 0.684819 0.0605218
3778 0.684819 0.0605218
3781 0.682578 0.130889
3784 0.682578 0.130889
3787 0.682578 0.130889
3790 0.682578 0.130889
3793 0.682578 0.130889
3796 0.682578 0.130889
3799 0.682578 0.130889
3802 0.682578 0.130889
3805 0.682578 0.130889
3808 0.682578 0.130889
3811 0.699441 0.0655944
3814 0.699441 0.0655944
3817 0.699441 0.0655944
3820 0.699441 0.0655944
3823 0.699441 0.0655944
3826 0.699441 0.0655944
3829 0.699441 0.0655944
3832 0.699441 0.0655944
3835 0.699441 0.0655944
3838 0.699441 0.0655944
3841 0.797435 0.0656632
3844 0.797435 0.0656632
3847 0.797435 0.0656632
3850 0.797435 0.0656632
3853 0.797435 0.0656632
3856 0.797435 0.0656632
3859 0.797435 0.0656632
3862 0.797435 0.0656632
3865 0.797435 0.0656632
3868 0.797435 0.0656632
3871 0.793979 0.0474921
3874 0.793979 0.0474921
3877 0.793979 0.0474921
3880 0.793979 0.0474921
3883 0.793979 0.0474921
3886 0.793979 0.0474921
3889 0.793979 0.0474921
3892 0.793979 0.0474921
3895 0.793979 0.0474921
3898 0.793979 0.0474921
3901 0.792375 0.0822178
3904 0.792375 0.0822178
3907 0.792375 0.0822178
3910 0.792375 0.0822178
3913 0.792375 0.0822178
3916 0.792375 0.0822178
3919 0.792375 0.0822178
3922 0.792375 0.0822178
3925 0.792375 0.0822178
3928 0.792375 0.0822178
3931 0.790807 0.0573049
3934 0.790807 0.0573049
3937 0.790807 0.0573049
3940 0.790807 0.0573049
3943 0.790807 0.0573049
3946 0.790807 0.0573049
3949 0.790807 0.0573049
3952 0.790807 0.0573049
3955 0.790807 0.0573049
3958 0.790807 0.0573049
3961 0.793473 0.032072
3964 0.793473 0.032072
3967 0.793473 0.032072
3970 0.793473 0.032072
3973 0.793473 0.032072
3976 0.793473 0.032072
3979 0.793473 0.032072
3982 0.793473 0.032072
3985 0.793473 0.032072
3988 0.793473 0.032072
3991 0.794352 0.0490317
3994 0.794352 0.0490317
3997 0.794352 0.0490317
4000 0.794352 0.0490317
4003 0.794352 0.0490317
4006 0.794352 0.0490317
4009 0.794352 0.0490317
4012 0.794352 0.0490317
4015 0.794352 0.0490317
4018 0.794352 0.0490317
4021 0.79573 0.0371688
4024 0.79573 0.0371688
4027 0.79573 0.0371688
4030 0.79573 0.0371688
4033 0.79573 0.0371688
4036 0.79573 0.0371688
4039 0.79573 0.0371688
4042 0.79573 0.0371688
4045 0.79573 0.0371688
4048 0.79573 0.0371688
4051 0.783158 0.0343651
4054 0.783158 0.0343651
4057 0.783158 0.0343651
4060 0.783158 0.0343651
4063 0.783158 0.0343651
4066 0.783158 0.0343651
4069 0.783158 0.0343651
4072 0.783158 0.0343651
4075 0.783158 0.0343651
4078 0.783158 0.0343651
4081 0.79389 0.0551981
4084 0.79389 0.0551981
4087 0.79389 0.0551981
4090 0.79389 0.0551981
4093 0.79389 0.0551981
4096 0.79389 0.0551981
4099 0.79389 0.0551981
4102 0.79389 0.0551981
4105 0.79389 0.0551981
4108 0.79389 0.0551981
4111 0.793262 0.0779434
4114 0.793262 0.0779434
4117 0.793262 0.0779434
4120 0.793262 0.0779434
4123 0.793262 0.0779434
4126 0.793262 0.0779434
4129 0.793262 0.0779434
4132 0.793262 0.0779434
4135 0.793262 0.0779434
4138 0.793262 0.0779434
4141 0.789474 0.308581
4144 0.789474 0.308581
4147 0.789474 0.308581
4150 0.789474 0.308581
4153 0.789474 0.308581
4156 0.789474 0.308581
4159 0.789474 0.308581
4162 0.789474 0.308581
4165 0.789474 0.308581
4168 0.789474 0.308581
4171 0.794186 0.311855
4174 0.794186 0.311855
4177 0.794186 0.311855
4180 0.794186 0.311855
4183 0.794186 0.311855
4186 0.794186 0.311855
4189 0.794186 0.311855
4192 0.794186 0.311855
4195 0.794186 0.311855
4198 0.794186 0.311855
4201 0.806616 0.431768
4204 0.806616 0.431768
4207 0.806616 0.431768
4210 0.806616 0.431768
4213 0.806616 0.431768
4216 0.806616 0.431768
4219 0.806616 0.431768
4222 0.806616 0.431768
4225 0.806616 0.431768
4228 0.806616 0.431768
4231 0.833543 0.614326
4234 0.833543 0.614326
4237 0.833543 0.614326
4240 0.833543 0.614326
4243 0.833543 0.614326
4246 0.833543 0.614326
4249 0.833543 0.614326
4252 0.833543 0.614326
4255 0.833543 0.614326
4258 0.833543 0.614326
4261 0.721113 0.391362
4264 0.721113 0.391362
4267 0.721113 0.391362
4270 0.721113 0.391362
4273 0.721113 0.391362
4276 0.721113 0.391362
4279 0.721113 0.391362
4282 0.721113 0.391362
4285 0.721113 0.391362
4288 0.721113 0.391362
4291 0.75645 0.376068
4294 0.75645 0.376068
4297 0.75645 0.376068
4300 0.75645 0.376068
4303 0.75645 0.376068
4306 0.75645 0.376068
4309 0.75645 0.376068
4312 0.75645 0.376068
4315 0.75645 0.376068
4318 0.75645 0.376068
4321 0.659331 0.543825
4324 0.659331 0.543825
4327 0.659331 0.543825
4330 0.659331 0.543825
4333 0.659331 0.543825
4336 0.659331 0.543825
4339 0.659331 0.543825
4342 0.659331 0.543825
4345 0.659331 0.543825
4348 0.659331 0.543825
4351 0.616575 0.591625
4354 0.616575 0.591625
4357 0.616575 0.591625
4360 0.616575 0.591625
4363 0.616575 0.591625
4366 0.616575 0.591625
4369 0.616575 0.591625
4372 0.616575 0.591625
4375 0.616575 0.591625
4378 0.616575 0.591625
4381 0.589762 0.740025
4384 0.589762 0.740025
4387 0.589762 0.740025
4390 0.589762 0.740025
4393 0.589762 0.740025
4396 0.589762 0.740025
4399 0.589762 0.740025
4402 0.589762 0.740025
4405 0.589762 0.740025
4408 0.589762 0.740025
4411 0.459934 0.471481
4414 0.459934 0.471481
4417 0.459934 0.471481
4420 0.459934 0.471481
4423 0.459934 0.471481
4426 0.459934 0.471481
4429 0.459934 0.471481
4432 0.459934 0.471481
4435 0.459934 0.471481
4438 0.459934 0.471481
4441 0.459294 0.667174
4444 0.459294 0.667174
4447 0.459294 0.667174
4450 0.459294 0.667174
4453 0.459294 0.667174
4456 0.459294 0.667174
4459 0.459294 0.667174
4462 0.459294 0.667174
4465 0.459294 0.667174
4468 0.459294 0.667174
4471 0.496888 0.63285
4474 0.496888 0.63285
4477 0.496888 0.63285
4480 0.496888 0.63285
4483 0.496888 0.63285
4486 0.496888 0.63285
4489 0.496888 0.63285
4492 0.496888 0.63285
4495 0.496888 0.63285
4498 0.496888 0.63285
4501 0.482254 0.616222
4504 0.482254 0.616222
4507 0.482254 0.616222
4510 0.482254 0.616222
4513 0.482254 0.616222
4516 0.482254 0.616222
4519 0.482254 0.616222
4522 0.482254 0.616222
4525 0.482254 0.616222
4528 0.482254 0.616222
4531 0.766636 0.569383
4534 0.766636 0.569383
4537 0.766636 0.569383
4540 0.766636 0.569383
4543 0.766636 0.569383
4546 0.766636 0.569383
4549 0.766636 0.569383
4552 0.766636 0.569383
4555 0.766636 0.569383
4558 0.766636 0.569383
4561 0.598695 0.658508
4564 0.598695 0.658508
4567 0.598695 0.658508
4570 0.598695 0.658508
4573 0.598695 0.658508
4576 0.598695 0.658508
4579 0.598695 0.658508
4582 0.598695 0.658508
4585 0.598695 0.658508
4588 0.598695 0.658508
4591 0.471121 0.641674
4594 0.471121 0.641674
4597 0.471121 0.641674
4600 0.471121 0.641674
4603 0.471121 0.641674
4606 0.471121 0.641674
4609 0.471121 0.641674
4612 0.471121 0.641674
4615 0.471121 0.641674
4618 0.471121 0.641674
4621 0.430038 0.413633
4624 0.430038 0.413633
4627 0.430038 0.413633
4630 0.430038 0.413633
4633 0.430038 0.413633
4636 0.430038 0.413633
4639 0.430038 0.413633
4642 0.430038 0.413633
4645 0.430038 0.413633
4648 0.430038 0.413633
4651 0.446961 0.436391
4654 0.446961 0.436391
4657 0.446961 0.436391
4660 0.446961 0.436391
4663 0.446961 0.436391
4666 0.446961 0.436391
4669 0.446961 0.436391
4672 0.446961 0.436391
4675 0.446961 0.436391
4678 0.446961 0.436391
4681 0.273864 0.446969
4684 0.273864 0.446969
4687 0.273864 0.446969
4690 0.273864 0.446969
4693 0.273864 0.446969
4696 0.273864 0.446969
4699 0.273864 0.446969
4702 0.273864 0.446969
4705 0.273864 0.446969
4708 0.273864 0.446969
4711 0.313362 0.49731
4714 0.313362 0.49731
4717 0.313362 0.49731
4720 0.313362 0.49731
4723 0.313362 0.49731
4726 0.313362 0.49731
4729 0.313362 0.49731
4732 0.313362 0.49731
4735 0.313362 0.49731
4738 0.313362 0.49731
4741 0.371011 0.459789
4744 0.371011 0.459789
4747 0.371011 0.459789
4750 0.371011 0.459789
4753 0.371011 0.459789
4756 0.371011 0.459789
4759 0.371011 0.459789
4762 0.371011 0.459789
4765 0.371011 0.459789
4768 0.371011 0.459789
4771 0.149153 0.430472
4774 0.149153 0.430472
4777 0.149153 0.430472
4780 0.149153 0.430472
4783 0.149153 0.430472
4786 0.149153 0.430472
4789 0.149153 0.430472
4792 0.149153 0.430472
4795 0.149153 0.430472
4798 0.149153 0.430472
4801 0.000299814 0.131371
4804 0.000299814 0.131371
4807 0.000299814 0.131371
4810 0.000299814 0.131371
4813 0.000299814 0.131371
4816 0.000299814 0.131371
4819 0.000299814 0.131371
4822 0.000299814 0.131371
4825 0.000299814 0.131371
4828 0.000299814 0.131371
4831 4.86184e-05 0.0936148
4834 4.86184e-05 0.0936148
4837 4.86184e-05 0.0936148
4840 4.86184e-05 0.0936148
4843 4.86184e-05 0.0936148
4846 4.86184e-05 0.0936148
4849 4.86184e-05 0.0936148
4852 4.86184e-05 0.0936148
4855 4.86184e-05 0.0936148
4858 4.86184e-05 0.0936148
4861 0.00174621 0.0450207
4864 0.00174621 0.0450207
4867 0.00174621 0.0450207
4870 0.00174621 0.0450207
4873 0.00174621 0.0450207
4876 0.00174621 0.0450207
4879 0.00174621 0.0450207
4882 0.00174621 0.0450207
4885 0.00174621 0.0450207
4888 0.00174621 0.0450207
4891 0.000506442 0.0301839
4894 0.000506442 0.0301839
4897 0.000506442 0.0301839
4900 0.000506442 0.0301839
4903 0.000506442 0.0301839
4906 0.000506442 0.0301839
4909 0.000506442 0.0301839
4912 0.000506442 0.0301839
4915 0.000506442 0.0301839
4918 0.000506442 0.0301839
4921 0.0275545 0.0419172
4924 0.0275545 0.0419172
4927 0.0275545 0.0419172
4930 0.0275545 0.0419172
4933 0.0275545 0.0419172
4936 0.0275545 0.0419172
4939 0.0275545 0.0419172
4942 0.0275545 0.0419172
4945 0.0275545 0.0419172
4948 0.0275545 0.0419172
4951 0.10707 0.116502
4954 0.10707 0.116502
4957 0.10707 0.116502
4960 0.10707 0.116502
4963 0.10707 0.116502
4966 0.10707 0.116502
4969 0.10707 0.116502
4972 0.10707 0.116502
4975 0.10707 0.116502
4978 0.10707 0.116502
4981 0.0745564 0.195584
4984 0.0745564 0.195584
4987 0.0745564 0.195584
4990 0.0745564 0.195584
4993 0.0745564 0.195584
4996 0.0745564 0.195584
4999 0.0745564 0.195584
5002 0.0745564 0.195584
5005 0.0745564 0.195584
5008 0.0745564 0.195584
5011 0.0724658 0.177534
5014 0.0724658 0.177534
5017 0.0724658 0.177534
5020 0.0724658 0.177534
5023 0.0724658 0.177534
5026 0.0724658 0.177534
5029 0.0724658 0.177534
5032 0.0724658 0.177534
5035 0.0724658 0.177534
5038 0.0724658 0.177534
5041 0.0148853 0.139891
5044 0.0148853 0.139891
5047 0.0148853 0.139891
5050 0.0148853 0.139891
5053 0.0148853 0.139891
5056 0.0148853 0.139891
5059 0.0148853 0.139891
5062 0.0148853 0.139891
5065 0.0148853 0.139891
5068 0.0148853 0.139891
5071 0.208293 0.233069
5074 0.208293 0.233069
5077 0.208293 0.233069
5080 0.208293 0.233069
5083 0.208293 0.233069
5086 0.208293 0.233069
5089 0.208293 0.233069
5092 0.208293 0.233069
5095 0.208293 0.233069
5098 0.208293 0.233069
5101 0.127518 0.24374
5104 0.127518 0.24374
5107 0.127518 0.24374
5110 0.127518 0.24374
5113 0.127518 0.24374
5116 0.127518 0.24374
5119 0.127518 0.24374
5122 0.127518 0.24374
5125 0.127518 0.24374
5128 0.127518 0.24374
5131 0.00167734 0.114322
5134 0.00167734 0.114322
5137 0.00167734 0.114322
5140 0.00167734 0.114322
5143 0.00167734 0.114322
5146 0.00167734 0.114322
5149 0.00167734 0.114322
5152 0.00167734 0.114322
5155 0.00167734 0.114322
5158 0.00167734 0.114322
5161 0.000234989 0.024374
5164 0.000234989 0.024374
5167 0.000234989 0.024374
5170 0.000234989 0.024374
5173 0.000234989 0.024374
5176 0.000234989 0.024374
5179 0.000234989 0.024374
5182 0.000234989 0.024374
5185 0.000234989 0.024374
5188 0.000234989 0.024374
5191 4.45669e-05 0.0766024
5194 4.45669e-05 0.0766024
5197 4.45669e-05 0.0766024
5200 4.45669e-05 0.0766024
5203 4.45669e-05 0.0766024
5206 4.45669e-05 0.0766024
5209 4.45669e-05 0.0766024
5212 4.45669e-05 0.0766024
5215 4.45669e-05 0.0766024
5218 4.45669e-05 0.0766024
5221 0.000133701 0.109193
5224 0.000133701 0.109193
5227 0.000133701 0.109193
5230 0.000133701 0.109193
5233 0.000133701 0.109193
5236 0.000133701 0.109193
5239 0.000133701 0.109193
5242 0.000133701 0.109193
5245 0.000133701 0.109193
5248 0.000133701 0.109193
5251 9.72369e-05 0.0708573
5254 9.72369e-05 0.0708573
5257 9.72369e-05 0.0708573
5260 9.72369e-05 0.0708573
5263 9.72369e-05 0.0708573
5266 9.72369e-05 0.0708573
5269 9.72369e-05 0.0708573
5272 9.72369e-05 0.0708573
5275 9.72369e-05 0.0708573
5278 9.72369e-05 0.0708573
5281 0.0620898 0.0656308
5284 0.0620898 0.0656308
5287 0.0620898 0.0656308
5290 0.0620898 0.0656308
5293 0.0620898 0.0656308
5296 0.0620898 0.0656308
5299 0.0620898 0.0656308
5302 0.0620898 0.0656308
5305 0.0620898 0.0656308
5308 0.0620898 0.0656308
5311 0.173049 0.252686
5314 0.173049 0.252686
5317 0.173049 0.252686
5320 0.173049 0.252686
5323 0.173049 0.252686
5326 0.173049 0.252686
5329 0.173049 0.252686
5332 0.173049 0.252686
5335 0.173049 0.252686
5338 0.173049 0.252686
5341 0.182979 0.316814
5344 0.182979 0.316814
5347 0.182979 0.316814
5350 0.182979 0.316814
5353 0.182979 0.316814
5356 0.182979 0.316814
5359 0.182979 0.316814
5362 0.182979 0.316814
5365 0.182979 0.316814
5368 0.182979 0.316814
5371 0.245653 0.17125
5374 0.245653 0.17125
5377 0.245653 0.17125
5380 0.245653 0.17125
5383 0.245653 0.17125
5386 0.245653 0.17125
5389 0.245653 0.17125
5392 0.245653 0.17125
5395 0.245653 0.17125
5398 0.245653 0.17125
5401 0.296706 0.279256
5404 0.296706 0.279256
5407 0.296706 0.279256
5410 0.296706 0.279256
5413 0.296706 0.279256
5416 0.296706 0.279256
5419 0.296706 0.279256
5422 0.296706 0.279256
5425 0.296706 0.279256
5428 0.296706 0.279256
5431 0.356896 0.329876
5434 0.356896 0.329876
5437 0.356896 0.329876
5440 0.356896 0.329876
5443 0.356896 0.329876
5446 0.356896 0.329876
5449 0.356896 0.329876
5452 0.356896 0.329876
5455 0.356896 0.329876
5458 0.356896 0.329876
5461 0.407832 0.296163
5464 0.407832 0.296163
5467 0.407832 0.296163
5470 0.407832 0.296163
5473 0.407832 0.296163
5476 0.407832 0.296163
5479 0.407832 0.296163
5482 0.407832 0.296163
5485 0.407832 0.296163
5488 0.407832 0.296163
5491 0.467057 0.221639
5494 0.467057 0.221639
5497 0.467057 0.221639
5500 0.467057 0.221639
5503 0.467057 0.221639
5506 0.467057 0.221639
5509 0.467057 0.221639
5512 0.467057 0.221639
5515 0.467057 0.221639
5518 0.467057 0.221639
5521 0.552609 0.11884
5524 0.552609 0.11884
5527 0.552609 0.11884
5530 0.552609 0.11884
5533 0.552609 0.11884
5536 0.552609 0.11884
5539 0.552609 0.11884
5542 0.552609 0.11884
5545 0.552609 0.11884
5548 0.552609 0.11884
5551 0.661717 0.189045
5554 0.661717 0.189045
5557 0.661717 0.189045
5560 0.661717 0.189045
5563 0.661717 0.189045
5566 0.661717 0.189045
5569 0.661717 0.189045
5572 0.661717 0.189045
5575 0.661717 0.189045
5578 0.661717 0.189045
5581 0.691625 0.107455
5584 0.691625 0.107455
5587 0.691625 0.107455
5590 0.691625 0.107455
5593 0.691625 0.107455
5596 0.691625 0.107455
5599 0.691625 0.107455
5602 0.691625 0.107455
5605 0.691625 0.107455
5608 0.691625 0.107455
5611 0.69987 0.203176
5614 0.69987 0.203176
5617 0.69987 0.203176
5620 0.69987 0.203176
5623 0.69987 0.203176
5626 0.69987 0.203176
5629 0.69987 0.203176
5632 0.69987 0.203176
5635 0.69987 0.203176
5638 0.69987 0.203176
5641 0.714529 0.111057
5644 0.714529 0.111057
5647 0.714529 0.111057
5650 0.714529 0.111057
5653 0.714529 0.111057
5656 0.714529 0.111057
5659 0.714529 0.111057
5662 0.714529 0.111057
5665 0.714529 0.111057
5668 0.714529 0.111057
5671 0.78445 0.0909327
5674 0.78445 0.0909327
5677 0.78445 0.0909327
5680 0.78445 0.0909327
5683 0.78445 0.0909327
5686 0.78445 0.0909327
5689 0.78445 0.0909327
5692 0.78445 0.0909327
5695 0.78445 0.0909327
5698 0.78445 0.0909327
5701 0.783932 0.0506239
5704 0.783932 0.0506239
5707 0.783932 0.0506239
5710 0.783932 0.0506239
5713 0.783932 0.0506239
5716 0.783932 0.0506239
5719 0.783932 0.0506239
5722 0.783932 0.0506239
5725 0.783932 0.0506239
5728 0.783932 0.0506239
5731 0.770327 0.0689247
5734 0.770327 0.0689247
5737 0.770327 0.0689247
