frame_number static_density dynamic_density
1 0.0700997 0.0987319
4 0.0700997 0.0987319
7 0.0700997 0.0987319
10 0.0700997 0.0987319
13 0.0905154 0.169119
16 0.0905154 0.169119
19 0.0905154 0.169119
22 0.0905154 0.169119
25 0.102824 0.0857143
28 0.102824 0.0857143
31 0.102824 0.0857143
34 0.102824 0.0857143
37 0.113642 0.0955838
40 0.113642 0.0955838
43 0.113642 0.0955838
46 0.113642 0.0955838
49 0.118208 0.0933717
52 0.118208 0.0933717
55 0.118208 0.0933717
58 0.118208 0.0933717
61 0.135078 0.111826
64 0.135078 0.111826
67 0.135078 0.111826
70 0.135078 0.111826
73 0.123385 0.0312211
76 0.123385 0.0312211
79 0.123385 0.0312211
82 0.123385 0.0312211
85 0.148805 0.0691435
88 0.148805 0.0691435
91 0.148805 0.0691435
94 0.148805 0.0691435
97 0.185532 0.117369
100 0.185532 0.117369
103 0.185532 0.117369
106 0.185532 0.117369
109 0.180439 0.12467
112 0.180439 0.12467
115 0.180439 0.12467
118 0.180439 0.12467
121 0.197354 0.16057
124 0.197354 0.16057
127 0.197354 0.16057
130 0.197354 0.16057
133 0.20583 0.185333
136 0.20583 0.185333
139 0.20583 0.185333
142 0.20583 0.185333
145 0.218276 0.16036
148 0.218276 0.16036
151 0.218276 0.16036
154 0.218276 0.16036
157 0.208865 0.153817
160 0.208865 0.153817
163 0.208865 0.153817
166 0.208865 0.153817
169 0.201155 0.147873
172 0.201155 0.147873
175 0.201155 0.147873
178 0.201155 0.147873
181 0.197982 0.145397
184 0.197982 0.145397
187 0.197982 0.145397
190 0.197982 0.145397
193 0.195782 0.0860749
196 0.195782 0.0860749
199 0.195782 0.0860749
202 0.195782 0.0860749
205 0.196803 0.0227899
208 0.196803 0.0227899
211 0.196803 0.0227899
214 0.196803 0.0227899
217 0.195705 0.038834
220 0.195705 0.038834
223 0.195705 0.038834
226 0.195705 0.038834
229 0.196799 0.0519934
232 0.196799 0.0519934
235 0.196799 0.0519934
238 0.196799 0.0519934
241 0.195713 0.0331942
244 0.195713 0.0331942
247 0.195713 0.0331942
250 0.195713 0.0331942
253 0.194194 0.0392432
256 0.194194 0.0392432
259 0.194194 0.0392432
262 0.194194 0.0392432
265 0.194595 0.0211004
268 0.194595 0.0211004
271 0.194595 0.0211004
274 0.194595 0.0211004
277 0.19673 0.0249332
280 0.19673 0.0249332
283 0.19673 0.0249332
286 0.19673 0.0249332
289 0.212548 0.0339762
292 0.212548 0.0339762
295 0.212548 0.0339762
298 0.212548 0.0339762
301 0.199955 0.0423993
304 0.199955 0.0423993
307 0.199955 0.0423993
310 0.199955 0.0423993
313 0.196512 0.0428085
316 0.196512 0.0428085
319 0.196512 0.0428085
322 0.196512 0.0428085
325 0.195973 0.0527388
328 0.195973 0.0527388
331 0.195973 0.0527388
334 0.195973 0.0527388
337 0.196115 0.061162
340 0.196115 0.061162
343 0.196115 0.061162
346 0.196115 0.061162
349 0.202492 0.0210963
352 0.202492 0.0210963
355 0.202492 0.0210963
358 0.202492 0.0210963
361 0.200912 0.03648
364 0.200912 0.03648
367 0.200912 0.03648
370 0.200912 0.03648
373 0.19767 0.0270845
376 0.19767 0.0270845
379 0.19767 0.0270845
382 0.19767 0.0270845
385 0.201037 0.0247306
388 0.201037 0.0247306
391 0.201037 0.0247306
394 0.201037 0.0247306
397 0.212268 0.0593307
400 0.212268 0.0593307
403 0.212268 0.0593307
406 0.212268 0.0593307
409 0.231553 0.0929017
412 0.231553 0.0929017
415 0.231553 0.0929017
418 0.231553 0.0929017
421 0.271668 0.182959
424 0.271668 0.182959
427 0.271668 0.182959
430 0.271668 0.182959
433 0.316769 0.177858
436 0.316769 0.177858
439 0.316769 0.177858
442 0.316769 0.177858
445 0.338409 0.192253
448 0.338409 0.192253
451 0.338409 0.192253
454 0.338409 0.192253
457 0.361652 0.20222
460 0.361652 0.20222
463 0.361652 0.20222
466 0.361652 0.20222
469 0.367016 0.28462
472 0.367016 0.28462
475 0.367016 0.28462
478 0.367016 0.28462
481 0.369168 0.296204
484 0.369168 0.296204
487 0.369168 0.296204
490 0.369168 0.296204
493 0.370987 0.282967
496 0.370987 0.282967
499 0.370987 0.282967
502 0.370987 0.282967
505 0.392865 0.0340896
508 0.392865 0.0340896
511 0.392865 0.0340896
514 0.392865 0.0340896
517 0.428567 0.0916336
520 0.428567 0.0916336
523 0.428567 0.0916336
526 0.428567 0.0916336
529 0.466449 0.120732
532 0.466449 0.120732
535 0.466449 0.120732
538 0.466449 0.120732
541 0.477761 0.122579
544 0.477761 0.122579
547 0.477761 0.122579
550 0.477761 0.122579
553 0.474577 0.114496
556 0.474577 0.114496
559 0.474577 0.114496
562 0.474577 0.114496
565 0.466182 0.142002
568 0.466182 0.142002
571 0.466182 0.142002
574 0.466182 0.142002
577 0.473693 0.0769306
580 0.473693 0.0769306
583 0.473693 0.0769306
586 0.473693 0.0769306
589 0.494798 0.0456081
592 0.494798 0.0456081
595 0.494798 0.0456081
598 0.494798 0.0456081
601 0.544166 0.0646828
604 0.544166 0.0646828
607 0.544166 0.0646828
610 0.544166 0.0646828
613 0.58554 0.0850498
616 0.58554 0.0850498
619 0.58554 0.0850498
622 0.58554 0.0850498
625 0.610299 0.108877
628 0.610299 0.108877
631 0.610299 0.108877
634 0.610299 0.108877
637 0.618183 0.123531
640 0.618183 0.123531
643 0.618183 0.123531
646 0.618183 0.123531
649 0.619229 0.0872377
652 0.619229 0.0872377
655 0.619229 0.0872377
658 0.619229 0.0872377
661 0.623418 0.0835346
664 0.623418 0.0835346
667 0.623418 0.0835346
670 0.623418 0.0835346
673 0.625812 0.0830322
676 0.625812 0.0830322
679 0.625812 0.0830322
682 0.625812 0.0830322
685 0.629961 0.0810226
688 0.629961 0.0810226
691 0.629961 0.0810226
694 0.629961 0.0810226
697 0.633454 0.0804392
700 0.633454 0.0804392
703 0.633454 0.0804392
706 0.633454 0.0804392
709 0.635852 0.104817
712 0.635852 0.104817
715 0.635852 0.104817
718 0.635852 0.104817
721 0.642711 0.136958
724 0.642711 0.136958
727 0.642711 0.136958
730 0.642711 0.136958
733 0.644547 0.106316
736 0.644547 0.106316
739 0.644547 0.106316
742 0.644547 0.106316
745 0.650802 0.0369338
748 0.650802 0.0369338
751 0.650802 0.0369338
754 0.650802 0.0369338
757 0.654278 0.0127785
760 0.654278 0.0127785
763 0.654278 0.0127785
766 0.654278 0.0127785
769 0.656632 0.0237258
772 0.656632 0.0237258
775 0.656632 0.0237258
778 0.656632 0.0237258
781 0.662037 0.096702
784 0.662037 0.096702
787 0.662037 0.096702
790 0.662037 0.096702
793 0.6616 0.0215744
796 0.6616 0.0215744
799 0.6616 0.0215744
802 0.6616 0.0215744
805 0.652674 0.0306256
808 0.652674 0.0306256
811 0.652674 0.0306256
814 0.652674 0.0306256
817 0.669302 0.0460335
820 0.669302 0.0460335
823 0.669302 0.0460335
826 0.669302 0.0460335
829 0.750908 0.0295965
832 0.750908 0.0295965
835 0.750908 0.0295965
838 0.750908 0.0295965
841 0.763317 0.042529
844 0.763317 0.042529
847 0.763317 0.042529
850 0.763317 0.042529
853 0.77721 0.0305931
856 0.77721 0.0305931
859 0.77721 0.0305931
862 0.77721 0.0305931
865 0.774386 0.0344705
868 0.774386 0.0344705
871 0.774386 0.0344705
874 0.774386 0.0344705
877 0.778231 0.0545418
880 0.778231 0.0545418
883 0.778231 0.0545418
886 0.778231 0.0545418
889 0.779333 0.0447452
892 0.779333 0.0447452
895 0.779333 0.0447452
898 0.779333 0.0447452
901 0.772429 0.020598
904 0.772429 0.020598
907 0.772429 0.020598
910 0.772429 0.020598
913 0.768102 0.0231829
916 0.768102 0.0231829
919 0.768102 0.0231829
922 0.768102 0.0231829
925 0.770946 0.022012
928 0.770946 0.022012
931 0.770946 0.022012
934 0.770946 0.022012
937 0.771797 0.0438538
940 0.771797 0.0438538
943 0.771797 0.0438538
946 0.771797 0.0438538
949 0.767535 0.0331213
952 0.767535 0.0331213
955 0.767535 0.0331213
958 0.767535 0.0331213
961 0.776132 0.07264
964 0.776132 0.07264
967 0.776132 0.07264
970 0.776132 0.07264
973 0.770857 0.0301515
976 0.770857 0.0301515
979 0.770857 0.0301515
982 0.770857 0.0301515
985 0.756045 0.0512357
988 0.756045 0.0512357
991 0.756045 0.0512357
994 0.756045 0.0512357
997 0.761806 0.0306863
1000 0.761806 0.0306863
1003 0.761806 0.0306863
1006 0.761806 0.0306863
1009 0.759805 0.0588161
1012 0.759805 0.0588161
1015 0.759805 0.0588161
1018 0.759805 0.0588161
1021 0.753189 0.0362815
1024 0.753189 0.0362815
1027 0.753189 0.0362815
1030 0.753189 0.0362815
1033 0.752354 0.0348594
1036 0.752354 0.0348594
1039 0.752354 0.0348594
1042 0.752354 0.0348594
1045 0.756713 0.038992
1048 0.756713 0.038992
1051 0.756713 0.038992
1054 0.756713 0.038992
1057 0.757921 0.0290293
1060 0.757921 0.0290293
1063 0.757921 0.0290293
1066 0.757921 0.0290293
1069 0.751017 0.0493153
1072 0.751017 0.0493153
1075 0.751017 0.0493153
1078 0.751017 0.0493153
1081 0.752212 0.0226521
1084 0.752212 0.0226521
1087 0.752212 0.0226521
1090 0.752212 0.0226521
1093 0.757856 0.0654809
1096 0.757856 0.0654809
1099 0.757856 0.0654809
1102 0.757856 0.0654809
1105 0.756138 0.0369095
1108 0.756138 0.0369095
1111 0.756138 0.0369095
1114 0.756138 0.0369095
1117 0.756373 0.0561826
1120 0.756373 0.0561826
1123 0.756373 0.0561826
1126 0.756373 0.0561826
1129 0.756069 0.0337007
1132 0.756069 0.0337007
1135 0.756069 0.0337007
1138 0.756069 0.0337007
1141 0.76525 0.0541042
1144 0.76525 0.0541042
1147 0.76525 0.0541042
1150 0.76525 0.0541042
1153 0.758095 0.048505
1156 0.758095 0.048505
1159 0.758095 0.048505
1162 0.758095 0.048505
1165 0.754744 0.0632283
1168 0.754744 0.0632283
1171 0.754744 0.0632283
1174 0.754744 0.0632283
1177 0.754116 0.0398671
1180 0.754116 0.0398671
1183 0.754116 0.0398671
1186 0.754116 0.0398671
1189 0.766555 0.0626529
1192 0.766555 0.0626529
1195 0.766555 0.0626529
1198 0.766555 0.0626529
1201 0.76935 0.0202212
1204 0.76935 0.0202212
1207 0.76935 0.0202212
1210 0.76935 0.0202212
1213 0.770776 0.0467061
1216 0.770776 0.0467061
1219 0.770776 0.0467061
1222 0.770776 0.0467061
1225 0.767649 0.0754153
1228 0.767649 0.0754153
1231 0.767649 0.0754153
1234 0.767649 0.0754153
1237 0.756904 0.0315655
1240 0.756904 0.0315655
1243 0.756904 0.0315655
1246 0.756904 0.0315655
1249 0.761397 0.0332347
1252 0.761397 0.0332347
1255 0.761397 0.0332347
1258 0.761397 0.0332347
1261 0.755077 0.0443441
1264 0.755077 0.0443441
1267 0.755077 0.0443441
1270 0.755077 0.0443441
1273 0.751815 0.0341463
1276 0.751815 0.0341463
1279 0.751815 0.0341463
1282 0.751815 0.0341463
1285 0.751155 0.0327567
1288 0.751155 0.0327567
1291 0.751155 0.0327567
1294 0.751155 0.0327567
1297 0.752131 0.0286119
1300 0.752131 0.0286119
1303 0.752131 0.0286119
1306 0.752131 0.0286119
1309 0.748639 0.0304473
1312 0.748639 0.0304473
1315 0.748639 0.0304473
1318 0.748639 0.0304473
1321 0.73272 0.0395673
1324 0.73272 0.0395673
1327 0.73272 0.0395673
1330 0.73272 0.0395673
1333 0.723831 0.0276153
1336 0.723831 0.0276153
1339 0.723831 0.0276153
1342 0.723831 0.0276153
1345 0.727611 0.0484807
1348 0.727611 0.0484807
1351 0.727611 0.0484807
1354 0.727611 0.0484807
1357 0.730686 0.0524917
1360 0.730686 0.0524917
1363 0.730686 0.0524917
1366 0.730686 0.0524917
1369 0.731375 0.0484645
1372 0.731375 0.0484645
1375 0.731375 0.0484645
1378 0.731375 0.0484645
1381 0.731622 0.0366218
1384 0.731622 0.0366218
1387 0.731622 0.0366218
1390 0.731622 0.0366218
1393 0.732445 0.0413338
1396 0.732445 0.0413338
1399 0.732445 0.0413338
1402 0.732445 0.0413338
1405 0.736841 0.0228912
1408 0.736841 0.0228912
1411 0.736841 0.0228912
1414 0.736841 0.0228912
1417 0.754801 0.0304716
1420 0.754801 0.0304716
1423 0.754801 0.0304716
1426 0.754801 0.0304716
1429 0.755222 0.133344
1432 0.755222 0.133344
1435 0.755222 0.133344
1438 0.755222 0.133344
1441 0.760242 0.283194
1444 0.760242 0.283194
1447 0.760242 0.283194
1450 0.760242 0.283194
1453 0.767268 0.410137
1456 0.767268 0.410137
1459 0.767268 0.410137
1462 0.767268 0.410137
1465 0.79359 0.413305
1468 0.79359 0.413305
1471 0.79359 0.413305
1474 0.79359 0.413305
1477 0.804801 0.564906
1480 0.804801 0.564906
1483 0.804801 0.564906
1486 0.804801 0.564906
1489 0.828264 0.442728
1492 0.828264 0.442728
1495 0.828264 0.442728
1498 0.828264 0.442728
1501 0.834957 0.650073
1504 0.834957 0.650073
1507 0.834957 0.650073
1510 0.834957 0.650073
1513 0.849072 0.561251
1516 0.849072 0.561251
1519 0.849072 0.561251
1522 0.849072 0.561251
1525 0.829605 0.672215
1528 0.829605 0.672215
1531 0.829605 0.672215
1534 0.829605 0.672215
1537 0.807333 0.641836
1540 0.807333 0.641836
1543 0.807333 0.641836
1546 0.807333 0.641836
1549 0.79229 0.604765
1552 0.79229 0.604765
1555 0.79229 0.604765
1558 0.79229 0.604765
1561 0.752123 0.546115
1564 0.752123 0.546115
1567 0.752123 0.546115
1570 0.752123 0.546115
1573 0.753318 0.557896
1576 0.753318 0.557896
1579 0.753318 0.557896
1582 0.753318 0.557896
1585 0.770987 0.610818
1588 0.770987 0.610818
1591 0.770987 0.610818
1594 0.770987 0.610818
1597 0.756065 0.508152
1600 0.756065 0.508152
1603 0.756065 0.508152
1606 0.756065 0.508152
1609 0.752431 0.817648
1612 0.752431 0.817648
1615 0.752431 0.817648
1618 0.752431 0.817648
1621 0.707499 0.764112
1624 0.707499 0.764112
1627 0.707499 0.764112
1630 0.707499 0.764112
1633 0.725107 0.707872
1636 0.725107 0.707872
1639 0.725107 0.707872
1642 0.725107 0.707872
1645 0.721647 0.732108
1648 0.721647 0.732108
1651 0.721647 0.732108
1654 0.721647 0.732108
1657 0.716397 0.695576
1660 0.716397 0.695576
1663 0.716397 0.695576
1666 0.716397 0.695576
1669 0.74654 0.623114
1672 0.74654 0.623114
1675 0.74654 0.623114
1678 0.74654 0.623114
1681 0.724483 0.537635
1684 0.724483 0.537635
1687 0.724483 0.537635
1690 0.724483 0.537635
1693 0.714898 0.472689
1696 0.714898 0.472689
1699 0.714898 0.472689
1702 0.714898 0.472689
1705 0.723633 0.534957
1708 0.723633 0.534957
1711 0.723633 0.534957
1714 0.723633 0.534957
1717 0.676339 0.499048
1720 0.676339 0.499048
1723 0.676339 0.499048
1726 0.676339 0.499048
1729 0.646066 0.529718
1732 0.646066 0.529718
1735 0.646066 0.529718
1738 0.646066 0.529718
1741 0.486152 0.50628
1744 0.486152 0.50628
1747 0.486152 0.50628
1750 0.486152 0.50628
1753 0.383344 0.423657
1756 0.383344 0.423657
1759 0.383344 0.423657
1762 0.383344 0.423657
1765 0.366328 0.386715
1768 0.366328 0.386715
1771 0.366328 0.386715
1774 0.366328 0.386715
1777 0.38238 0.519148
1780 0.38238 0.519148
1783 0.38238 0.519148
1786 0.38238 0.519148
1789 0.348136 0.483052
1792 0.348136 0.483052
1795 0.348136 0.483052
1798 0.348136 0.483052
1801 0.323138 0.430382
1804 0.323138 0.430382
1807 0.323138 0.430382
1810 0.323138 0.430382
1813 0.307795 0.442732
1816 0.307795 0.442732
1819 0.307795 0.442732
1822 0.307795 0.442732
1825 0.279422 0.50547
1828 0.279422 0.50547
1831 0.279422 0.50547
1834 0.279422 0.50547
1837 0.249643 0.439421
1840 0.249643 0.439421
1843 0.249643 0.439421
1846 0.249643 0.439421
1849 0.194162 0.411061
1852 0.194162 0.411061
1855 0.194162 0.411061
1858 0.194162 0.411061
1861 0.151754 0.269391
1864 0.151754 0.269391
1867 0.151754 0.269391
1870 0.151754 0.269391
1873 0.170801 0.233405
1876 0.170801 0.233405
1879 0.170801 0.233405
1882 0.170801 0.233405
1885 0.231784 0.310599
1888 0.231784 0.310599
1891 0.231784 0.310599
1894 0.231784 0.310599
1897 0.290074 0.511571
1900 0.290074 0.511571
1903 0.290074 0.511571
1906 0.290074 0.511571
1909 0.3824 0.514314
1912 0.3824 0.514314
1915 0.3824 0.514314
1918 0.3824 0.514314
1921 0.35767 0.43022
1924 0.35767 0.43022
1927 0.35767 0.43022
1930 0.35767 0.43022
1933 0.287542 0.398736
1936 0.287542 0.398736
1939 0.287542 0.398736
1942 0.287542 0.398736
1945 0.243258 0.31493
1948 0.243258 0.31493
1951 0.243258 0.31493
1954 0.243258 0.31493
1957 0.127336 0.236294
1960 0.127336 0.236294
1963 0.127336 0.236294
1966 0.127336 0.236294
1969 0.0443603 0.114816
1972 0.0443603 0.114816
1975 0.0443603 0.114816
1978 0.0443603 0.114816
1981 0.00737379 0.039462
1984 0.00737379 0.039462
1987 0.00737379 0.039462
1990 0.00737379 0.039462
1993 0.00641763 0.0306134
1996 0.00641763 0.0306134
1999 0.00641763 0.0306134
2002 0.00641763 0.0306134
2005 0.0687667 0.0458755
2008 0.0687667 0.0458755
2011 0.0687667 0.0458755
2014 0.0687667 0.0458755
2017 0.222575 0.161024
2020 0.222575 0.161024
2023 0.222575 0.161024
2026 0.222575 0.161024
2029 0.318317 0.257572
2032 0.318317 0.257572
2035 0.318317 0.257572
2038 0.318317 0.257572
2041 0.279556 0.380391
2044 0.279556 0.380391
2047 0.279556 0.380391
2050 0.279556 0.380391
2053 0.199781 0.35455
2056 0.199781 0.35455
2059 0.199781 0.35455
2062 0.199781 0.35455
2065 0.0804513 0.196921
2068 0.0804513 0.196921
2071 0.0804513 0.196921
2074 0.0804513 0.196921
2077 0.0328539 0.118289
2080 0.0328539 0.118289
2083 0.0328539 0.118289
2086 0.0328539 0.118289
2089 0.0110445 0.0326189
2092 0.0110445 0.0326189
2095 0.0110445 0.0326189
2098 0.0110445 0.0326189
2101 0.0270805 0.0502715
2104 0.0270805 0.0502715
2107 0.0270805 0.0502715
2110 0.0270805 0.0502715
2113 0.128847 0.119755
2116 0.128847 0.119755
2119 0.128847 0.119755
2122 0.128847 0.119755
2125 0.265696 0.1393
2128 0.265696 0.1393
2131 0.265696 0.1393
2134 0.265696 0.1393
2137 0.34154 0.244672
2140 0.34154 0.244672
2143 0.34154 0.244672
2146 0.34154 0.244672
2149 0.32294 0.198821
2152 0.32294 0.198821
2155 0.32294 0.198821
2158 0.32294 0.198821
2161 0.287355 0.260473
2164 0.287355 0.260473
2167 0.287355 0.260473
2170 0.287355 0.260473
2173 0.243364 0.192934
2176 0.243364 0.192934
2179 0.243364 0.192934
2182 0.243364 0.192934
2185 0.118358 0.222871
2188 0.118358 0.222871
2191 0.118358 0.222871
2194 0.118358 0.222871
2197 0.0365124 0.0928612
2200 0.0365124 0.0928612
2203 0.0365124 0.0928612
2206 0.0365124 0.0928612
2209 0.00872296 0.0111134
2212 0.00872296 0.0111134
2215 0.00872296 0.0111134
2218 0.00872296 0.0111134
2221 0.00116279 0.0175513
2224 0.00116279 0.0175513
2227 0.00116279 0.0175513
2230 0.00116279 0.0175513
2233 0.00192853 0.0100113
2236 0.00192853 0.0100113
2239 0.00192853 0.0100113
2242 0.00192853 0.0100113
2245 0.00179888 0.00786808
2248 0.00179888 0.00786808
2251 0.00179888 0.00786808
2254 0.00179888 0.00786808
2257 0.00292521 0.00762094
2260 0.00292521 0.00762094
2263 0.00292521 0.00762094
2266 0.00292521 0.00762094
2269 0.0292561 0.0593104
2272 0.0292561 0.0593104
2275 0.0292561 0.0593104
2278 0.0292561 0.0593104
2281 0.0752289 0.114934
2284 0.0752289 0.114934
2287 0.0752289 0.114934
2290 0.0752289 0.114934
2293 0.0891783 0.17531
2296 0.0891783 0.17531
2299 0.0891783 0.17531
2302 0.0891783 0.17531
2305 0.104769 0.234637
2308 0.104769 0.234637
2311 0.104769 0.234637
2314 0.104769 0.234637
2317 0.0688761 0.2135
2320 0.0688761 0.2135
2323 0.0688761 0.2135
2326 0.0688761 0.2135
2329 0.0462685 0.15218
2332 0.0462685 0.15218
2335 0.0462685 0.15218
2338 0.0462685 0.15218
2341 0.0245158 0.0832793
2344 0.0245158 0.0832793
2347 0.0245158 0.0832793
2350 0.0245158 0.0832793
2353 0.0136496 0.0595414
2356 0.0136496 0.0595414
2359 0.0136496 0.0595414
2362 0.0136496 0.0595414
2365 0.0130905 0.0606312
2368 0.0130905 0.0606312
2371 0.0130905 0.0606312
2374 0.0130905 0.0606312
2377 0.0140305 0.0664857
2380 0.0140305 0.0664857
2383 0.0140305 0.0664857
2386 0.0140305 0.0664857
2389 0.0567823 0.109643
2392 0.0567823 0.109643
2395 0.0567823 0.109643
2398 0.0567823 0.109643
2401 0.0686614 0.135876
2404 0.0686614 0.135876
2407 0.0686614 0.135876
2410 0.0686614 0.135876
2413 0.07217 0.170444
2416 0.07217 0.170444
2419 0.07217 0.170444
2422 0.07217 0.170444
2425 0.0215137 0.128203
2428 0.0215137 0.128203
2431 0.0215137 0.128203
2434 0.0215137 0.128203
2437 0.0310267 0.0476339
2440 0.0310267 0.0476339
2443 0.0310267 0.0476339
2446 0.0310267 0.0476339
2449 0.0488453 0.0489142
2452 0.0488453 0.0489142
2455 0.0488453 0.0489142
2458 0.0488453 0.0489142
2461 0.0584393 0.0676485
2464 0.0584393 0.0676485
2467 0.0584393 0.0676485
2470 0.0584393 0.0676485
2473 0.0160157 0.0570416
2476 0.0160157 0.0570416
2479 0.0160157 0.0570416
2482 0.0160157 0.0570416
2485 0.0104813 0.0361032
2488 0.0104813 0.0361032
2491 0.0104813 0.0361032
2494 0.0104813 0.0361032
2497 0.0151446 0.0634106
2500 0.0151446 0.0634106
2503 0.0151446 0.0634106
2506 0.0151446 0.0634106
2509 0.0254923 0.0903168
2512 0.0254923 0.0903168
2515 0.0254923 0.0903168
2518 0.0254923 0.0903168
2521 0.0587635 0.103841
2524 0.0587635 0.103841
2527 0.0587635 0.103841
2530 0.0587635 0.103841
2533 0.0744065 0.157252
2536 0.0744065 0.157252
2539 0.0744065 0.157252
2542 0.0744065 0.157252
2545 0.0857021 0.23242
2548 0.0857021 0.23242
2551 0.0857021 0.23242
2554 0.0857021 0.23242
2557 0.051572 0.167251
2560 0.051572 0.167251
2563 0.051572 0.167251
2566 0.051572 0.167251
2569 0.00155984 0.0470181
2572 0.00155984 0.0470181
2575 0.00155984 0.0470181
2578 0.00155984 0.0470181
2581 0.000542906 0.00206223
2584 0.000542906 0.00206223
2587 0.000542906 0.00206223
2590 0.000542906 0.00206223
2593 0.000615833 0.0878413
2596 0.000615833 0.0878413
2599 0.000615833 0.0878413
2602 0.000615833 0.0878413
2605 0.000530751 0.0735273
2608 0.000530751 0.0735273
2611 0.000530751 0.0735273
2614 0.000530751 0.0735273
2617 0.000709019 0.12484
2620 0.000709019 0.12484
2623 0.000709019 0.12484
2626 0.000709019 0.12484
2629 0.0250182 0.0217243
2632 0.0250182 0.0217243
2635 0.0250182 0.0217243
2638 0.0250182 0.0217243
2641 0.0710275 0.0923223
2644 0.0710275 0.0923223
2647 0.0710275 0.0923223
2650 0.0710275 0.0923223
2653 0.150985 0.261105
2656 0.150985 0.261105
2659 0.150985 0.261105
2662 0.150985 0.261105
2665 0.169508 0.339292
2668 0.169508 0.339292
2671 0.169508 0.339292
2674 0.169508 0.339292
2677 0.16239 0.317304
2680 0.16239 0.317304
2683 0.16239 0.317304
2686 0.16239 0.317304
2689 0.119447 0.275946
2692 0.119447 0.275946
2695 0.119447 0.275946
2698 0.119447 0.275946
2701 0.0647922 0.172117
2704 0.0647922 0.172117
2707 0.0647922 0.172117
2710 0.0647922 0.172117
2713 0.0432096 0.10079
2716 0.0432096 0.10079
2719 0.0432096 0.10079
2722 0.0432096 0.10079
2725 0.045993 0.0676242
2728 0.045993 0.0676242
2731 0.045993 0.0676242
2734 0.045993 0.0676242
2737 0.0808443 0.113678
2740 0.0808443 0.113678
2743 0.0808443 0.113678
2746 0.0808443 0.113678
2749 0.0944048 0.180929
2752 0.0944048 0.180929
2755 0.0944048 0.180929
2758 0.0944048 0.180929
2761 0.102281 0.184369
2764 0.102281 0.184369
2767 0.102281 0.184369
2770 0.102281 0.184369
2773 0.109703 0.18648
2776 0.109703 0.18648
2779 0.109703 0.18648
2782 0.109703 0.18648
2785 0.116907 0.159695
2788 0.116907 0.159695
2791 0.116907 0.159695
2794 0.116907 0.159695
2797 0.119212 0.171724
2800 0.119212 0.171724
2803 0.119212 0.171724
2806 0.119212 0.171724
2809 0.12247 0.174941
2812 0.12247 0.174941
2815 0.12247 0.174941
2818 0.12247 0.174941
2821 0.124086 0.0687708
2824 0.124086 0.0687708
2827 0.124086 0.0687708
2830 0.124086 0.0687708
2833 0.123973 0.0445183
2836 0.123973 0.0445183
2839 0.123973 0.0445183
2842 0.123973 0.0445183
2845 0.123957 0.0354347
2848 0.123957 0.0354347
2851 0.123957 0.0354347
2854 0.123957 0.0354347
2857 0.132578 0.0520217
2860 0.132578 0.0520217
2863 0.132578 0.0520217
2866 0.132578 0.0520217
2869 0.126858 0.0432299
2872 0.126858 0.0432299
2875 0.126858 0.0432299
2878 0.126858 0.0432299
2881 0.13016 0.0504619
2884 0.13016 0.0504619
2887 0.13016 0.0504619
2890 0.13016 0.0504619
2893 0.137189 0.0739608
2896 0.137189 0.0739608
2899 0.137189 0.0739608
2902 0.137189 0.0739608
2905 0.136346 0.0444737
2908 0.136346 0.0444737
2911 0.136346 0.0444737
2914 0.136346 0.0444737
2917 0.138182 0.0615509
2920 0.138182 0.0615509
2923 0.138182 0.0615509
2926 0.138182 0.0615509
2929 0.137963 0.0617697
2932 0.137963 0.0617697
2935 0.137963 0.0617697
2938 0.137963 0.0617697
2941 0.148866 0.0718661
2944 0.148866 0.0718661
2947 0.148866 0.0718661
2950 0.148866 0.0718661
2953 0.198594 0.113642
2956 0.198594 0.113642
2959 0.198594 0.113642
2962 0.198594 0.113642
2965 0.261993 0.151041
2968 0.261993 0.151041
2971 0.261993 0.151041
2974 0.261993 0.151041
2977 0.329917 0.124962
2980 0.329917 0.124962
2983 0.329917 0.124962
2986 0.329917 0.124962
2989 0.385528 0.183332
2992 0.385528 0.183332
2995 0.385528 0.183332
2998 0.385528 0.183332
3001 0.466737 0.24861
3004 0.466737 0.24861
3007 0.466737 0.24861
3010 0.466737 0.24861
3013 0.561717 0.308881
3016 0.561717 0.308881
3019 0.561717 0.308881
3022 0.561717 0.308881
3025 0.639956 0.379524
3028 0.639956 0.379524
3031 0.639956 0.379524
3034 0.639956 0.379524
3037 0.694441 0.221984
3040 0.694441 0.221984
3043 0.694441 0.221984
3046 0.694441 0.221984
3049 0.648979 0.219468
3052 0.648979 0.219468
3055 0.648979 0.219468
3058 0.648979 0.219468
3061 0.649984 0.178308
3064 0.649984 0.178308
3067 0.649984 0.178308
3070 0.649984 0.178308
3073 0.661928 0.183109
3076 0.661928 0.183109
3079 0.661928 0.183109
3082 0.661928 0.183109
3085 0.66999 0.181865
3088 0.66999 0.181865
3091 0.66999 0.181865
3094 0.66999 0.181865
3097 0.673321 0.152443
3100 0.673321 0.152443
3103 0.673321 0.152443
3106 0.673321 0.152443
3109 0.66397 0.141034
3112 0.66397 0.141034
3115 0.66397 0.141034
3118 0.66397 0.141034
3121 0.655692 0.112556
3124 0.655692 0.112556
3127 0.655692 0.112556
3130 0.655692 0.112556
3133 0.664662 0.137914
3136 0.664662 0.137914
3139 0.664662 0.137914
3142 0.664662 0.137914
3145 0.666907 0.0566445
3148 0.666907 0.0566445
3151 0.666907 0.0566445
3154 0.666907 0.0566445
3157 0.663034 0.0754639
3160 0.663034 0.0754639
3163 0.663034 0.0754639
3166 0.663034 0.0754639
3169 0.658054 0.100182
3172 0.658054 0.100182
3175 0.658054 0.100182
3178 0.658054 0.100182
3181 0.661247 0.0945669
3184 0.661247 0.0945669
3187 0.661247 0.0945669
3190 0.661247 0.0945669
3193 0.666303 0.109558
3196 0.666303 0.109558
3199 0.666303 0.109558
3202 0.666303 0.109558
3205 0.663338 0.114549
3208 0.663338 0.114549
3211 0.663338 0.114549
3214 0.663338 0.114549
3217 0.661186 0.0748481
3220 0.661186 0.0748481
3223 0.661186 0.0748481
3226 0.661186 0.0748481
3229 0.658079 0.0283526
3232 0.658079 0.0283526
3235 0.658079 0.0283526
3238 0.658079 0.0283526
3241 0.653602 0.056523
3244 0.653602 0.056523
3247 0.653602 0.056523
3250 0.653602 0.056523
3253 0.651215 0.0339154
3256 0.651215 0.0339154
3259 0.651215 0.0339154
3262 0.651215 0.0339154
3265 0.652528 0.0253261
3268 0.652528 0.0253261
3271 0.652528 0.0253261
3274 0.652528 0.0253261
3277 0.658346 0.0473219
3280 0.658346 0.0473219
3283 0.658346 0.0473219
3286 0.658346 0.0473219
3289 0.673941 0.0307552
3292 0.673941 0.0307552
3295 0.673941 0.0307552
3298 0.673941 0.0307552
3301 0.671011 0.0330079
3304 0.671011 0.0330079
3307 0.671011 0.0330079
3310 0.671011 0.0330079
3313 0.668455 0.0494044
3316 0.668455 0.0494044
3319 0.668455 0.0494044
3322 0.668455 0.0494044
3325 0.664282 0.0500162
3328 0.664282 0.0500162
3331 0.664282 0.0500162
3334 0.664282 0.0500162
3337 0.650434 0.061162
3340 0.650434 0.061162
3343 0.650434 0.061162
3346 0.650434 0.061162
3349 0.645446 0.0617738
3352 0.645446 0.0617738
3355 0.645446 0.0617738
3358 0.645446 0.0617738
3361 0.654489 0.0483065
3364 0.654489 0.0483065
3367 0.654489 0.0483065
3370 0.654489 0.0483065
3373 0.649129 0.0440605
3376 0.649129 0.0440605
3379 0.649129 0.0440605
3382 0.649129 0.0440605
3385 0.650685 0.0278178
3388 0.650685 0.0278178
3391 0.650685 0.0278178
3394 0.650685 0.0278178
3397 0.653663 0.0358966
3400 0.653663 0.0358966
3403 0.653663 0.0358966
3406 0.653663 0.0358966
3409 0.6563 0.0324082
3412 0.6563 0.0324082
3415 0.6563 0.0324082
3418 0.6563 0.0324082
3421 0.647853 0.0228304
3424 0.647853 0.0228304
3427 0.647853 0.0228304
3430 0.647853 0.0228304
3433 0.651333 0.0400049
3436 0.651333 0.0400049
3439 0.651333 0.0400049
3442 0.651333 0.0400049
3445 0.697881 0.0584556
3448 0.697881 0.0584556
3451 0.697881 0.0584556
3454 0.697881 0.0584556
3457 0.710595 0.0339843
3460 0.710595 0.0339843
3463 0.710595 0.0339843
3466 0.710595 0.0339843
3469 0.706418 0.0245483
3472 0.706418 0.0245483
3475 0.706418 0.0245483
3478 0.706418 0.0245483
3481 0.709197 0.0198728
3484 0.709197 0.0198728
3487 0.709197 0.0198728
3490 0.709197 0.0198728
3493 0.711413 0.0231829
3496 0.711413 0.0231829
3499 0.711413 0.0231829
3502 0.711413 0.0231829
3505 0.717608 0.0502269
3508 0.717608 0.0502269
3511 0.717608 0.0502269
3514 0.717608 0.0502269
3517 0.72497 0.0589377
3520 0.72497 0.0589377
3523 0.72497 0.0589377
3526 0.72497 0.0589377
3529 0.725051 0.0763877
3532 0.725051 0.0763877
3535 0.725051 0.0763877
3538 0.725051 0.0763877
3541 0.717223 0.183287
3544 0.717223 0.183287
3547 0.717223 0.183287
3550 0.717223 0.183287
3553 0.716222 0.0304392
3556 0.716222 0.0304392
3559 0.716222 0.0304392
3562 0.716222 0.0304392
3565 0.705822 0.0289604
3568 0.705822 0.0289604
3571 0.705822 0.0289604
3574 0.705822 0.0289604
3577 0.71147 0.0453367
3580 0.71147 0.0453367
3583 0.71147 0.0453367
3586 0.71147 0.0453367
3589 0.709472 0.036403
3592 0.709472 0.036403
3595 0.709472 0.036403
3598 0.709472 0.036403
3601 0.7072 0.0200713
3604 0.7072 0.0200713
3607 0.7072 0.0200713
3610 0.7072 0.0200713
3613 0.706697 0.0317924
3616 0.706697 0.0317924
3619 0.706697 0.0317924
3622 0.706697 0.0317924
3625 0.704364 0.0210801
3628 0.704364 0.0210801
3631 0.704364 0.0210801
3634 0.704364 0.0210801
3637 0.708926 0.0326108
3640 0.708926 0.0326108
3643 0.708926 0.0326108
3646 0.708926 0.0326108
3649 0.713593 0.0653513
3652 0.713593 0.0653513
3655 0.713593 0.0653513
3658 0.713593 0.0653513
3661 0.716842 0.0228223
3664 0.716842 0.0228223
3667 0.716842 0.0228223
3670 0.716842 0.0228223
3673 0.715444 0.0436188
3676 0.715444 0.0436188
3679 0.715444 0.0436188
3682 0.715444 0.0436188
3685 0.716737 0.0320517
3688 0.716737 0.0320517
3691 0.716737 0.0320517
3694 0.716737 0.0320517
3697 0.708654 0.0706223
3700 0.708654 0.0706223
3703 0.708654 0.0706223
3706 0.708654 0.0706223
3709 0.703298 0.0687303
3712 0.703298 0.0687303
3715 0.703298 0.0687303
3718 0.703298 0.0687303
3721 0.694056 0.0752492
3724 0.694056 0.0752492
3727 0.694056 0.0752492
3730 0.694056 0.0752492
3733 0.689604 0.0740621
3736 0.689604 0.0740621
3739 0.689604 0.0740621
3742 0.689604 0.0740621
3745 0.684365 0.0860911
3748 0.684365 0.0860911
3751 0.684365 0.0860911
3754 0.684365 0.0860911
3757 0.684665 0.0867069
3760 0.684665 0.0867069
3763 0.684665 0.0867069
3766 0.684665 0.0867069
3769 0.67834 0.023272
3772 0.67834 0.023272
3775 0.67834 0.023272
3778 0.67834 0.023272
3781 0.682578 0.0450247
3784 0.682578 0.0450247
3787 0.682578 0.0450247
3790 0.682578 0.0450247
3793 0.678956 0.0295195
3796 0.678956 0.0295195
3799 0.678956 0.0295195
3802 0.678956 0.0295195
3805 0.665979 0.060376
3808 0.665979 0.060376
3811 0.665979 0.060376
3814 0.665979 0.060376
3817 0.744482 0.0879548
3820 0.744482 0.0879548
3823 0.744482 0.0879548
3826 0.744482 0.0879548
3829 0.793793 0.0225427
3832 0.793793 0.0225427
3835 0.793793 0.0225427
3838 0.793793 0.0225427
3841 0.797435 0.0187748
3844 0.797435 0.0187748
3847 0.797435 0.0187748
3850 0.797435 0.0187748
3853 0.796795 0.0307795
3856 0.796795 0.0307795
3859 0.796795 0.0307795
3862 0.796795 0.0307795
3865 0.794863 0.0460538
3868 0.794863 0.0460538
3871 0.794863 0.0460538
3874 0.794863 0.0460538
3877 0.795102 0.0652783
3880 0.795102 0.0652783
3883 0.795102 0.0652783
3886 0.795102 0.0652783
3889 0.794697 0.0401062
3892 0.794697 0.0401062
3895 0.794697 0.0401062
3898 0.794697 0.0401062
3901 0.792375 0.0537355
3904 0.792375 0.0537355
3907 0.792375 0.0537355
3910 0.792375 0.0537355
3913 0.791297 0.0451422
3916 0.791297 0.0451422
3919 0.791297 0.0451422
3922 0.791297 0.0451422
3925 0.79167 0.0296329
3928 0.79167 0.0296329
3931 0.79167 0.0296329
3934 0.79167 0.0296329
3937 0.791792 0.0290536
3940 0.791792 0.0290536
3943 0.791792 0.0290536
3946 0.791792 0.0290536
3949 0.792821 0.0567863
3952 0.792821 0.0567863
3955 0.792821 0.0567863
3958 0.792821 0.0567863
3961 0.793473 0.0316628
3964 0.793473 0.0316628
3967 0.793473 0.0316628
3970 0.793473 0.0316628
3973 0.79703 0.0682035
3976 0.79703 0.0682035
3979 0.79703 0.0682035
3982 0.79703 0.0682035
3985 0.792225 0.0251884
3988 0.792225 0.0251884
3991 0.792225 0.0251884
3994 0.792225 0.0251884
3997 0.795381 0.0124261
4000 0.795381 0.0124261
4003 0.795381 0.0124261
4006 0.795381 0.0124261
4009 0.792962 0.0845637
4012 0.792962 0.0845637
4015 0.792962 0.0845637
4018 0.792962 0.0845637
4021 0.79573 0.0611782
4024 0.79573 0.0611782
4027 0.79573 0.0611782
4030 0.79573 0.0611782
4033 0.795264 0.0282027
4036 0.795264 0.0282027
4039 0.795264 0.0282027
4042 0.795264 0.0282027
4045 0.782858 0.0544648
4048 0.782858 0.0544648
4051 0.782858 0.0544648
4054 0.782858 0.0544648
4057 0.782323 0.0168422
4060 0.782323 0.0168422
4063 0.782323 0.0168422
4066 0.782323 0.0168422
4069 0.79056 0.0175148
4072 0.79056 0.0175148
4075 0.79056 0.0175148
4078 0.79056 0.0175148
4081 0.79389 0.0225265
4084 0.79389 0.0225265
4087 0.79389 0.0225265
4090 0.79389 0.0225265
4093 0.795414 0.0319747
4096 0.795414 0.0319747
4099 0.795414 0.0319747
4102 0.795414 0.0319747
4105 0.79184 0.0757759
4108 0.79184 0.0757759
4111 0.79184 0.0757759
4114 0.79184 0.0757759
4117 0.794304 0.0558221
4120 0.794304 0.0558221
4123 0.794304 0.0558221
4126 0.794304 0.0558221
4129 0.792829 0.0288388
4132 0.792829 0.0288388
4135 0.792829 0.0288388
4138 0.792829 0.0288388
4141 0.789474 0.250089
4144 0.789474 0.250089
4147 0.789474 0.250089
4150 0.789474 0.250089
4153 0.784932 0.317397
4156 0.784932 0.317397
4159 0.784932 0.317397
4162 0.784932 0.317397
4165 0.784774 0.31431
4168 0.784774 0.31431
4171 0.784774 0.31431
4174 0.784774 0.31431
4177 0.792719 0.331861
4180 0.792719 0.331861
4183 0.792719 0.331861
4186 0.792719 0.331861
4189 0.804145 0.241638
4192 0.804145 0.241638
4195 0.804145 0.241638
4198 0.804145 0.241638
4201 0.806616 0.332035
4204 0.806616 0.332035
4207 0.806616 0.332035
4210 0.806616 0.332035
4213 0.810502 0.611972
4216 0.810502 0.611972
4219 0.810502 0.611972
4222 0.810502 0.611972
4225 0.820087 0.62251
4228 0.820087 0.62251
4231 0.820087 0.62251
4234 0.820087 0.62251
4237 0.845507 0.481841
4240 0.845507 0.481841
4243 0.845507 0.481841
4246 0.845507 0.481841
4249 0.817215 0.556094
4252 0.817215 0.556094
4255 0.817215 0.556094
4258 0.817215 0.556094
4261 0.721113 0.636901
4264 0.721113 0.636901
4267 0.721113 0.636901
4270 0.721113 0.636901
4273 0.746925 0.446609
4276 0.746925 0.446609
4279 0.746925 0.446609
4282 0.746925 0.446609
4285 0.760587 0.360117
4288 0.760587 0.360117
4291 0.760587 0.360117
4294 0.760587 0.360117
4297 0.709716 0.583664
4300 0.709716 0.583664
4303 0.709716 0.583664
4306 0.709716 0.583664
4309 0.691577 0.637286
4312 0.691577 0.637286
4315 0.691577 0.637286
4318 0.691577 0.637286
4321 0.659331 0.591589
4324 0.659331 0.591589
4327 0.659331 0.591589
4330 0.659331 0.591589
4333 0.608075 0.649311
4336 0.608075 0.649311
4339 0.608075 0.649311
4342 0.608075 0.649311
4345 0.604935 0.583624
4348 0.604935 0.583624
4351 0.604935 0.583624
4354 0.604935 0.583624
4357 0.614468 0.654623
4360 0.614468 0.654623
4363 0.614468 0.654623
4366 0.614468 0.654623
4369 0.596824 0.630569
4372 0.596824 0.630569
4375 0.596824 0.630569
4378 0.596824 0.630569
4381 0.589762 0.670456
4384 0.589762 0.670456
4387 0.589762 0.670456
4390 0.589762 0.670456
4393 0.5723 0.23251
4396 0.5723 0.23251
4399 0.5723 0.23251
4402 0.5723 0.23251
4405 0.494611 0.571753
4408 0.494611 0.571753
4411 0.494611 0.571753
4414 0.494611 0.571753
4417 0.475788 0.570116
4420 0.475788 0.570116
4423 0.475788 0.570116
4426 0.475788 0.570116
4429 0.494474 0.573616
4432 0.494474 0.573616
4435 0.494474 0.573616
4438 0.494474 0.573616
4441 0.459294 0.137756
4444 0.459294 0.137756
4447 0.459294 0.137756
4450 0.459294 0.137756
4453 0.483741 0.594903
4456 0.483741 0.594903
4459 0.483741 0.594903
4462 0.483741 0.594903
4465 0.47685 0.596828
4468 0.47685 0.596828
4471 0.47685 0.596828
4474 0.47685 0.596828
4477 0.512519 0.637614
4480 0.512519 0.637614
4483 0.512519 0.637614
4486 0.512519 0.637614
4489 0.442266 0.545803
4492 0.442266 0.545803
4495 0.442266 0.545803
4498 0.442266 0.545803
4501 0.482254 0.485042
4504 0.482254 0.485042
4507 0.482254 0.485042
4510 0.482254 0.485042
4513 0.63428 0.483599
4516 0.63428 0.483599
4519 0.63428 0.483599
4522 0.63428 0.483599
4525 0.70867 0.528608
4528 0.70867 0.528608
4531 0.70867 0.528608
4534 0.70867 0.528608
4537 0.779345 0.591164
4540 0.779345 0.591164
4543 0.779345 0.591164
4546 0.779345 0.591164
4549 0.718285 0.573381
4552 0.718285 0.573381
4555 0.718285 0.573381
4558 0.718285 0.573381
4561 0.598695 0.555871
4564 0.598695 0.555871
4567 0.598695 0.555871
4570 0.598695 0.555871
4573 0.532149 0.599307
4576 0.532149 0.599307
4579 0.532149 0.599307
4582 0.532149 0.599307
4585 0.479337 0.608362
4588 0.479337 0.608362
4591 0.479337 0.608362
4594 0.479337 0.608362
4597 0.501479 0.394547
4600 0.501479 0.394547
4603 0.501479 0.394547
4606 0.501479 0.394547
4609 0.481882 0.373187
4612 0.481882 0.373187
4615 0.481882 0.373187
4618 0.481882 0.373187
4621 0.430038 0.365752
4624 0.430038 0.365752
4627 0.430038 0.365752
4630 0.430038 0.365752
4633 0.372255 0.507503
4636 0.372255 0.507503
4639 0.372255 0.507503
4642 0.372255 0.507503
4645 0.425043 0.539527
4648 0.425043 0.539527
4651 0.425043 0.539527
4654 0.425043 0.539527
4657 0.459436 0.477453
4660 0.459436 0.477453
4663 0.459436 0.477453
4666 0.459436 0.477453
4669 0.405737 0.494259
4672 0.405737 0.494259
4675 0.405737 0.494259
4678 0.405737 0.494259
4681 0.273864 0.311012
4684 0.273864 0.311012
4687 0.273864 0.311012
4690 0.273864 0.311012
4693 0.278717 0.450324
4696 0.278717 0.450324
4699 0.278717 0.450324
4702 0.278717 0.450324
4705 0.296305 0.399603
4708 0.296305 0.399603
4711 0.296305 0.399603
4714 0.296305 0.399603
4717 0.357459 0.448521
4720 0.357459 0.448521
4723 0.357459 0.448521
4726 0.357459 0.448521
4729 0.426939 0.600429
4732 0.426939 0.600429
4735 0.426939 0.600429
4738 0.426939 0.600429
4741 0.371011 0.348209
4744 0.371011 0.348209
4747 0.371011 0.348209
4750 0.371011 0.348209
4753 0.286598 0.473697
4756 0.286598 0.473697
4759 0.286598 0.473697
4762 0.286598 0.473697
4765 0.186743 0.386857
4768 0.186743 0.386857
4771 0.186743 0.386857
4774 0.186743 0.386857
4777 0.105186 0.291897
4780 0.105186 0.291897
4783 0.105186 0.291897
4786 0.105186 0.291897
4789 0.0316101 0.190078
4792 0.0316101 0.190078
4795 0.0316101 0.190078
4798 0.0316101 0.190078
4801 0.000299814 0.0301313
4804 0.000299814 0.0301313
4807 0.000299814 0.0301313
4810 0.000299814 0.0301313
4813 0.000117495 0.110258
4816 0.000117495 0.110258
4819 0.000117495 0.110258
4822 0.000117495 0.110258
4825 0.000125598 0.0828336
4828 0.000125598 0.0828336
4831 0.000125598 0.0828336
4834 0.000125598 0.0828336
4837 0.000704967 0.0735759
4840 0.000704967 0.0735759
4843 0.000704967 0.0735759
4846 0.000704967 0.0735759
4849 0.00135726 0.0193056
4852 0.00135726 0.0193056
4855 0.00135726 0.0193056
4858 0.00135726 0.0193056
4861 0.00174621 0.00637712
4864 0.00174621 0.00637712
4867 0.00174621 0.00637712
4870 0.00174621 0.00637712
4873 0.000478081 0.00939146
4876 0.000478081 0.00939146
4879 0.000478081 0.00939146
4882 0.000478081 0.00939146
4885 0.000559112 0.0240013
4888 0.000559112 0.0240013
4891 0.000559112 0.0240013
4894 0.000559112 0.0240013
4897 0.00183535 0.00579775
4900 0.00183535 0.00579775
4903 0.00183535 0.00579775
4906 0.00183535 0.00579775
4909 0.00617454 0.0122275
4912 0.00617454 0.0122275
4915 0.00617454 0.0122275
4918 0.00617454 0.0122275
4921 0.0275545 0.0465319
4924 0.0275545 0.0465319
4927 0.0275545 0.0465319
4930 0.0275545 0.0465319
4933 0.0845231 0.115542
4936 0.0845231 0.115542
4939 0.0845231 0.115542
4942 0.0845231 0.115542
4945 0.111717 0.226185
4948 0.111717 0.226185
4951 0.111717 0.226185
4954 0.111717 0.226185
4957 0.090329 0.228815
4960 0.090329 0.228815
4963 0.090329 0.228815
4966 0.090329 0.228815
4969 0.0644518 0.187092
4972 0.0644518 0.187092
4975 0.0644518 0.187092
4978 0.0644518 0.187092
4981 0.0745564 0.15173
4984 0.0745564 0.15173
4987 0.0745564 0.15173
4990 0.0745564 0.15173
4993 0.0884005 0.228729
4996 0.0884005 0.228729
4999 0.0884005 0.228729
5002 0.0884005 0.228729
5005 0.0869054 0.241443
5008 0.0869054 0.241443
5011 0.0869054 0.241443
5014 0.0869054 0.241443
5017 0.0409853 0.171076
5020 0.0409853 0.171076
5023 0.0409853 0.171076
5026 0.0409853 0.171076
5029 0.00980877 0.0587149
5032 0.00980877 0.0587149
5035 0.00980877 0.0587149
5038 0.00980877 0.0587149
5041 0.0148853 0.0395511
5044 0.0148853 0.0395511
5047 0.0148853 0.0395511
5050 0.0148853 0.0395511
5053 0.0716798 0.115019
5056 0.0716798 0.115019
5059 0.0716798 0.115019
5062 0.0716798 0.115019
5065 0.168374 0.18597
5068 0.168374 0.18597
5071 0.168374 0.18597
5074 0.168374 0.18597
5077 0.230796 0.250535
5080 0.230796 0.250535
5083 0.230796 0.250535
5086 0.230796 0.250535
5089 0.179714 0.23962
5092 0.179714 0.23962
5095 0.179714 0.23962
5098 0.179714 0.23962
5101 0.127518 0.234365
5104 0.127518 0.234365
5107 0.127518 0.234365
5110 0.127518 0.234365
5113 0.0694109 0.181663
5116 0.0694109 0.181663
5119 0.0694109 0.181663
5122 0.0694109 0.181663
5125 0.00824082 0.0808808
5128 0.00824082 0.0808808
5131 0.00824082 0.0808808
5134 0.00824082 0.0808808
5137 0.000174216 0.0843327
5140 0.000174216 0.0843327
5143 0.000174216 0.0843327
5146 0.000174216 0.0843327
5149 6.88761e-05 0.0739162
5152 6.88761e-05 0.0739162
5155 6.88761e-05 0.0739162
5158 6.88761e-05 0.0739162
5161 0.000234989 0.0849283
5164 0.000234989 0.0849283
5167 0.000234989 0.0849283
5170 0.000234989 0.0849283
5173 5.267e-05 0.040645
5176 5.267e-05 0.040645
5179 5.267e-05 0.040645
5182 5.267e-05 0.040645
5185 0.000113443 0.107613
5188 0.000113443 0.107613
5191 0.000113443 0.107613
5194 0.000113443 0.107613
5197 1.21546e-05 0.115424
5200 1.21546e-05 0.115424
5203 1.21546e-05 0.115424
5206 1.21546e-05 0.115424
5209 0 0.0584231
5212 0 0.0584231
5215 0 0.0584231
5218 0 0.0584231
5221 0.000133701 0.122304
5224 0.000133701 0.122304
5227 0.000133701 0.122304
5230 0.000133701 0.122304
5233 5.267e-05 0.0714367
5236 5.267e-05 0.0714367
5239 5.267e-05 0.0714367
5242 5.267e-05 0.0714367
5245 8.10307e-05 0.0857467
5248 8.10307e-05 0.0857467
5251 8.10307e-05 0.0857467
5254 8.10307e-05 0.0857467
5257 0.0122194 0.0123896
5260 0.0122194 0.0123896
5263 0.0122194 0.0123896
5266 0.0122194 0.0123896
5269 0.0507657 0.0477636
5272 0.0507657 0.0477636
5275 0.0507657 0.0477636
5278 0.0507657 0.0477636
5281 0.0620898 0.121769
5284 0.0620898 0.121769
5287 0.0620898 0.121769
5290 0.0620898 0.121769
5293 0.105879 0.133296
5296 0.105879 0.133296
5299 0.105879 0.133296
5302 0.105879 0.133296
5305 0.160959 0.262689
5308 0.160959 0.262689
5311 0.160959 0.262689
5314 0.160959 0.262689
5317 0.171218 0.30391
5320 0.171218 0.30391
5323 0.171218 0.30391
5326 0.171218 0.30391
5329 0.160651 0.111741
5332 0.160651 0.111741
5335 0.160651 0.111741
5338 0.160651 0.111741
5341 0.182979 0.122656
5344 0.182979 0.122656
5347 0.182979 0.122656
5350 0.182979 0.122656
5353 0.208358 0.175355
5356 0.208358 0.175355
5359 0.208358 0.175355
5362 0.208358 0.175355
5365 0.247954 0.226213
5368 0.247954 0.226213
5371 0.247954 0.226213
5374 0.247954 0.226213
5377 0.251398 0.228276
5380 0.251398 0.228276
5383 0.251398 0.228276
5386 0.251398 0.228276
5389 0.281517 0.219901
5392 0.281517 0.219901
5395 0.281517 0.219901
5398 0.281517 0.219901
5401 0.296706 0.259128
5404 0.296706 0.259128
5407 0.296706 0.259128
5410 0.296706 0.259128
5413 0.298335 0.256061
5416 0.298335 0.256061
5419 0.298335 0.256061
5422 0.298335 0.256061
5425 0.342424 0.133531
5428 0.342424 0.133531
5431 0.342424 0.133531
5434 0.342424 0.133531
5437 0.372077 0.200134
5440 0.372077 0.200134
5443 0.372077 0.200134
5446 0.372077 0.200134
5449 0.411263 0.22439
5452 0.411263 0.22439
5455 0.411263 0.22439
5458 0.411263 0.22439
5461 0.407832 0.284118
5464 0.407832 0.284118
5467 0.407832 0.284118
5470 0.407832 0.284118
5473 0.401086 0.199643
5476 0.401086 0.199643
5479 0.401086 0.199643
5482 0.401086 0.199643
5485 0.438242 0.163779
5488 0.438242 0.163779
5491 0.438242 0.163779
5494 0.438242 0.163779
5497 0.492403 0.107637
5500 0.492403 0.107637
5503 0.492403 0.107637
5506 0.492403 0.107637
5509 0.532817 0.113573
5512 0.532817 0.113573
5515 0.532817 0.113573
5518 0.532817 0.113573
5521 0.552609 0.107033
5524 0.552609 0.107033
5527 0.552609 0.107033
5530 0.552609 0.107033
5533 0.609809 0.16303
5536 0.609809 0.16303
5539 0.609809 0.16303
5542 0.609809 0.16303
5545 0.65282 0.213224
5548 0.65282 0.213224
5551 0.65282 0.213224
5554 0.65282 0.213224
5557 0.675857 0.0994206
5560 0.675857 0.0994206
5563 0.675857 0.0994206
5566 0.675857 0.0994206
5569 0.69184 0.0979094
5572 0.69184 0.0979094
5575 0.69184 0.0979094
5578 0.69184 0.0979094
5581 0.691625 0.146179
5584 0.691625 0.146179
5587 0.691625 0.146179
5590 0.691625 0.146179
5593 0.695572 0.169447
5596 0.695572 0.169447
5599 0.695572 0.169447
5602 0.695572 0.169447
5605 0.699684 0.157593
5608 0.699684 0.157593
5611 0.699684 0.157593
5614 0.699684 0.157593
5617 0.69983 0.110498
5620 0.69983 0.110498
5623 0.69983 0.110498
5626 0.69983 0.110498
5629 0.70675 0.102702
5632 0.70675 0.102702
5635 0.70675 0.102702
5638 0.70675 0.102702
5641 0.714529 0.0732761
5644 0.714529 0.0732761
5647 0.714529 0.0732761
5650 0.714529 0.0732761
5653 0.787675 0.0692975
5656 0.787675 0.0692975
5659 0.787675 0.0692975
5662 0.787675 0.0692975
5665 0.784215 0.0515477
5668 0.784215 0.0515477
5671 0.784215 0.0515477
5674 0.784215 0.0515477
5677 0.785192 0.0716879
5680 0.785192 0.0716879
5683 0.785192 0.0716879
5686 0.785192 0.0716879
5689 0.784122 0.0527145
5692 0.784122 0.0527145
5695 0.784122 0.0527145
5698 0.784122 0.0527145
5701 0.783932 0.0977473
5704 0.783932 0.0977473
5707 0.783932 0.0977473
5710 0.783932 0.0977473
5713 0.774905 0.0590147
5716 0.774905 0.0590147
5719 0.774905 0.0590147
5722 0.774905 0.0590147
5725 0.770197 0.0813427
5728 0.770197 0.0813427
5731 0.770197 0.0813427
5734 0.770197 0.0813427
5737 0.769913 0.0248643
