frame_number static_density dynamic_density
1 0.0700997 0.0987319
4 0.068872 0.0733814
7 0.0775018 0.0259541
10 0.0860465 0.0428409
13 0.0905154 0.0510656
16 0.0944048 0.0572725
19 0.097091 0.0626084
22 0.0997893 0.0614172
25 0.102824 0.0516976
28 0.107649 0.0665343
31 0.110684 0.0725752
34 0.112333 0.0904303
37 0.113642 0.0883316
40 0.11493 0.0866867
43 0.116303 0.0820963
46 0.117381 0.0798477
49 0.118208 0.0716757
52 0.120926 0.0681225
55 0.12766 0.019184
58 0.132603 0.0263917
61 0.135078 0.0308849
64 0.130646 0.0167247
67 0.126692 0.0267685
70 0.121364 0.0208249
73 0.123385 0.0194555
76 0.125885 0.027121
79 0.129686 0.0405842
82 0.136869 0.0460619
85 0.148805 0.0589904
88 0.160611 0.0630865
91 0.173543 0.0712625
94 0.179511 0.0860465
97 0.185532 0.0849607
100 0.185718 0.0821935
103 0.184381 0.0802407
106 0.179102 0.0859088
109 0.180439 0.0781825
112 0.186646 0.0917754
115 0.192586 0.10863
118 0.196759 0.118106
121 0.197354 0.124803
124 0.198335 0.12563
127 0.199575 0.124581
130 0.202759 0.12661
133 0.20583 0.128004
136 0.210554 0.143226
139 0.214772 0.138664
142 0.216384 0.143509
145 0.218276 0.142031
148 0.216632 0.126878
151 0.215347 0.124479
154 0.212762 0.10075
157 0.208865 0.131249
160 0.206316 0.1217
163 0.204331 0.125666
166 0.202224 0.123422
169 0.201155 0.118584
172 0.199319 0.139312
175 0.198367 0.104007
178 0.197488 0.118236
181 0.197982 0.0897496
184 0.197561 0.0889191
187 0.196147 0.0805364
190 0.196439 0.0789118
193 0.195782 0.0358237
196 0.196346 0.0578195
199 0.196167 0.0379953
202 0.196094 0.0210923
205 0.196803 0.0286484
208 0.196467 0.0159671
211 0.196637 0.0397496
214 0.196297 0.0304919
217 0.195705 0.022012
220 0.197824 0.0899522
223 0.197306 0.0299003
226 0.197022 0.0286241
229 0.196799 0.0293331
232 0.197156 0.0275099
235 0.198242 0.0254639
238 0.19729 0.0170448
241 0.195713 0.0226805
244 0.196957 0.0093712
247 0.195187 0.0208168
250 0.194834 0.0180901
253 0.194194 0.0133417
256 0.194312 0.0103557
259 0.194502 0.0098979
262 0.194328 0.0287335
265 0.194595 0.0343975
268 0.194336 0.0178308
271 0.192991 0.072802
274 0.192768 0.0188721
277 0.19673 0.0243943
280 0.201426 0.013597
283 0.207244 0.0160198
286 0.213273 0.0308079
289 0.212548 0.0332347
292 0.210299 0.0279759
295 0.207657 0.0237906
298 0.203095 0.0384248
301 0.199955 0.0132931
304 0.197922 0.030581
307 0.197261 0.0234705
310 0.197508 0.0361762
313 0.196512 0.0182319
316 0.197059 0.033729
319 0.195146 0.0393161
322 0.195543 0.0688558
325 0.195973 0.0472936
328 0.196188 0.0649623
331 0.196216 0.05472
334 0.196321 0.0372579
337 0.196115 0.0200551
340 0.196803 0.0119601
343 0.199259 0.0205696
346 0.201564 0.0189855
349 0.202492 0.020444
352 0.201272 0.0240297
355 0.200932 0.0212787
358 0.20098 0.0194595
361 0.200912 0.0176525
364 0.20064 0.0177336
367 0.199935 0.0171056
370 0.198197 0.0303744
373 0.19767 0.0171947
376 0.197107 0.0166356
379 0.196479 0.0175594
382 0.197492 0.0204481
385 0.201037 0.0186249
388 0.203428 0.0263917
391 0.2072 0.0376023
394 0.208942 0.0403776
397 0.212268 0.0355077
400 0.21303 0.035613
403 0.214934 0.0368285
406 0.221554 0.0456689
409 0.231553 0.0604246
412 0.241832 0.0804108
415 0.254023 0.0897091
418 0.264902 0.116441
421 0.271668 0.145402
424 0.284021 0.166623
427 0.296775 0.184896
430 0.306608 0.1984
433 0.316769 0.211223
436 0.327145 0.22315
439 0.331784 0.223446
442 0.334053 0.240515
445 0.338409 0.263913
448 0.344855 0.266733
451 0.351613 0.270189
454 0.356527 0.280034
457 0.361652 0.275962
460 0.364302 0.284381
463 0.367337 0.288145
466 0.367434 0.275958
469 0.367016 0.275415
472 0.37042 0.302816
475 0.370152 0.277968
478 0.368499 0.278847
481 0.369168 0.262228
484 0.369788 0.256685
487 0.371007 0.236018
490 0.370914 0.249753
493 0.370987 0.261498
496 0.371951 0.170428
499 0.373807 0.0537598
502 0.382384 0.0151649
505 0.392865 0.0334333
508 0.405863 0.0501499
511 0.414987 0.0648043
514 0.420975 0.0657726
517 0.428567 0.0636861
520 0.443748 0.0839843
523 0.452078 0.0654201
526 0.461134 0.0706061
529 0.466449 0.0724658
532 0.469869 0.0762661
535 0.47217 0.0760109
538 0.474856 0.0795519
541 0.477761 0.0830686
544 0.479033 0.0907868
547 0.478405 0.129844
550 0.475808 0.103411
553 0.474577 0.0996435
556 0.473426 0.0903614
559 0.47121 0.104538
562 0.46965 0.127287
565 0.466182 0.189592
568 0.464667 0.242991
571 0.466842 0.0499392
574 0.46916 0.0135159
577 0.473693 0.0309011
580 0.479382 0.0411312
583 0.484839 0.0363787
586 0.4896 0.0549267
589 0.494798 0.0574022
592 0.500454 0.0666356
595 0.517774 0.0663439
598 0.532663 0.0535005
601 0.544166 0.00402317
604 0.55188 0.0789887
607 0.564816 0.0778097
610 0.57802 0.0768657
613 0.58554 0.0961835
616 0.591715 0.0935905
619 0.595179 0.107657
622 0.608196 0.145491
625 0.610299 0.121708
628 0.610676 0.121449
631 0.615149 0.12187
634 0.617503 0.125411
637 0.618183 0.124301
640 0.618208 0.113212
643 0.618037 0.0791386
646 0.618232 0.12377
649 0.619229 0.0693056
652 0.621056 0.0773398
655 0.622121 0.0800138
658 0.623276 0.0833847
661 0.623418 0.0920914
664 0.625026 0.092456
667 0.625537 0.0828863
670 0.624516 0.125338
673 0.625812 0.111721
676 0.626238 0.113058
679 0.627247 0.112677
682 0.629487 0.100867
685 0.629961 0.106746
688 0.629661 0.104578
691 0.629738 0.10929
694 0.630233 0.100932
697 0.633454 0.00919293
700 0.633474 0.148027
703 0.634033 0.102346
706 0.6349 0.0932096
709 0.635852 0.095045
712 0.63821 0.0845758
715 0.638421 0.0196297
718 0.63981 0.0739365
721 0.642711 0.214225
724 0.643327 0.0756665
727 0.643797 0.125748
730 0.64372 0.105328
733 0.644547 0.0578316
736 0.645292 0.0525322
739 0.646528 0.0136253
742 0.647249 0.0233652
745 0.650802 0.183251
748 0.653869 0.0103355
751 0.653561 0.0401831
754 0.654278 0.0532574
757 0.654278 0.089462
760 0.654923 0.0883599
763 0.656004 0.0346892
766 0.65664 0.0272547
769 0.656632 0.0189814
772 0.663119 0.134191
775 0.662904 0.0971923
778 0.662973 0.0674986
781 0.662037 0.0228304
784 0.661701 0.0108176
787 0.662649 0.0245928
790 0.661709 0.0114091
793 0.6616 0.013285
796 0.657362 0.0373268
799 0.656596 0.0249088
802 0.654185 0.0329754
805 0.652674 0.040329
808 0.652042 0.0434811
811 0.653675 0.0607406
814 0.661146 0.0561543
817 0.669302 0.0806985
820 0.696678 0.0603031
823 0.713082 0.0193137
826 0.739033 0.0362369
829 0.750908 0.0510129
832 0.757973 0.0188275
835 0.76098 0.0131553
838 0.761794 0.0440929
841 0.763317 0.0256867
844 0.76371 0.0348229
847 0.777494 0.141139
850 0.777202 0.0200632
853 0.77721 0.0293615
856 0.775444 0.0287497
859 0.774994 0.0238433
862 0.775306 0.0328742
865 0.774386 0.0596994
868 0.772859 0.039701
871 0.777636 0.101734
874 0.778515 0.0545013
877 0.778231 0.0482538
880 0.780083 0.0432866
883 0.779791 0.0547443
886 0.779511 0.0159104
889 0.779333 0.0208249
892 0.77657 0.0206304
895 0.779738 0.0386192
898 0.773102 0.0456527
901 0.772429 0.0171015
904 0.772587 0.0340775
907 0.766247 0.193562
910 0.76685 0.0182198
913 0.768102 0.011166
916 0.77029 0.0147638
919 0.770464 0.0129163
922 0.771003 0.0176039
925 0.770946 0.0187302
928 0.771578 0.0301758
931 0.771899 0.148882
934 0.772117 0.0399198
937 0.771797 0.0109675
940 0.771084 0.0175431
943 0.769715 0.0250952
946 0.767102 0.0186371
949 0.767535 0.0297464
952 0.766713 0.0316141
955 0.779236 0.0864517
958 0.778592 0.0307431
961 0.776132 0.0510291
964 0.773252 0.0550077
967 0.773483 0.0499959
970 0.772482 0.011085
973 0.770857 0.013447
976 0.770112 0.0188964
979 0.768349 0.0143992
982 0.758832 0.0423142
985 0.756045 0.0231221
988 0.755713 0.0224374
991 0.761425 0.0292967
994 0.762989 0.0247387
997 0.761806 0.00701321
1000 0.762398 0.00877157
1003 0.761948 0.0195568
1006 0.759387 0.088287
1009 0.759805 0.0413216
1012 0.752986 0.0373389
1015 0.752411 0.0304311
1018 0.753926 0.0329228
1021 0.753189 0.0314359
1024 0.752646 0.0352159
1027 0.752536 0.031286
1030 0.752504 0.0252289
1033 0.752354 0.0379467
1036 0.758233 0.0857305
1039 0.757366 0.0523256
1042 0.756247 0.0430597
1045 0.756713 0.0313629
1048 0.757139 0.0377806
1051 0.758156 0.034357
1054 0.758208 0.0417389
1057 0.757921 0.033016
1060 0.758545 0.0291022
1063 0.752455 0.128932
1066 0.752265 0.0249413
1069 0.751017 0.0307917
1072 0.752208 0.0262175
1075 0.751082 0.0310388
1078 0.751924 0.0238595
1081 0.752212 0.023896
1084 0.753448 0.0309294
1087 0.75737 0.0732882
1090 0.756709 0.0248157
1093 0.757856 0.0302528
1096 0.758257 0.027125
1099 0.757957 0.0238433
1102 0.756438 0.0299206
1105 0.756138 0.0247994
1108 0.755279 0.0285269
1111 0.757674 0.0835224
1114 0.755409 0.0372377
1117 0.756373 0.0323434
1120 0.754615 0.0349364
1123 0.755555 0.0333158
1126 0.755466 0.0274492
1129 0.756069 0.027911
1132 0.759675 0.0328093
1135 0.757102 0.0436715
1138 0.763617 0.0445142
1141 0.76525 0.0367029
1144 0.762552 0.0286889
1147 0.76151 0.0253099
1150 0.762479 0.397176
1153 0.758435 0.0238919
1156 0.756126 0.0296694
1159 0.754809 0.0375739
1162 0.754801 0.0539867
1165 0.754919 0.0403817
1168 0.753079 0.0366826
1171 0.7572 0.0305121
1174 0.75389 0.0381817
1177 0.753821 0.0429301
1180 0.755672 0.0376388
1183 0.757029 0.0347217
1186 0.758751 0.0273398
1189 0.766571 0.0721619
1192 0.766068 0.0269346
1195 0.766806 0.0230775
1198 0.768451 0.02343
1201 0.769938 0.0149421
1204 0.769411 0.0119277
1207 0.768823 0.0192164
1210 0.76796 0.0101329
1213 0.770444 0.132295
1216 0.771161 0.0222065
1219 0.769362 0.0601369
1222 0.766571 0.0588931
1225 0.768256 0.0349566
1228 0.766903 0.0280366
1231 0.766101 0.032708
1234 0.76589 0.0266915
1237 0.758472 0.0458634
1240 0.755782 0.0100721
1243 0.758512 0.0244794
1246 0.761741 0.030662
1249 0.763443 0.0208492
1252 0.760076 0.0238879
1255 0.757345 0.0266469
1258 0.754906 0.0312698
1261 0.75139 0.0286363
1264 0.753752 0.109035
1267 0.7544 0.0200835
1270 0.75235 0.0231707
1273 0.753634 0.0184588
1276 0.750847 0.0300624
1279 0.753642 0.0280204
1282 0.752852 0.0358358
1285 0.753602 0.0275666
1288 0.750231 0.0471599
1291 0.748963 0.0338344
1294 0.748335 0.028304
1297 0.750741 0.0381452
1300 0.751787 0.0292804
1303 0.751045 0.027911
1306 0.751815 0.0321206
1309 0.749425 0.0219107
1312 0.742626 0.0131553
1315 0.739737 0.0301475
1318 0.733599 0.0255328
1321 0.73253 0.0346163
1324 0.727392 0.0464711
1327 0.727121 0.026339
1330 0.725342 0.0226562
1333 0.725962 0.0203347
1336 0.723993 0.0426991
1339 0.726084 0.127575
1342 0.72629 0.0613889
1345 0.726801 0.0442954
1348 0.728527 0.0448019
1351 0.727822 0.0412568
1354 0.728422 0.0413986
1357 0.730058 0.0397456
1360 0.730581 0.0426019
1363 0.7267 0.0737258
1366 0.728296 0.0433636
1369 0.728247 0.0436229
1372 0.732534 0.0431326
1375 0.734154 0.0374321
1378 0.731971 0.0268981
1381 0.731403 0.0326068
1384 0.731756 0.0387732
1387 0.731027 0.0309497
1390 0.7308 0.0257232
1393 0.731983 0.0284175
1396 0.732449 0.0198809
1399 0.733964 0.0208046
1402 0.735678 0.0019893
1405 0.737262 0.0169314
1408 0.738178 0.0253424
1411 0.740641 0.0187951
1414 0.75459 0.0358885
1417 0.755121 0.0538287
1420 0.755664 0.055032
1423 0.756345 0.0891621
1426 0.756458 0.0916052
1429 0.755871 0.102715
1432 0.754971 0.0391459
1435 0.7547 0.098667
1438 0.761454 0.181821
1441 0.759602 0.196192
1444 0.760854 0.237987
1447 0.763192 0.241873
1450 0.765712 0.303144
1453 0.766692 0.188194
1456 0.770703 0.341026
1459 0.776003 0.352621
1462 0.791285 0.366802
1465 0.795952 0.339741
1468 0.79327 0.208111
1471 0.796378 0.283405
1474 0.801195 0.118544
1477 0.804906 0.143335
1480 0.806875 0.14793
1483 0.809675 0.0564298
1486 0.812556 0.102115
1489 0.827502 0.0305445
1492 0.828819 0.383425
1495 0.82926 0.39011
1498 0.830305 0.396771
1501 0.833944 0.216469
1504 0.837578 0.274147
1507 0.838194 0.469107
1510 0.842942 0.557337
1513 0.848598 0.484705
1516 0.8465 0.578794
1519 0.845252 0.194774
1522 0.846686 0.307965
1525 0.833709 0.278507
1528 0.828397 0.511887
1531 0.823292 0.270545
1534 0.817713 0.559898
1537 0.808277 0.516834
1540 0.803825 0.247338
1543 0.799259 0.307896
1546 0.799076 0.599793
1549 0.794368 0.616004
1552 0.772705 0.603614
1555 0.764399 0.522101
1558 0.762025 0.566842
1561 0.76196 0.602873
1564 0.756418 0.629321
1567 0.757568 0.638984
1570 0.75468 0.633656
1573 0.753411 0.663609
1576 0.757074 0.452905
1579 0.760773 0.609367
1582 0.773499 0.61243
1585 0.772563 0.605696
1588 0.772757 0.532907
1591 0.762916 0.25709
1594 0.759493 0.594397
1597 0.756231 0.629714
1600 0.751783 0.64107
1603 0.749295 0.651888
1606 0.747346 0.676355
1609 0.749562 0.694032
1612 0.750583 0.678442
1615 0.748845 0.642383
1618 0.731213 0.648529
1621 0.711932 0.629742
1624 0.703326 0.6135
1627 0.703578 0.607544
1630 0.70942 0.629933
1633 0.721923 0.646155
1636 0.728762 0.651916
1639 0.722433 0.662924
1642 0.726222 0.630204
1645 0.717097 0.589567
1648 0.716599 0.608456
1651 0.706012 0.592817
1654 0.705506 0.599364
1657 0.712049 0.590264
1660 0.720732 0.550908
1663 0.726051 0.570772
1666 0.733923 0.565765
1669 0.742339 0.563479
1672 0.753877 0.54291
1675 0.754987 0.554846
1678 0.741362 0.535119
1681 0.730038 0.502305
1684 0.718151 0.425545
1687 0.702399 0.518953
1690 0.703586 0.547379
1693 0.713184 0.293485
1696 0.7135 0.483863
1699 0.71559 0.635836
1702 0.7201 0.616178
1705 0.7233 0.608808
1708 0.718811 0.62691
1711 0.702042 0.614176
1714 0.689997 0.567174
1717 0.678559 0.559845
1720 0.669265 0.592796
1723 0.659209 0.572308
1726 0.655397 0.542618
1729 0.647367 0.544376
1732 0.608176 0.54541
1735 0.547314 0.545961
1738 0.526619 0.519062
1741 0.505676 0.571558
1744 0.4802 0.56794
1747 0.452358 0.549052
1750 0.41211 0.52768
1753 0.394948 0.474431
1756 0.376193 0.506823
1759 0.370853 0.525229
1762 0.368191 0.438712
1765 0.368195 0.509703
1768 0.375375 0.475553
1771 0.37749 0.506738
1774 0.383166 0.300474
1777 0.383518 0.51382
1780 0.377583 0.494214
1783 0.373134 0.42424
1786 0.364002 0.111409
1789 0.353626 0.40295
1792 0.339547 0.413925
1795 0.323017 0.399279
1798 0.317798 0.418001
1801 0.31903 0.370351
1804 0.32151 0.395118
1807 0.322433 0.398469
1810 0.318183 0.422887
1813 0.309501 0.421526
1816 0.304817 0.3909
1819 0.292586 0.397703
1822 0.291318 0.417102
1825 0.282898 0.435378
1828 0.27452 0.435394
1831 0.265805 0.44007
1834 0.259331 0.444121
1837 0.253375 0.427652
1840 0.240669 0.401337
1843 0.228243 0.393497
1846 0.214954 0.396301
1849 0.203456 0.299275
1852 0.182364 0.340767
1855 0.165692 0.298254
1858 0.159878 0.27798
1861 0.156677 0.248801
1864 0.14515 0.229268
1867 0.140207 0.188206
1870 0.152625 0.210911
1873 0.168333 0.224013
1876 0.174832 0.249919
1879 0.198679 0.284949
1882 0.216393 0.287367
1885 0.22892 0.291168
1888 0.23808 0.339993
1891 0.261373 0.345053
1894 0.286334 0.399534
1897 0.290839 0.391289
1900 0.295932 0.409659
1903 0.313836 0.447926
1906 0.348193 0.344782
1909 0.381079 0.525448
1912 0.374974 0.488911
1915 0.373272 0.497901
1918 0.363994 0.404842
1921 0.358115 0.374512
1924 0.352581 0.454919
1927 0.339142 0.407349
1930 0.321789 0.37484
1933 0.306705 0.397217
1936 0.28116 0.32405
1939 0.265457 0.332797
1942 0.2582 0.294028
1945 0.250859 0.30502
1948 0.229904 0.297277
1951 0.199437 0.249413
1954 0.173005 0.23336
1957 0.140779 0.167693
1960 0.115594 0.137748
1963 0.0980593 0.114488
1966 0.0750061 0.0627907
1969 0.0548699 0.0339924
1972 0.0288388 0.0197634
1975 0.0111012 0.0147071
1978 0.00636496 0.0158375
1981 0.00740216 0.0129041
1984 0.0072563 0.0109959
1987 0.00645815 0.0389555
1990 0.00679037 0.0169435
1993 0.00737379 0.0072644
1996 0.00666883 0.013682
1999 0.00706993 0.0181914
2002 0.0161211 0.0172352
2005 0.0521473 0.030346
2008 0.0922778 0.0566283
2011 0.132765 0.0902074
2014 0.17121 0.143279
2017 0.210319 0.150903
2020 0.242574 0.172178
2023 0.252058 0.21147
2026 0.276967 0.287274
2029 0.305538 0.281942
2032 0.316332 0.298181
2035 0.297253 0.342136
2038 0.293112 0.349068
2041 0.283648 0.33054
2044 0.263423 0.242225
2047 0.237043 0.263686
2050 0.22059 0.278393
2053 0.210007 0.251236
2056 0.182331 0.196743
2059 0.147326 0.145527
2062 0.113601 0.211332
2065 0.0919455 0.171052
2068 0.0712706 0.129224
2071 0.0680091 0.111749
2074 0.0554777 0.0818491
2077 0.0394052 0.0291508
2080 0.0230816 0.0213597
2083 0.0129933 0.0184264
2086 0.0120128 0.0207114
2089 0.0116158 0.020205
2092 0.0104651 0.0167085
2095 0.00959404 0.01179
2098 0.0115266 0.00723199
2101 0.0214529 0.0226764
2104 0.0379629 0.0353415
2107 0.0597966 0.0554655
2110 0.0852078 0.0758893
2113 0.117154 0.105368
2116 0.148914 0.128648
2119 0.179106 0.16843
2122 0.213058 0.202593
2125 0.251673 0.223167
2128 0.286318 0.25333
2131 0.316085 0.281067
2134 0.334065 0.291074
2137 0.340718 0.303014
2140 0.339081 0.290912
2143 0.339288 0.301746
2146 0.335192 0.290487
2149 0.326951 0.296576
2152 0.317742 0.286995
2155 0.2896 0.286314
2158 0.29073 0.270173
2161 0.290293 0.257362
2164 0.285674 0.288895
2167 0.278575 0.276068
2170 0.265116 0.151677
2173 0.25126 0.206243
2176 0.22907 0.274143
2179 0.191905 0.26166
2182 0.156547 0.188437
2185 0.128685 0.147751
2188 0.10286 0.124597
2191 0.0817924 0.124042
2194 0.061081 0.0627826
2197 0.0429868 0.0606312
2200 0.0260716 0.0417713
2203 0.0195243 0.0565068
2206 0.014387 0.0345758
2209 0.0104165 0.0236772
2212 0.00595171 0.0183454
2215 0.00164897 0.00882019
2218 0.00173811 0.0145936
2221 0.00133701 0.0131634
2224 0.00173406 0.0132526
2227 0.0014383 0.00721578
2230 0.00215137 0.00788429
2233 0.00196499 0.0144032
2236 0.00180698 0.013127
2239 0.00213516 0.0128029
2242 0.00209464 0.00953731
2245 0.00140993 0.0133822
2248 0.00186776 0.0137144
2251 0.00294141 0.017142
2254 0.00324123 0.0118062
2257 0.00375577 0.0225752
2260 0.00361802 0.0168706
2263 0.00475245 0.0287254
2266 0.00636901 0.0144518
2269 0.0200146 0.0429949
2272 0.0401629 0.0634511
2275 0.0554291 0.0965359
2278 0.0660522 0.114642
2281 0.0728304 0.1346
2284 0.0785836 0.154011
2287 0.0837574 0.151446
2290 0.0879264 0.170355
2293 0.0892189 0.175885
2296 0.0892553 0.149072
2299 0.0908922 0.200101
2302 0.101191 0.198914
2305 0.103618 0.22939
2308 0.106219 0.208909
2311 0.0963617 0.210149
2314 0.0828377 0.154307
2317 0.0730127 0.185807
2320 0.0616482 0.168467
2323 0.0554979 0.165542
2326 0.0491694 0.143769
2329 0.046856 0.131792
2332 0.044182 0.126157
2335 0.0364638 0.10959
2338 0.0280812 0.0854023
2341 0.0256665 0.0718256
2344 0.022247 0.0785309
2347 0.0177417 0.0933757
2350 0.0126246 0.058257
2353 0.0140021 0.0669719
2356 0.0120533 0.0473584
2359 0.0109756 0.0408314
2362 0.00980877 0.0388218
2365 0.0124868 0.0417632
2368 0.0141237 0.0435297
2371 0.013443 0.05833
2374 0.0157807 0.0558909
2377 0.0148043 0.0460781
2380 0.013917 0.0572117
2383 0.0115266 0.0596751
2386 0.0255449 0.0682522
2389 0.0501985 0.0824852
2392 0.05959 0.106235
2395 0.0653432 0.103971
2398 0.0682846 0.139097
2401 0.0680942 0.134434
2404 0.0694838 0.141986
2407 0.0745239 0.142841
2410 0.0769913 0.124633
2413 0.0776153 0.129366
2416 0.0624706 0.10139
2419 0.0586946 0.111952
2422 0.0415242 0.0935216
2425 0.0269103 0.0704724
2428 0.0143384 0.0233004
2431 0.00511709 0.00884855
2434 0.010688 0.0127826
2437 0.0277044 0.0336642
2440 0.0339114 0.0543595
2443 0.039308 0.0726521
2446 0.043242 0.0781744
2449 0.0474475 0.0869297
2452 0.0503241 0.115566
2455 0.0509075 0.101203
2458 0.0493558 0.095203
2461 0.055267 0.0642655
2464 0.0536221 0.0777166
2467 0.0399968 0.0725549
2470 0.0269022 0.0719917
2473 0.0187181 0.0455352
2476 0.0123248 0.0321651
2479 0.00968722 0.0232558
2482 0.00826513 0.018633
2485 0.0101045 0.0284863
2488 0.011324 0.0347338
2491 0.0124868 0.0336926
2494 0.0139818 0.0298315
2497 0.0146828 0.0507982
2500 0.0160724 0.0512195
2503 0.0164776 0.0319302
2506 0.0184021 0.0403898
2509 0.020521 0.0693785
2512 0.0349972 0.0685074
2515 0.0521271 0.0867353
2518 0.054485 0.119512
2521 0.0578519 0.132745
2524 0.0611417 0.138425
2527 0.0652783 0.124868
2530 0.0703549 0.124443
2533 0.0731748 0.140305
2536 0.0770399 0.197719
2539 0.0798801 0.191289
2542 0.0830808 0.209671
2545 0.082943 0.184329
2548 0.0859776 0.2104
2551 0.0784661 0.208666
2554 0.0718013 0.204675
2557 0.0582489 0.153185
2560 0.0416862 0.129126
2563 0.0275221 0.0801313
2566 0.0144518 0.0417916
2569 0.0030346 0.0204359
2572 0.000559112 0.00346001
2575 0.000494287 0.0187343
2578 0.000542906 0.049923
2581 0.000563163 0.0535897
2584 0.000514545 0.0312535
2587 0.000729276 0.0972652
2590 0.000623936 0.0358926
2593 0.000615833 0.071307
2596 0.000652297 0.0362045
2599 0.000587473 0.0759217
2602 0.000530751 0.0287983
2605 0.000522648 0.0637307
2608 0.000563163 0.0284823
2611 0.00060773 0.038129
2614 0.000737379 0.109416
2617 0.000672555 0.0538125
2620 0.00063204 0.0570213
2623 0.000676606 0.048347
2626 0.00578964 0.00587068
2629 0.0212746 0.0190989
2632 0.0302245 0.0428977
2635 0.0362491 0.0601613
2638 0.0426667 0.0718054
2641 0.0628677 0.0907868
2644 0.0844299 0.123685
2647 0.112722 0.176821
2650 0.133579 0.248201
2653 0.146354 0.278008
2656 0.154189 0.269938
2659 0.16632 0.303322
2662 0.178555 0.335216
2665 0.172198 0.362248
2668 0.163512 0.347334
2671 0.158002 0.272158
2674 0.155461 0.32388
2677 0.162714 0.323572
2680 0.1582 0.314055
2683 0.143116 0.29321
2686 0.136318 0.269816
2689 0.126104 0.270634
2692 0.113872 0.232526
2695 0.103472 0.195584
2698 0.0852565 0.169277
2701 0.0695162 0.121384
2704 0.0564703 0.0913743
2707 0.0436634 0.0661292
2710 0.0420509 0.0657078
2713 0.0421603 0.0657645
2716 0.0446317 0.0714974
2719 0.0455757 0.0648246
2722 0.0440523 0.0670772
2725 0.0448343 0.0660562
2728 0.0480391 0.0717203
2731 0.0598533 0.0677133
2734 0.0726562 0.0690017
2737 0.0783729 0.0703306
2740 0.0827445 0.0621749
2743 0.08616 0.0659833
2746 0.0877846 0.0649056
2749 0.0922778 0.0741066
2752 0.0955798 0.087339
2755 0.0975407 0.0839519
2758 0.100085 0.0957945
2761 0.10269 0.0986751
2764 0.103817 0.101037
2767 0.106681 0.0983794
2770 0.107783 0.113334
2773 0.108849 0.133004
2776 0.109732 0.139073
2779 0.110493 0.145997
2782 0.114051 0.146953
2785 0.116097 0.146346
2788 0.11715 0.155802
2791 0.118698 0.150944
2794 0.119326 0.148793
2797 0.118694 0.149242
2800 0.119938 0.137744
2803 0.12074 0.141297
2806 0.12106 0.12046
2809 0.122251 0.0922778
2812 0.120975 0.119565
2815 0.123118 0.0599344
2818 0.123693 0.0365408
2821 0.123523 0.0336561
2824 0.124759 0.036164
2827 0.123969 0.0320639
2830 0.12371 0.0303379
2833 0.123831 0.0259987
2836 0.124301 0.0213678
2839 0.124828 0.0778138
2842 0.125132 0.0287619
2845 0.123892 0.0298598
2848 0.1242 0.0375942
2851 0.127834 0.0245158
2854 0.134791 0.034118
2857 0.135236 0.0367717
2860 0.130168 0.0401143
2863 0.124504 0.0335021
2866 0.124698 0.0297788
2869 0.125857 0.0384977
2872 0.127952 0.0352727
2875 0.12785 0.0373997
2878 0.126282 0.0335346
2881 0.128389 0.0338587
2884 0.132874 0.0477555
2887 0.134073 0.0516571
2890 0.136367 0.0496354
2893 0.137955 0.0529131
2896 0.135645 0.0530103
2899 0.136618 0.0430719
2902 0.137132 0.0556357
2905 0.136776 0.0479823
2908 0.13682 0.0468601
2911 0.138352 0.0491694
2914 0.138016 0.0697107
2917 0.138307 0.0566081
2920 0.137059 0.0580666
2923 0.137732 0.0609999
2926 0.138299 0.0567823
2929 0.137465 0.0535248
2932 0.140673 0.063443
2935 0.143246 0.0643222
2938 0.143315 0.072952
2941 0.14622 0.0698039
2944 0.154359 0.0700429
2947 0.165979 0.0421643
2950 0.179904 0.0470586
2953 0.194125 0.0654688
2956 0.205765 0.101706
2959 0.220772 0.098898
2962 0.241305 0.109116
2965 0.256434 0.112738
2968 0.271185 0.130297
2971 0.290677 0.140787
2974 0.306414 0.154538
2977 0.32452 0.175922
2980 0.336573 0.178948
2983 0.348849 0.180512
2986 0.363982 0.196435
2989 0.382112 0.229831
2992 0.396192 0.238101
2995 0.416194 0.245244
2998 0.429366 0.262171
3001 0.457609 0.263698
3004 0.480978 0.289754
3007 0.503351 0.294644
3010 0.52467 0.316498
3013 0.556272 0.310651
3016 0.578519 0.323669
3019 0.606308 0.268633
3022 0.622263 0.139859
3025 0.634483 0.232712
3028 0.644356 0.170452
3031 0.654226 0.139887
3034 0.669026 0.164071
3037 0.69447 0.175395
3040 0.697634 0.150369
3043 0.66399 0.145944
3046 0.652168 0.143967
3049 0.649157 0.156507
3052 0.64652 0.152771
3055 0.642971 0.157503
3058 0.641476 0.14511
3061 0.647034 0.090171
3064 0.652629 0.0991451
3067 0.653898 0.0966575
3070 0.659112 0.115983
3073 0.661916 0.110396
3076 0.657994 0.132088
3079 0.65756 0.0760149
3082 0.660299 0.0706223
3085 0.669541 0.0928896
3088 0.684479 0.118807
3091 0.683531 0.111259
3094 0.679657 0.10769
3097 0.675711 0.120521
3100 0.669812 0.138109
3103 0.669601 0.139685
3106 0.667397 0.132947
3109 0.663962 0.079637
3112 0.660643 0.0877482
3115 0.660032 0.126367
3118 0.656879 0.0973017
3121 0.655672 0.11557
3124 0.656612 0.1088
3127 0.657734 0.0918929
3130 0.66286 0.107163
3133 0.664549 0.0688396
3136 0.665517 0.071935
3139 0.669849 0.0621181
3142 0.67025 0.0532169
3145 0.668062 0.0735961
3148 0.664695 0.0605948
3151 0.664391 0.0842476
3154 0.662953 0.0634592
3157 0.662406 0.071619
3160 0.663277 0.0673041
3163 0.661324 0.0864962
3166 0.660745 0.0248886
3169 0.659533 0.0187465
3172 0.658298 0.0164573
3175 0.657293 0.0413297
3178 0.657042 0.0365205
3181 0.659282 0.0847662
3184 0.661774 0.0453488
3187 0.670047 0.0512843
3190 0.66681 0.0553116
3193 0.666688 0.0564663
3196 0.666194 0.0598736
3199 0.665862 0.0244024
3202 0.663771 0.0826797
3205 0.662665 0.0888259
3208 0.662831 0.0303176
3211 0.661194 0.0414958
3214 0.658978 0.075942
3217 0.661126 0.0423466
3220 0.660822 0.0690503
3223 0.659173 0.0260716
3226 0.658233 0.0199498
3229 0.658379 0.0285998
3232 0.655944 0.0348797
3235 0.655202 0.0328742
3238 0.655048 0.0575683
3241 0.654388 0.0284944
3244 0.653334 0.0239851
3247 0.652245 0.0454501
3250 0.651523 0.0242768
3253 0.651183 0.0324204
3256 0.650527 0.0293858
3259 0.650105 0.0251276
3262 0.650883 0.0243781
3265 0.652232 0.020833
3268 0.65079 0.0157848
3271 0.652792 0.0168827
3274 0.653995 0.0262296
3277 0.65579 0.0236042
3280 0.658435 0.0232882
3283 0.659144 0.0296815
3286 0.659736 0.0264646
3289 0.675808 0.0528847
3292 0.673815 0.00686735
3295 0.675521 0.00497529
3298 0.673146 0.0108541
3301 0.671647 0.0292967
3304 0.670233 0.0158334
3307 0.670655 0.0303055
3310 0.670436 0.0351592
3313 0.66963 0.0596872
3316 0.668159 0.0391581
3319 0.666271 0.0433109
3322 0.665428 0.0392918
3325 0.664193 0.0432137
3328 0.664792 0.0517746
3331 0.663115 0.0541852
3334 0.661409 0.05
3337 0.650304 0.0764403
3340 0.650409 0.0631229
3343 0.649348 0.0722915
3346 0.648521 0.0652054
3349 0.646208 0.0541083
3352 0.645543 0.0498339
3355 0.646301 0.0512803
3358 0.647646 0.0559882
3361 0.648436 0.0528604
3364 0.654072 0.0594077
3367 0.65203 0.0590916
3370 0.650276 0.0565878
3373 0.649708 0.0425492
3376 0.649951 0.0320314
3379 0.65028 0.0264646
3382 0.650462 0.0257273
3385 0.650628 0.0244064
3388 0.651463 0.0825784
3391 0.651661 0.0327891
3394 0.652394 0.0211774
3397 0.65374 0.0265578
3400 0.654955 0.022093
3403 0.656709 0.020363
3406 0.657661 0.0143586
3409 0.65675 0.0161373
3412 0.651738 0.0881047
3415 0.649348 0.0332469
3418 0.648955 0.0379994
3421 0.647974 0.0427072
3424 0.647731 0.0461024
3427 0.647306 0.025946
3430 0.647375 0.0381493
3433 0.648092 0.0470383
3436 0.658403 0.0714326
3439 0.687914 0.12093
3442 0.690216 0.0132202
3445 0.697006 0.395649
3448 0.70506 0.0215623
3451 0.709015 0.0149502
3454 0.710583 0.0516652
3457 0.710554 0.0191232
3460 0.710583 0.0393161
3463 0.706843 0.0867758
3466 0.707398 0.0180496
3469 0.705996 0.0265092
3472 0.704574 0.0198647
3475 0.704639 0.0169354
3478 0.707447 0.0173851
3481 0.709213 0.00679443
3484 0.709626 0.00641763
3487 0.707337 0.0749696
3490 0.708184 0.0118467
3493 0.710222 0.0226643
3496 0.714334 0.0410866
3499 0.716862 0.0500891
3502 0.715554 0.00942792
3505 0.716915 0.0322097
3508 0.718499 0.0233044
3511 0.717174 0.0150758
3514 0.722308 0.102362
3517 0.724544 0.0192164
3520 0.724564 0.0754315
3523 0.725075 0.0858439
3526 0.725452 0.0466372
3529 0.725399 0.0360222
3532 0.724836 0.0560084
3535 0.725338 0.099453
3538 0.71606 0.159772
3541 0.716546 0.0780731
3544 0.716684 0.076019
3547 0.71634 0.0092456
3550 0.717462 0.0155052
3553 0.716368 0.017061
3556 0.718564 0.0186654
3559 0.718058 0.0198768
3562 0.705786 0.0665505
3565 0.706211 0.0188518
3568 0.706284 0.0203468
3571 0.70987 0.0619034
3574 0.708759 0.0663196
3577 0.711689 0.0240621
3580 0.711109 0.0362531
3583 0.712568 0.0333928
3586 0.71307 0.0111863
3589 0.712896 0.0114699
3592 0.712965 0.0182967
3595 0.713925 0.0184264
3598 0.706175 0.0428085
3601 0.706855 0.00711044
3604 0.706264 0.0121141
3607 0.706794 0.00807471
3610 0.706442 0.00803825
3613 0.706405 0.010457
3616 0.707277 0.0120006
3619 0.708707 0.0155903
3622 0.701442 0.058881
3625 0.704072 0.0250912
3628 0.703156 0.0283729
3631 0.70248 0.029714
3634 0.703776 0.0262134
3637 0.708144 0.0226521
3640 0.713929 0.0259339
3643 0.712779 0.0220525
3646 0.711356 0.0577141
3649 0.713723 0.0236326
3652 0.713763 0.0243052
3655 0.713621 0.025707
3658 0.716838 0.0219472
3661 0.717073 0.0150515
3664 0.717454 0.0118953
3667 0.720286 0.0137307
3670 0.720205 0.0212179
3673 0.715894 0.0489466
3676 0.717908 0.0262175
3679 0.717324 0.0228304
3682 0.716721 0.014857
3685 0.716773 0.0247873
3688 0.716672 0.0222065
3691 0.715716 0.0275545
3694 0.715679 0.0142168
3697 0.707609 0.0707114
3700 0.708411 0.0256867
3703 0.705757 0.0706061
3706 0.704748 0.056758
3709 0.703906 0.0714812
3712 0.702913 0.0647233
3715 0.703428 0.0681306
3718 0.703679 0.0686654
3721 0.693761 0.145839
3724 0.692468 0.074844
3727 0.690434 0.0695649
3730 0.69007 0.0735718
3733 0.689583 0.0843246
3736 0.689689 0.0716433
3739 0.689466 0.0674176
3742 0.692756 0.0831173
3745 0.692768 0.080585
3748 0.685297 0.139928
3751 0.684045 0.0947857
3754 0.685256 0.0806904
3757 0.684811 0.102974
3760 0.683393 0.0399887
3763 0.682757 0.00698485
3766 0.680658 0.0107406
3769 0.679232 0.0174581
3772 0.678166 0.0283567
3775 0.680459 0.0288874
3778 0.682846 0.0274086
3781 0.683486 0.0331497
3784 0.682477 0.0375294
3787 0.678948 0.0288712
3790 0.679143 0.0356495
3793 0.679114 0.0322664
3796 0.671198 0.08522
3799 0.671076 0.066899
3802 0.668151 0.0823677
3805 0.66619 0.0691678
3808 0.664906 0.083101
3811 0.6921 0.0913581
3814 0.716307 0.0889312
3817 0.737712 0.0888583
3820 0.765817 0.0760676
3823 0.789126 0.0936431
3826 0.791249 0.0155133
3829 0.792667 0.0181023
3832 0.794834 0.0130054
3835 0.796787 0.0134795
3838 0.797326 0.0232923
3841 0.797326 0.0218783
3844 0.797606 0.0205615
3847 0.798238 0.0658131
3850 0.798132 0.0263188
3853 0.797034 0.0248278
3856 0.795794 0.0290049
3859 0.794923 0.0284863
3862 0.794676 0.0360465
3865 0.794859 0.0369581
3868 0.794859 0.0397699
3871 0.794137 0.0699376
3874 0.794433 0.024605
3877 0.794822 0.0567863
3880 0.79509 0.0221173
3883 0.795215 0.0271453
3886 0.794802 0.029086
3889 0.794381 0.02138
3892 0.794344 0.0264849
3895 0.793554 0.0354996
3898 0.792294 0.0484685
3901 0.792476 0.0500162
3904 0.791877 0.0535127
3907 0.792452 0.0249291
3910 0.791617 0.0352889
3913 0.791318 0.0275504
3916 0.791605 0.0315858
3919 0.789057 0.0333847
3922 0.790831 0.094421
3925 0.791188 0.035139
3928 0.791646 0.0176161
3931 0.790629 0.0251884
3934 0.790653 0.0300827
3937 0.791873 0.0204562
3940 0.792578 0.0231788
3943 0.79274 0.0235556
3946 0.792813 0.0273438
3949 0.792857 0.0208208
3952 0.792468 0.0266348
3955 0.792861 0.0508387
3958 0.793064 0.0241066
3961 0.793542 0.0234624
3964 0.792958 0.0252897
3967 0.792663 0.0241147
3970 0.793599 0.0139332
3973 0.797217 0.0884369
3976 0.796743 0.0506199
3979 0.796289 0.0235556
3982 0.794611 0.013054
3985 0.792703 0.031525
3988 0.792018 0.0227534
3991 0.793874 0.0211693
3994 0.794441 0.0148124
3997 0.794972 0.132137
4000 0.795462 0.0712787
4003 0.793712 0.0110972
4006 0.793303 0.0172595
4009 0.792967 0.0314845
4012 0.793246 0.100413
4015 0.793513 0.0142574
4018 0.79436 0.0150028
4021 0.795754 0.0638279
4024 0.795649 0.0203266
4027 0.795794 0.0180617
4030 0.795373 0.0184791
4033 0.795211 0.0182562
4036 0.795361 0.0147233
4039 0.795596 0.0278259
4042 0.795661 0.0233044
4045 0.788615 0.0143708
4048 0.780407 0.0568755
4051 0.783061 0.0365246
4054 0.783863 0.0629933
4057 0.78377 0.015331
4060 0.780759 0.053853
4063 0.784073 0.0135443
4066 0.786837 0.0215339
4069 0.789948 0.0128515
4072 0.793862 0.0576169
4075 0.794101 0.00400697
4078 0.793959 0.0229479
4081 0.794008 0.0122762
4084 0.793785 0.00769792
4087 0.793927 0.0239365
4090 0.793874 0.0168827
4093 0.793092 0.00798963
4096 0.79526 0.0429301
4099 0.79498 0.093003
4102 0.79387 0.0761162
4105 0.791844 0.0935783
4108 0.791488 0.0533344
4111 0.793457 0.0158537
4114 0.793635 0.00601248
4117 0.793846 0.011636
4120 0.794223 0.0956284
4123 0.793975 0.0238757
4126 0.793125 0.0274532
4129 0.792241 0.00539665
4132 0.792788 0.045207
4135 0.791143 0.0126651
4138 0.790564 0.115436
4141 0.789272 0.176064
4144 0.789166 0.259452
4147 0.787315 0.211166
4150 0.786792 0.20641
4153 0.785131 0.139057
4156 0.78458 0.159667
4159 0.78227 0.0855077
4162 0.783474 0.192509
4165 0.784949 0.137537
4168 0.785799 0.0874848
4171 0.794024 0.331671
4174 0.788145 0.299036
4177 0.790973 0.13067
4180 0.7921 0.151588
4183 0.796175 0.11903
4186 0.800304 0.128766
4189 0.802666 0.0995746
4192 0.806324 0.120995
4195 0.807139 0.162949
4198 0.806884 0.183583
4201 0.807106 0.185188
4204 0.806231 0.198323
4207 0.805348 0.20485
4210 0.807272 0.347387
4213 0.808727 0.148246
4216 0.814245 0.383802
4219 0.818029 0.49541
4222 0.816368 0.55331
4225 0.818439 0.304181
4228 0.824305 0.569407
4231 0.830824 0.39022
4234 0.837566 0.467734
4237 0.84336 0.557094
4240 0.849627 0.513763
4243 0.848452 0.561689
4246 0.835961 0.589612
4249 0.83016 0.560931
4252 0.805571 0.581659
4255 0.794996 0.449259
4258 0.753278 0.486318
4261 0.755174 0.498558
4264 0.720075 0.533887
4267 0.726906 0.417365
4270 0.731622 0.569496
4273 0.740447 0.472676
4276 0.753395 0.527409
4279 0.756308 0.372182
4282 0.765351 0.498533
4285 0.762049 0.60301
4288 0.761421 0.629998
4291 0.757779 0.591605
4294 0.726153 0.553148
4297 0.7088 0.549923
4300 0.712742 0.549567
4303 0.707589 0.669869
4306 0.699303 0.660376
4309 0.691014 0.439855
4312 0.691909 0.635807
4315 0.699125 0.718799
4318 0.699619 0.687055
4321 0.65722 0.703898
4324 0.647253 0.713504
4327 0.638546 0.722008
4330 0.617547 0.555417
4333 0.611235 0.569091
4336 0.606106 0.687858
4339 0.604031 0.710822
4342 0.604445 0.660623
4345 0.612884 0.705425
4348 0.610473 0.676902
4351 0.615124 0.678936
4354 0.614407 0.674176
4357 0.613135 0.664367
4360 0.611498 0.650166
4363 0.608687 0.631233
4366 0.60679 0.629443
4369 0.600069 0.337088
4372 0.598781 0.618054
4375 0.599101 0.609396
4378 0.595523 0.604667
4381 0.584515 0.557787
4384 0.589895 0.469618
4387 0.587959 0.547018
4390 0.58524 0.47277
4393 0.576141 0.413917
4396 0.558618 0.553087
4399 0.536144 0.561972
4402 0.516919 0.592035
4405 0.501653 0.574224
4408 0.478357 0.496917
4411 0.463082 0.558674
4414 0.453306 0.577085
4417 0.464452 0.579941
4420 0.48114 0.583992
4423 0.500891 0.561292
4426 0.510858 0.561279
4429 0.498756 0.553399
4432 0.484158 0.0936229
4435 0.478349 0.38742
4438 0.466842 0.488133
4441 0.459991 0.59641
4444 0.464776 0.62943
4447 0.475679 0.597087
4450 0.484823 0.614857
4453 0.484973 0.651199
4456 0.486512 0.641783
4459 0.489296 0.583575
4462 0.47783 0.306555
4465 0.474293 0.621899
4468 0.477465 0.650365
4471 0.486124 0.607192
4474 0.508488 0.595227
4477 0.512985 0.529807
4480 0.495353 0.553197
4483 0.48744 0.504785
4486 0.460461 0.569322
4489 0.442926 0.512309
4492 0.441666 0.526169
4495 0.446876 0.51382
4498 0.450754 0.499619
4501 0.471822 0.49039
4504 0.500721 0.458411
4507 0.537193 0.487477
4510 0.569954 0.550863
4513 0.609801 0.547812
4516 0.64182 0.525391
4519 0.670926 0.570501
4522 0.671716 0.465372
4525 0.676307 0.488214
4528 0.719123 0.500292
4531 0.758277 0.401933
4534 0.773284 0.503898
4537 0.78125 0.570047
4540 0.772198 0.56463
4543 0.762973 0.482874
4546 0.736411 0.549392
4549 0.722757 0.52939
4552 0.711061 0.555101
4555 0.701552 0.583782
4558 0.695859 0.589968
4561 0.601588 0.599011
4564 0.596726 0.596536
4567 0.554696 0.58802
4570 0.565359 0.611944
4573 0.535998 0.610668
4576 0.528365 0.588603
4579 0.514456 0.554007
4582 0.493104 0.599133
4585 0.480759 0.56181
4588 0.476294 0.554809
4591 0.486435 0.338631
4594 0.502374 0.551722
4597 0.500036 0.546544
4600 0.493343 0.442784
4603 0.491156 0.36333
4606 0.486954 0.513945
4609 0.480938 0.457358
4612 0.467434 0.456324
4615 0.449352 0.493368
4618 0.436662 0.485463
4621 0.425225 0.466956
4624 0.372535 0.446042
4627 0.356381 0.433
4630 0.364492 0.426582
4633 0.377595 0.452727
4636 0.38142 0.458241
4639 0.405328 0.459594
4642 0.417174 0.470383
4645 0.427895 0.461709
4648 0.43849 0.460258
4651 0.448375 0.485414
4654 0.452909 0.507649
4657 0.458208 0.479738
4660 0.434807 0.46544
4663 0.422984 0.462945
4666 0.413556 0.393643
4669 0.394206 0.355368
4672 0.37409 0.328806
4675 0.324945 0.386889
4678 0.303752 0.401078
4681 0.267296 0.358334
4684 0.249806 0.388263
4687 0.260141 0.354392
4690 0.275849 0.382283
4693 0.280289 0.257074
4696 0.280954 0.204574
4699 0.290361 0.358071
4702 0.297095 0.408905
4705 0.29626 0.425901
4708 0.299271 0.414055
4711 0.322466 0.430698
4714 0.346844 0.433656
4717 0.377968 0.435824
4720 0.406264 0.472089
4723 0.415987 0.269913
4726 0.423248 0.514796
4729 0.414472 0.413816
4732 0.4113 0.456766
4735 0.3994 0.446435
4738 0.382611 0.463123
4741 0.36506 0.464764
4744 0.354526 0.463009
4747 0.330877 0.418759
4750 0.303213 0.454805
4753 0.273831 0.449619
4756 0.24891 0.39116
4759 0.225549 0.386002
4762 0.200024 0.37751
4765 0.177036 0.353415
4768 0.159124 0.323803
4771 0.140528 0.306628
4774 0.120063 0.278016
4777 0.0975974 0.247557
4780 0.0807187 0.179872
4783 0.0624504 0.151066
4786 0.0420671 0.104307
4789 0.0245928 0.0644599
4792 0.0126651 0.0394944
4795 0.00363828 0.0129203
4798 0.000324123 0.0067215
4801 0.000279556 0.0477595
4804 0.000198525 0.0948262
4807 0.000190422 0.052832
4810 0.000145855 0.086318
4813 9.31853e-05 0.0957216
4816 9.31853e-05 0.0533506
4819 0.000222834 0.0671542
4822 0.00015801 0.07862
4825 0.000117495 0.015327
4828 0.00010534 0.0495341
4831 4.86184e-05 0.0540475
4834 0.000656349 0.109671
4837 0.000822462 0.0093631
4840 0.00102909 0.0100154
4843 0.00122356 0.00658375
4846 0.00147476 0.00379629
4849 0.00139778 0.00361802
4852 0.00169759 0.00903087
4855 0.00178268 0.00778705
4858 0.00174621 0.0207155
4861 0.00155984 0.00723199
4864 0.00115469 0.00372741
4867 0.00097642 0.00831375
4870 0.000595576 0.0105218
4873 0.000514545 0.0038368
4876 0.000737379 0.00553845
4879 0.00060773 0.00402317
4882 0.000583421 0.133231
4885 0.000534803 0.0106839
4888 0.000486184 0.00259703
4891 0.000530751 0.00337088
4894 0.000753586 0.0147192
4897 0.00071307 0.00482133
4900 0.00479702 0.0115145
4903 0.00760068 0.00936715
4906 0.00779515 0.0115995
4909 0.00565594 0.0138522
4912 0.00320071 0.0107082
4915 0.00153148 0.00542095
4918 0.0189328 0.017219
4921 0.0291549 0.0444737
4924 0.0350053 0.0555222
4927 0.0548537 0.0896929
4930 0.0763877 0.116862
4933 0.0867596 0.159379
4936 0.0924885 0.161721
4939 0.0987845 0.156199
4942 0.104769 0.157706
4945 0.112592 0.156211
4948 0.115704 0.204684
4951 0.105174 0.227153
4954 0.0967385 0.172506
4957 0.0887813 0.160947
4960 0.085925 0.165072
4963 0.0727899 0.160733
4966 0.0630622 0.145106
4969 0.0644397 0.144932
4972 0.0684102 0.158492
4975 0.0762661 0.135739
4978 0.0780285 0.153642
4981 0.0754072 0.144526
4984 0.0787092 0.181959
4987 0.0831213 0.193748
4990 0.0855684 0.166044
4993 0.0885787 0.177579
4996 0.0924439 0.198708
4999 0.0965197 0.210664
5002 0.0892634 0.21207
5005 0.0847055 0.241836
5008 0.0832712 0.237331
5011 0.0691759 0.193396
5014 0.0530832 0.164217
5017 0.037027 0.118276
5020 0.0264646 0.0911271
5023 0.0227413 0.0604975
5026 0.0151082 0.0480431
5029 0.0101653 0.0325217
5032 0.0114861 0.0314116
5035 0.0127502 0.0278867
5038 0.0142209 0.0472652
5041 0.0152014 0.0533304
5044 0.0192934 0.0585528
5047 0.034118 0.0468803
5050 0.0532291 0.0687991
5053 0.0760959 0.106264
5056 0.0956568 0.104408
5059 0.123219 0.10346
5062 0.149105 0.147217
5065 0.172101 0.152087
5068 0.192282 0.163852
5071 0.211993 0.163941
5074 0.2258 0.16305
5077 0.228738 0.236512
5080 0.222421 0.193007
5083 0.211247 0.185491
5086 0.198837 0.211207
5089 0.177672 0.222612
5092 0.156786 0.23129
5095 0.155158 0.231651
5098 0.144822 0.216121
5101 0.123317 0.208849
5104 0.105154 0.187967
5107 0.0896888 0.192258
5110 0.0774897 0.164111
5113 0.0695162 0.112823
5116 0.0580545 0.10946
5119 0.0444534 0.0709424
5122 0.0238757 0.0341585
5125 0.0055506 0.00772223
5128 0.000571267 0.0850012
5131 0.00162061 0.0148205
5134 0.000656349 0.0315696
5137 0.000153958 0.125419
5140 0.000121546 0.0726562
5143 8.50822e-05 0.0794668
5146 7.69792e-05 0.0552224
5149 6.88761e-05 0.0176161
5152 5.67215e-05 0.0648489
5155 5.67215e-05 0.0740337
5158 0.00031602 0.0904586
5161 0.000162061 0.0987035
5164 0.000113443 0.0558626
5167 6.88761e-05 0.0254112
5170 4.86184e-05 0.038599
5173 5.267e-05 0.0595171
5176 5.67215e-05 0.0541042
5179 5.67215e-05 0.0659144
5182 4.05154e-05 0.0484645
5185 0.000101288 0.0900818
5188 8.91338e-05 0.0808038
5191 8.10307e-06 0.0536545
5194 3.24123e-05 0.0941779
5197 8.10307e-06 0.0715056
5200 0 0.0496354
5203 0 0.0473219
5206 0 0.0653432
5209 0 0.0352767
5212 0 0.0624058
5215 0 0.0349485
5218 0.000178268 0.107337
5221 9.31853e-05 0.0524228
5224 7.29276e-05 0.066352
5227 6.0773e-05 0.0279921
5230 5.267e-05 0.086245
5233 4.86184e-05 0.0743416
5236 4.86184e-05 0.055421
5239 4.05154e-05 0.0534438
5242 0.000133701 0.113451
5245 6.0773e-05 0.0341261
5248 8.91338e-05 0.0870837
5251 8.91338e-05 0.0477433
5254 0.00215947 0.00788024
5257 0.0196905 0.0216109
5260 0.0343894 0.0341342
5263 0.0424236 0.0619115
5266 0.0480512 0.0734584
5269 0.0521271 0.0838141
5272 0.0550847 0.0811158
5275 0.0581112 0.0783526
5278 0.0608014 0.0840653
5281 0.0627299 0.109582
5284 0.0650839 0.105676
5287 0.0704238 0.115821
5290 0.0916376 0.144972
5293 0.113167 0.174232
5296 0.131991 0.182428
5299 0.142983 0.190426
5302 0.156227 0.201872
5305 0.16369 0.205668
5308 0.171741 0.192971
5311 0.174115 0.180334
5314 0.173685 0.11196
5317 0.170096 0.109229
5320 0.166068 0.0989182
5323 0.160303 0.0990803
5326 0.157216 0.0895551
5329 0.164642 0.10139
5332 0.170246 0.109173
5335 0.176582 0.107503
5338 0.180763 0.108249
5341 0.184977 0.118301
5344 0.189859 0.118054
5347 0.19312 0.132801
5350 0.199785 0.132927
5353 0.215935 0.145094
5356 0.231752 0.141621
5359 0.244611 0.123438
5362 0.247419 0.146386
5365 0.248768 0.157106
5368 0.246548 0.169407
5371 0.245981 0.182408
5374 0.248975 0.174358
5377 0.253618 0.1689
5380 0.254825 0.17514
5383 0.258646 0.17219
5386 0.273669 0.191492
5389 0.286346 0.18996
5392 0.294101 0.153428
5395 0.298724 0.166571
5398 0.298598 0.120088
5401 0.295478 0.122721
5404 0.292286 0.149684
5407 0.293789 0.114719
5410 0.297452 0.116259
5413 0.299773 0.1195
5416 0.308095 0.127875
5419 0.325521 0.113901
5422 0.337144 0.121117
5425 0.344907 0.131136
5428 0.351086 0.13283
5431 0.359246 0.153695
5434 0.368163 0.187935
5437 0.377453 0.149575
5440 0.390195 0.16034
5443 0.40124 0.219111
5446 0.406572 0.221854
5449 0.413609 0.193372
5452 0.414869 0.189527
5455 0.412037 0.191642
5458 0.409533 0.190864
5461 0.407483 0.188984
5464 0.403424 0.189904
5467 0.400774 0.181557
5470 0.4025 0.19139
5473 0.400567 0.165019
5476 0.40269 0.131821
5479 0.414663 0.0590957
5482 0.429293 0.120383
5485 0.4437 0.126493
5488 0.458443 0.121943
5491 0.470878 0.129361
5494 0.489515 0.143445
5497 0.494312 0.155145
5500 0.504485 0.149806
5503 0.517734 0.140519
5506 0.52843 0.139195
5509 0.534944 0.12277
5512 0.538951 0.102224
5515 0.540313 0.110109
5518 0.543169 0.112957
5521 0.555863 0.162896
5524 0.564634 0.0962402
5527 0.583024 0.0217648
5530 0.600397 0.063913
5533 0.613994 0.0350255
5536 0.626222 0.0543919
5539 0.635419 0.0575278
5542 0.64231 0.0681387
5545 0.653821 0.0863261
5548 0.658285 0.068791
5551 0.665047 0.0709383
5554 0.672016 0.0795033
5557 0.677291 0.0879872
5560 0.685585 0.0938903
5563 0.689778 0.10145
5566 0.691399 0.11023
5569 0.689531 0.134021
5572 0.690876 0.133518
5575 0.69088 0.144223
5578 0.690045 0.141783
5581 0.690361 0.149546
5584 0.691103 0.157086
5587 0.693384 0.129601
5590 0.695843 0.0532858
5593 0.6962 0.119771
5596 0.702249 0.137777
5599 0.69925 0.113236
5602 0.699814 0.102581
5605 0.699923 0.0937728
5608 0.70015 0.0542784
5611 0.700458 0.0578519
5614 0.698829 0.0523823
5617 0.699583 0.0748319
5620 0.709246 0.0757151
5623 0.709821 0.0778259
5626 0.709088 0.0457459
5629 0.706073 0.0509035
5632 0.702998 0.0461835
5635 0.701961 0.0170002
5638 0.707852 0.0633255
5641 0.719168 0.0598412
5644 0.78787 0.124694
5647 0.78855 0.0488818
5650 0.790613 0.0655822
5653 0.786541 0.0948627
5656 0.784977 0.0627664
5659 0.783612 0.093866
5662 0.784211 0.067924
5665 0.783988 0.0685358
5668 0.784766 0.0858277
5671 0.784839 0.142541
5674 0.786022 0.0434527
5677 0.785475 0.0436512
5680 0.785949 0.0405154
5683 0.784989 0.0445385
5686 0.783859 0.0221011
5689 0.784154 0.0153432
5692 0.784503 0.0141318
5695 0.785248 0.0223523
5698 0.786188 0.00392594
5701 0.783555 0.0660927
5704 0.782238 0.0606596
5707 0.782121 0.0560206
5710 0.778012 0.0254599
5713 0.775107 0.0318005
5716 0.773823 0.0586824
5719 0.771076 0.213771
5722 0.770379 0.100389
5725 0.770233 0.0621587
5728 0.770371 0.00950085
5731 0.770193 0.0170246
5734 0.769885 0.0322988
