frame_number static_density dynamic_density
1 0.515057 0.248209
4 0.521905 0.170612
7 0.540544 0.107256
10 0.553152 0.0811338
13 0.56322 0.129751
16 0.55805 0.139773
19 0.557596 0.116961
22 0.554513 0.10458
25 0.547664 0.108707
28 0.54839 0.125351
31 0.551973 0.140272
34 0.543855 0.17941
37 0.534014 0.154875
40 0.530159 0.168662
43 0.521995 0.159048
46 0.514603 0.155283
49 0.512562 0.148118
52 0.510431 0.146259
55 0.515737 0.0977778
58 0.518095 0.0450794
61 0.516281 0.0585941
64 0.510249 0.0771429
67 0.507891 0.0685261
70 0.505669 0.0649433
73 0.503583 0.0397279
76 0.503492 0.0317007
79 0.505488 0.0639002
82 0.507528 0.0592744
85 0.516508 0.082449
88 0.522449 0.090703
91 0.525986 0.128254
94 0.530748 0.150204
97 0.531111 0.177868
100 0.518912 0.188571
103 0.51356 0.172336
106 0.505397 0.170703
109 0.506531 0.200635
112 0.509615 0.197324
115 0.513741 0.209478
118 0.521043 0.237642
121 0.534739 0.251247
124 0.536735 0.270385
127 0.53941 0.275782
130 0.536281 0.259819
133 0.533424 0.239546
136 0.53102 0.264082
139 0.532744 0.259592
142 0.529887 0.267755
145 0.524898 0.285578
148 0.522132 0.260227
151 0.523537 0.262948
154 0.522449 0.236463
157 0.519138 0.274014
160 0.518186 0.231429
163 0.519456 0.247256
166 0.520091 0.235419
169 0.519093 0.193016
172 0.521224 0.307619
175 0.520363 0.191973
178 0.521678 0.231156
181 0.520272 0.255873
184 0.520544 0.190113
187 0.522948 0.146032
190 0.521633 0.148209
193 0.523492 0.0688435
196 0.519365 0.362449
199 0.519501 0.0878005
202 0.518685 0.0678458
205 0.517596 0.119229
208 0.51678 0.0457143
211 0.516145 0.13356
214 0.515646 0.107982
217 0.515238 0.107846
220 0.513288 0.393424
223 0.51483 0.0927891
226 0.514059 0.139728
229 0.514921 0.124172
232 0.5161 0.0873923
235 0.515419 0.103356
238 0.514739 0.0580952
241 0.517279 0.0733787
244 0.518095 0.0451247
247 0.516825 0.146848
250 0.516825 0.04322
253 0.516916 0.038322
256 0.517188 0.0454422
259 0.517868 0.0337868
262 0.517778 0.0406349
265 0.51873 0.100454
268 0.518413 0.0524717
271 0.522086 0.167029
274 0.522041 0.0762812
277 0.523492 0.0466667
280 0.528889 0.0324717
283 0.533832 0.0400454
286 0.53619 0.0431746
289 0.534059 0.0686168
292 0.528526 0.0721995
295 0.526803 0.0498866
298 0.520544 0.0808163
301 0.515283 0.0424943
304 0.514785 0.0857596
307 0.520816 0.0489796
310 0.52127 0.075737
313 0.514648 0.118231
316 0.514512 0.0884354
319 0.51551 0.106032
322 0.514785 0.27102
325 0.514966 0.12449
328 0.514195 0.227256
331 0.515964 0.247528
334 0.517007 0.111791
337 0.518005 0.0955556
340 0.516825 0.105351
343 0.520816 0.0320181
346 0.527256 0.0191383
349 0.532653 0.0247166
352 0.53415 0.035873
355 0.53102 0.0405896
358 0.528934 0.0417234
361 0.528345 0.0415873
364 0.527982 0.0408617
367 0.5278 0.0400454
370 0.526712 0.0509751
373 0.525397 0.0347392
376 0.524399 0.0423583
379 0.524399 0.0355102
382 0.524127 0.0440363
385 0.526122 0.0312472
388 0.526077 0.0458957
391 0.527664 0.0639909
394 0.524671 0.097551
397 0.521678 0.0929252
400 0.519229 0.0721995
403 0.515465 0.0756463
406 0.514648 0.122268
409 0.51424 0.133288
412 0.515329 0.16263
415 0.514331 0.177596
418 0.512381 0.194195
421 0.511202 0.227029
424 0.508753 0.240454
427 0.501088 0.26
430 0.490612 0.26839
433 0.488571 0.274603
436 0.486893 0.304807
439 0.482222 0.305624
442 0.479138 0.307619
445 0.477687 0.353469
448 0.476735 0.354059
451 0.478503 0.349887
454 0.475873 0.356145
457 0.478639 0.367256
460 0.481859 0.368118
463 0.479093 0.364263
466 0.478685 0.37093
469 0.478095 0.355918
472 0.474286 0.412698
475 0.475828 0.364444
478 0.475238 0.260726
481 0.472154 0.305079
484 0.471474 0.32907
487 0.470703 0.294467
490 0.471882 0.284399
493 0.470975 0.32517
496 0.467166 0.310113
499 0.467483 0.309841
502 0.474785 0.0192744
505 0.486349 0.0545125
508 0.496463 0.0929705
511 0.503719 0.121451
514 0.509751 0.0898413
517 0.514104 0.108299
520 0.507619 0.120136
523 0.505034 0.119637
526 0.504036 0.119955
529 0.503492 0.127664
532 0.507619 0.125624
535 0.503311 0.143447
538 0.501361 0.137823
541 0.500726 0.127846
544 0.493016 0.156689
547 0.493016 0.205125
550 0.492063 0.143673
553 0.492018 0.164263
556 0.492381 0.162313
559 0.489116 0.174286
562 0.48712 0.220091
565 0.485714 0.364943
568 0.482132 0.28839
571 0.479048 0.151882
574 0.483537 0.0627664
577 0.486304 0.0851247
580 0.492336 0.0723356
583 0.497778 0.101224
586 0.500726 0.135918
589 0.506122 0.11288
592 0.511973 0.103764
595 0.518503 0.172789
598 0.523356 0.158413
601 0.528027 0.171338
604 0.533288 0.171701
607 0.538322 0.181497
610 0.544535 0.189751
613 0.550476 0.20195
616 0.554331 0.168662
619 0.558277 0.210522
622 0.560045 0.283719
625 0.563719 0.201678
628 0.567256 0.206213
631 0.570249 0.198367
634 0.573333 0.225896
637 0.575374 0.219546
640 0.575419 0.172517
643 0.575238 0.128435
646 0.573651 0.226077
649 0.574603 0.1122
652 0.574648 0.163084
655 0.575465 0.147528
658 0.576054 0.141224
661 0.575556 0.156372
664 0.578685 0.139501
667 0.579547 0.162177
670 0.576372 0.278413
673 0.577868 0.189252
676 0.580317 0.173832
679 0.580544 0.199864
682 0.579229 0.199456
685 0.577868 0.205624
688 0.577324 0.195873
691 0.577732 0.172744
694 0.578186 0.188345
697 0.57619 0.368299
700 0.576599 0.270113
703 0.575374 0.238957
706 0.573832 0.205351
709 0.573243 0.245125
712 0.572562 0.293016
715 0.572336 0.282041
718 0.570295 0.26712
721 0.56712 0.499138
724 0.569887 0.225261
727 0.569751 0.28458
730 0.571247 0.239955
733 0.569932 0.245215
736 0.569569 0.290159
739 0.56898 0.182268
742 0.568617 0.239093
745 0.568299 0.255329
748 0.5678 0.179728
751 0.566712 0.244172
754 0.567347 0.181043
757 0.566395 0.2039
760 0.566077 0.176236
763 0.564581 0.150567
766 0.56381 0.164853
769 0.563628 0.137868
772 0.560816 0.248844
775 0.561134 0.224354
778 0.561361 0.282721
781 0.560317 0.111882
784 0.561315 0.123764
787 0.561224 0.0332426
790 0.562766 0.0364172
793 0.564717 0.0265306
796 0.571111 0.0799093
799 0.573878 0.0604535
802 0.576735 0.04839
805 0.577324 0.0731519
808 0.578685 0.0814059
811 0.58195 0.10068
814 0.585306 0.112245
817 0.585896 0.149705
820 0.589977 0.367166
823 0.593878 0.0928798
826 0.596372 0.126803
829 0.597188 0.146757
832 0.597642 0.0852154
835 0.598912 0.178503
838 0.599819 0.149524
841 0.599002 0.0439909
844 0.599456 0.103311
847 0.59932 0.210567
850 0.599864 0.0863946
853 0.598549 0.142132
856 0.598095 0.196825
859 0.6 0.0417234
862 0.599592 0.0541497
865 0.599002 0.153333
868 0.599501 0.0497506
871 0.600952 0.31873
874 0.60127 0.12
877 0.600227 0.114286
880 0.60195 0.0892064
883 0.601769 0.12263
886 0.601814 0.139819
889 0.601451 0.0289796
892 0.601859 0.0427211
895 0.600816 0.0910658
898 0.601723 0.188889
901 0.602177 0.0995011
904 0.602132 0.213424
907 0.601497 0.317778
910 0.601179 0.0548299
913 0.601361 0.208571
916 0.601134 0.0715646
919 0.600227 0.100227
922 0.600317 0.204626
925 0.599864 0.0988662
928 0.600091 0.0996825
931 0.599184 0.228299
934 0.599592 0.211202
937 0.599501 0.0809977
940 0.598141 0.0535601
943 0.59932 0.0468027
946 0.599637 0.0614512
949 0.599365 0.0748753
952 0.59941 0.0889342
955 0.595918 0.189433
958 0.59678 0.106893
961 0.596689 0.0421769
964 0.597143 0.110703
967 0.597551 0.164444
970 0.59619 0.132154
973 0.595828 0.0803628
976 0.594875 0.0765986
979 0.594376 0.0852608
982 0.593651 0.104444
985 0.595011 0.0819955
988 0.595465 0.0661678
991 0.596145 0.0384127
994 0.59542 0.0834467
997 0.595782 0.0702041
1000 0.596236 0.100317
1003 0.595556 0.0618141
1006 0.594921 0.263084
1009 0.595556 0.18576
1012 0.595782 0.0489796
1015 0.597052 0.065941
1018 0.596372 0.0760091
1021 0.596961 0.0519274
1024 0.597324 0.0559637
1027 0.597687 0.0655782
1030 0.593741 0.0782766
1033 0.597143 0.073424
1036 0.595057 0.17424
1039 0.596236 0.130794
1042 0.596599 0.0883447
1045 0.596372 0.0985488
1048 0.595601 0.160363
1051 0.595737 0.0810884
1054 0.595646 0.0601361
1057 0.59678 0.0641723
1060 0.595964 0.0516553
1063 0.596009 0.151156
1066 0.597279 0.0631746
1069 0.595873 0.0643991
1072 0.595646 0.0801814
1075 0.595692 0.0989569
1078 0.595374 0.0861678
1081 0.595828 0.0605442
1084 0.597098 0.0660771
1087 0.598277 0.261587
1090 0.599864 0.135782
1093 0.601678 0.0747846
1096 0.602313 0.074195
1099 0.602857 0.0621769
1102 0.603039 0.066576
1105 0.603175 0.0486168
1108 0.601995 0.040771
1111 0.597959 0.167846
1114 0.597143 0.0426304
1117 0.597098 0.0563265
1120 0.596961 0.0713379
1123 0.596644 0.092517
1126 0.596463 0.0854422
1129 0.598005 0.059229
1132 0.59542 0.0544218
1135 0.595147 0.0570068
1138 0.59805 0.0624036
1141 0.600045 0.0672562
1144 0.599184 0.0594558
1147 0.601088 0.0498866
1150 0.599773 0.0555102
1153 0.599184 0.0503855
1156 0.597642 0.0356463
1159 0.6 0.073424
1162 0.60059 0.113878
1165 0.601995 0.107483
1168 0.598594 0.0855329
1171 0.597687 0.0750113
1174 0.598322 0.105669
1177 0.598277 0.0920181
1180 0.597778 0.0756009
1183 0.598821 0.0680272
1186 0.597007 0.168617
1189 0.599728 0.0365986
1192 0.599773 0.0775964
1195 0.600499 0.0246259
1198 0.601224 0.0364172
1201 0.601587 0.0797279
1204 0.601315 0.0988209
1207 0.601088 0.139184
1210 0.601406 0.121859
1213 0.59873 0.322132
1216 0.599456 0.159819
1219 0.599864 0.15805
1222 0.599592 0.238549
1225 0.59941 0.170385
1228 0.599093 0.0575964
1231 0.60127 0.0448073
1234 0.600136 0.0619501
1237 0.600771 0.0868027
1240 0.601451 0.0751474
1243 0.603991 0.100998
1246 0.604172 0.0533787
1249 0.6039 0.0860317
1252 0.603537 0.0538776
1255 0.603401 0.0833107
1258 0.602358 0.0436281
1261 0.598912 0.190204
1264 0.599501 0.0488435
1267 0.599002 0.0430839
1270 0.599819 0.0826304
1273 0.6 0.0204082
1276 0.599002 0.087483
1279 0.597823 0.0433107
1282 0.596599 0.055873
1285 0.596417 0.0492517
1288 0.599773 0.0527438
1291 0.598413 0.0682086
1294 0.598866 0.0812245
1297 0.599955 0.0878005
1300 0.600045 0.0530159
1303 0.601678 0.0255329
1306 0.601905 0.0468481
1309 0.60254 0.0383673
1312 0.598277 0.133923
1315 0.597143 0.0512472
1318 0.595873 0.0458503
1321 0.595556 0.0984581
1324 0.595147 0.0748753
1327 0.595556 0.0590476
1330 0.596644 0.0942857
1333 0.596281 0.0814512
1336 0.593605 0.344898
1339 0.594558 0.09678
1342 0.593741 0.0894785
1345 0.595374 0.0912018
1348 0.595828 0.0782313
1351 0.596961 0.0768707
1354 0.598186 0.0830385
1357 0.599002 0.0943311
1360 0.60068 0.0778231
1363 0.599093 0.125805
1366 0.59941 0.0836735
1369 0.599683 0.0737868
1372 0.59805 0.0709751
1375 0.598141 0.0353741
1378 0.598594 0.064127
1381 0.596236 0.0629932
1384 0.593741 0.0599546
1387 0.591383 0.0968254
1390 0.593061 0.046712
1393 0.59619 0.0390023
1396 0.594422 0.0471202
1399 0.596417 0.0458957
1402 0.59805 0.0533787
1405 0.598549 0.0429932
1408 0.599138 0.055737
1411 0.600227 0.103401
1414 0.602132 0.0674376
1417 0.600862 0.127664
1420 0.601723 0.107846
1423 0.604036 0.168571
1426 0.603855 0.126531
1429 0.607891 0.233016
1432 0.607528 0.190522
1435 0.610113 0.253787
1438 0.610567 0.346122
1441 0.615329 0.404989
1444 0.621043 0.413651
1447 0.625215 0.47093
1450 0.626168 0.476735
1453 0.620408 0.460045
1456 0.619683 0.469977
1459 0.617823 0.483311
1462 0.619501 0.474104
1465 0.607846 0.47551
1468 0.60381 0.499819
1471 0.596871 0.490748
1474 0.580998 0.380816
1477 0.573923 0.684807
1480 0.575918 0.654331
1483 0.588753 0.61356
1486 0.59483 0.660952
1489 0.605986 0.504671
1492 0.618594 0.715011
1495 0.632018 0.649388
1498 0.628345 0.60059
1501 0.62907 0.796644
1504 0.637097 0.80322
1507 0.636145 0.817052
1510 0.630658 0.877143
1513 0.621451 0.78254
1516 0.596599 0.733968
1519 0.592925 0.673469
1522 0.577098 0.850748
1525 0.568299 0.912381
1528 0.558912 0.899592
1531 0.559365 0.897914
1534 0.562766 0.88712
1537 0.565805 0.885125
1540 0.569388 0.87619
1543 0.569569 0.862903
1546 0.572608 0.86381
1549 0.573696 0.885034
1552 0.558095 0.880907
1555 0.561859 0.842404
1558 0.571655 0.895646
1561 0.58 0.913968
1564 0.581678 0.928889
1567 0.58263 0.916145
1570 0.574785 0.926757
1573 0.573696 0.927392
1576 0.57737 0.927347
1579 0.565578 0.927664
1582 0.566576 0.931247
1585 0.565896 0.93102
1588 0.577143 0.89941
1591 0.577143 0.916916
1594 0.587029 0.936508
1597 0.583991 0.921542
1600 0.587211 0.943492
1603 0.5922 0.940136
1606 0.606621 0.950612
1609 0.637415 0.9278
1612 0.655964 0.938503
1615 0.643492 0.943311
1618 0.628073 0.891293
1621 0.612834 0.920771
1624 0.597869 0.911474
1627 0.574966 0.903447
1630 0.56449 0.898141
1633 0.562222 0.902268
1636 0.557959 0.894785
1639 0.555556 0.902948
1642 0.57034 0.92839
1645 0.580998 0.934376
1648 0.577143 0.92068
1651 0.590612 0.910159
1654 0.576236 0.927483
1657 0.566667 0.879002
1660 0.578413 0.924807
1663 0.601361 0.91551
1666 0.595964 0.898413
1669 0.598912 0.923265
1672 0.585351 0.894422
1675 0.581633 0.92898
1678 0.588708 0.878413
1681 0.580998 0.851383
1684 0.582132 0.900317
1687 0.598277 0.883583
1690 0.607664 0.851474
1693 0.615147 0.852608
1696 0.633923 0.862948
1699 0.646168 0.795964
1702 0.630204 0.867211
1705 0.625805 0.818821
1708 0.620952 0.848118
1711 0.611111 0.84322
1714 0.626077 0.838277
1717 0.630249 0.852063
1720 0.633651 0.817324
1723 0.614195 0.8161
1726 0.609252 0.789297
1729 0.597596 0.774694
1732 0.557642 0.743084
1735 0.537415 0.792018
1738 0.528254 0.794104
1741 0.517778 0.818231
1744 0.530658 0.825034
1747 0.529252 0.825533
1750 0.531655 0.809569
1753 0.546576 0.813742
1756 0.556599 0.793968
1759 0.543628 0.781542
1762 0.544218 0.744853
1765 0.557097 0.753787
1768 0.558639 0.738277
1771 0.561224 0.766485
1774 0.555465 0.7561
1777 0.547528 0.734376
1780 0.544308 0.741134
1783 0.546984 0.7278
1786 0.546213 0.70059
1789 0.551247 0.669252
1792 0.554195 0.648345
1795 0.560227 0.615873
1798 0.55415 0.60059
1801 0.562812 0.620726
1804 0.555873 0.68771
1807 0.536508 0.690522
1810 0.518866 0.67551
1813 0.510658 0.655556
1816 0.503855 0.639229
1819 0.512018 0.642721
1822 0.524671 0.636735
1825 0.53356 0.642222
1828 0.552018 0.635419
1831 0.573061 0.61873
1834 0.587755 0.624082
1837 0.589569 0.613787
1840 0.583265 0.613424
1843 0.574422 0.57873
1846 0.561361 0.482177
1849 0.561678 0.488027
1852 0.547347 0.468073
1855 0.533152 0.387664
1858 0.536825 0.398231
1861 0.533878 0.398095
1864 0.530113 0.391383
1867 0.517415 0.367302
1870 0.519819 0.388481
1873 0.509433 0.418367
1876 0.506803 0.424898
1879 0.5039 0.490703
1882 0.503583 0.511927
1885 0.517143 0.523447
1888 0.559546 0.587347
1891 0.55483 0.591429
1894 0.534195 0.611791
1897 0.512562 0.623039
1900 0.537642 0.70068
1903 0.574648 0.647982
1906 0.57102 0.684263
1909 0.562404 0.685488
1912 0.518821 0.63678
1915 0.513923 0.667166
1918 0.508798 0.629388
1921 0.509025 0.609116
1924 0.496372 0.57102
1927 0.483401 0.489796
1930 0.459864 0.494422
1933 0.468526 0.460816
1936 0.474739 0.433696
1939 0.497732 0.391655
1942 0.525714 0.40644
1945 0.525896 0.378821
1948 0.532018 0.411746
1951 0.528118 0.313968
1954 0.535782 0.28059
1957 0.541179 0.257324
1960 0.545215 0.195238
1963 0.537732 0.13805
1966 0.526213 0.151247
1969 0.507347 0.114467
1972 0.501043 0.0851701
1975 0.503039 0.0204989
1978 0.505079 0.0577778
1981 0.507664 0.0577778
1984 0.514195 0.0510658
1987 0.527755 0.0817687
1990 0.528073 0.0464853
1993 0.528844 0.0287075
1996 0.529887 0.0496145
1999 0.535147 0.032517
2002 0.553288 0.0431293
2005 0.581769 0.108027
2008 0.587664 0.135737
2011 0.589297 0.150703
2014 0.587211 0.252063
2017 0.577143 0.327528
2020 0.545442 0.360091
2023 0.524853 0.437868
2026 0.555601 0.491293
2029 0.525125 0.458866
2032 0.474558 0.473197
2035 0.446531 0.467256
2038 0.478821 0.432698
2041 0.485941 0.41424
2044 0.489615 0.377687
2047 0.484943 0.342358
2050 0.492381 0.359365
2053 0.511429 0.294875
2056 0.518095 0.274694
2059 0.521315 0.228753
2062 0.51873 0.19551
2065 0.528571 0.199138
2068 0.540091 0.172245
2071 0.536508 0.116236
2074 0.53288 0.105986
2077 0.523311 0.0643084
2080 0.5239 0.0663492
2083 0.525714 0.0389116
2086 0.530839 0.0745125
2089 0.533016 0.0253515
2092 0.533832 0.0263946
2095 0.533832 0.0288435
2098 0.536961 0.0397279
2101 0.540998 0.0611791
2104 0.551066 0.0538776
2107 0.547302 0.0947846
2110 0.546349 0.138141
2113 0.537279 0.175556
2116 0.521497 0.220454
2119 0.506395 0.249342
2122 0.513333 0.307166
2125 0.514966 0.342449
2128 0.523492 0.367302
2131 0.527982 0.407664
2134 0.513152 0.441497
2137 0.504263 0.445215
2140 0.492109 0.408435
2143 0.475918 0.408254
2146 0.460499 0.417914
2149 0.449751 0.405669
2152 0.446667 0.403855
2155 0.464807 0.42068
2158 0.480136 0.40771
2161 0.484354 0.428798
2164 0.508345 0.420952
2167 0.52263 0.44458
2170 0.508299 0.394966
2173 0.518776 0.422449
2176 0.505896 0.410567
2179 0.49034 0.345805
2182 0.510839 0.2678
2185 0.537959 0.236689
2188 0.55678 0.23034
2191 0.554059 0.19678
2194 0.541088 0.156372
2197 0.537868 0.120136
2200 0.53737 0.0740136
2203 0.541315 0.0665306
2206 0.54322 0.0604082
2209 0.540952 0.0460317
2212 0.538639 0.0326531
2215 0.538912 0.0318821
2218 0.539138 0.0240363
2221 0.538866 0.025941
2224 0.539048 0.0299773
2227 0.538594 0.0287075
2230 0.538821 0.0322449
2233 0.538685 0.0404082
2236 0.537778 0.119909
2239 0.536825 0.0283447
2242 0.53737 0.0365986
2245 0.536735 0.0258957
2248 0.537868 0.041678
2251 0.537234 0.0490249
2254 0.537596 0.0466213
2257 0.537823 0.0465306
2260 0.538277 0.0371882
2263 0.537188 0.0558277
2266 0.537778 0.0519274
2269 0.549161 0.0927891
2272 0.559138 0.103946
2275 0.56059 0.160317
2278 0.540907 0.17288
2281 0.529887 0.200544
2284 0.52449 0.208435
2287 0.515556 0.215692
2290 0.500862 0.24839
2293 0.499002 0.227392
2296 0.499093 0.258776
2299 0.521995 0.269206
2302 0.537551 0.252018
2305 0.544082 0.302812
2308 0.537188 0.281315
2311 0.547528 0.269751
2314 0.544263 0.221134
2317 0.532971 0.239229
2320 0.530113 0.247574
2323 0.524626 0.264807
2326 0.527846 0.205578
2329 0.532698 0.181224
2332 0.527166 0.188299
2335 0.527438 0.158503
2338 0.536825 0.130295
2341 0.542766 0.129297
2344 0.545034 0.125669
2347 0.542086 0.0963719
2350 0.54068 0.076644
2353 0.542404 0.0875737
2356 0.538912 0.111882
2359 0.538639 0.0994558
2362 0.535329 0.0952381
2365 0.535692 0.0902494
2368 0.53093 0.0862585
2371 0.538141 0.0958277
2374 0.54059 0.0702948
2377 0.541497 0.0808163
2380 0.54381 0.0975057
2383 0.545533 0.0855782
2386 0.568345 0.123401
2389 0.584308 0.16
2392 0.559819 0.211655
2395 0.539002 0.22898
2398 0.513152 0.207166
2401 0.491655 0.2
2404 0.462902 0.24059
2407 0.468073 0.215283
2410 0.504036 0.216372
2413 0.508707 0.191338
2416 0.539093 0.162902
2419 0.548027 0.144717
2422 0.549977 0.130748
2425 0.546259 0.0783673
2428 0.539456 0.0492971
2431 0.53619 0.0303401
2434 0.549388 0.0297959
2437 0.560771 0.0752381
2440 0.560181 0.115193
2443 0.560227 0.132472
2446 0.544807 0.143628
2449 0.541224 0.15093
2452 0.514739 0.16898
2455 0.509342 0.167302
2458 0.547982 0.142132
2461 0.567029 0.100045
2464 0.558866 0.113651
2467 0.552925 0.111066
2470 0.548481 0.102494
2473 0.550794 0.0742404
2476 0.546848 0.0519728
2479 0.549478 0.0696599
2482 0.549614 0.0560091
2485 0.547483 0.0789116
2488 0.547256 0.0783673
2491 0.541723 0.0899773
2494 0.538095 0.0554195
2497 0.542222 0.0818141
2500 0.544172 0.0874376
2503 0.548027 0.0789116
2506 0.551519 0.106893
2509 0.561542 0.0999093
2512 0.570476 0.139683
2515 0.580317 0.168345
2518 0.576553 0.231791
2521 0.559637 0.224898
2524 0.5361 0.233968
2527 0.515873 0.217914
2530 0.51102 0.227211
2533 0.494694 0.263265
2536 0.485351 0.298685
2539 0.473288 0.25805
2542 0.497823 0.271247
2545 0.526667 0.277188
2548 0.553379 0.328435
2551 0.570567 0.264626
2554 0.57424 0.221995
2557 0.572018 0.204127
2560 0.563628 0.158458
2563 0.551927 0.128299
2566 0.542449 0.0958277
2569 0.542404 0.0365533
2572 0.544671 0.014195
2575 0.544717 0.216825
2578 0.544807 0.235465
2581 0.545306 0.137188
2584 0.545125 0.0603628
2587 0.549932 0.263447
2590 0.549297 0.25415
2593 0.54898 0.171293
2596 0.548707 0.324354
2599 0.548254 0.261497
2602 0.548753 0.298231
2605 0.548753 0.238957
2608 0.548299 0.204127
2611 0.548163 0.308617
2614 0.548254 0.210159
2617 0.547891 0.148707
2620 0.547846 0.13746
2623 0.547483 0.227392
2626 0.554966 0.0179138
2629 0.564444 0.0562812
2632 0.559864 0.0985034
2635 0.551202 0.114059
2638 0.557868 0.14263
2641 0.563175 0.204807
2644 0.581814 0.271202
2647 0.569206 0.361633
2650 0.541179 0.410385
2653 0.524127 0.450748
2656 0.541451 0.456916
2659 0.55102 0.508889
2662 0.528708 0.515601
2665 0.495692 0.522902
2668 0.487846 0.491565
2671 0.466712 0.459048
2674 0.496961 0.474921
2677 0.50195 0.472698
2680 0.535737 0.466712
2683 0.557823 0.383311
2686 0.584354 0.407755
2689 0.593787 0.325261
2692 0.581814 0.316599
2695 0.564989 0.308254
2698 0.544626 0.263356
2701 0.534921 0.219683
2704 0.519728 0.182313
2707 0.526349 0.141315
2710 0.521723 0.104354
2713 0.515193 0.10898
2716 0.510884 0.106213
2719 0.507438 0.104036
2722 0.505578 0.101406
2725 0.506168 0.103401
2728 0.50712 0.121633
2731 0.519365 0.108707
2734 0.527438 0.0824943
2737 0.541814 0.116417
2740 0.539229 0.131565
2743 0.537143 0.159637
2746 0.534467 0.151791
2749 0.538231 0.169524
2752 0.537596 0.180181
2755 0.530068 0.207483
2758 0.523447 0.251973
2761 0.53093 0.256644
2764 0.529116 0.23288
2767 0.529206 0.229388
2770 0.52517 0.201043
2773 0.518776 0.255238
2776 0.51356 0.251791
2779 0.511293 0.251338
2782 0.50839 0.2639
2785 0.506258 0.274422
2788 0.506667 0.286032
2791 0.50576 0.276644
2794 0.505986 0.285261
2797 0.505442 0.283764
2800 0.506304 0.254694
2803 0.506032 0.268571
2806 0.51102 0.183356
2809 0.51034 0.169206
2812 0.514512 0.151837
2815 0.515329 0.116825
2818 0.515873 0.189887
2821 0.516009 0.0695238
2824 0.51551 0.0614966
2827 0.516054 0.0839456
2830 0.515011 0.0418594
2833 0.514195 0.166621
2836 0.51424 0.282676
2839 0.512789 0.0603175
2842 0.514195 0.0816327
2845 0.515828 0.0732426
2848 0.516463 0.0894331
2851 0.519864 0.0803175
2854 0.52263 0.0660771
2857 0.518231 0.111565
2860 0.51551 0.0807256
2863 0.517188 0.0756463
2866 0.519093 0.0833107
2869 0.519138 0.112834
2872 0.518685 0.0929252
2875 0.51805 0.0868027
2878 0.519002 0.0765533
2881 0.523855 0.0666667
2884 0.520771 0.111474
2887 0.514376 0.132608
2890 0.512517 0.109796
2893 0.50712 0.105896
2896 0.506757 0.114331
2899 0.507846 0.0973243
2902 0.507075 0.135782
2905 0.504943 0.117823
2908 0.507846 0.106349
2911 0.510249 0.172562
2914 0.509841 0.109932
2917 0.510884 0.1161
2920 0.509206 0.1361
2923 0.511247 0.121451
2926 0.511701 0.141043
2929 0.508163 0.141224
2932 0.50966 0.136644
2935 0.508798 0.162721
2938 0.508481 0.190249
2941 0.509524 0.141678
2944 0.512109 0.0558277
2947 0.517324 0.0647619
2950 0.523447 0.1078
2953 0.522993 0.118141
2956 0.51619 0.153379
2959 0.503356 0.134104
2962 0.481587 0.173288
2965 0.47102 0.16449
2968 0.458186 0.186485
2971 0.457143 0.20068
2974 0.454286 0.221406
2977 0.45551 0.219864
2980 0.454014 0.226576
2983 0.458503 0.254104
2986 0.457778 0.274649
2989 0.464762 0.313107
2992 0.477324 0.296644
2995 0.485624 0.331247
2998 0.496689 0.339592
3001 0.511791 0.349887
3004 0.522993 0.391927
3007 0.525896 0.429433
3010 0.530884 0.452154
3013 0.53093 0.452562
3016 0.537732 0.468118
3019 0.550748 0.430884
3022 0.562313 0.381723
3025 0.563583 0.316825
3028 0.567619 0.29551
3031 0.576735 0.280136
3034 0.589297 0.275238
3037 0.593152 0.302857
3040 0.576463 0.314603
3043 0.568707 0.323401
3046 0.555238 0.26
3049 0.549705 0.283719
3052 0.544898 0.261678
3055 0.536417 0.234649
3058 0.535465 0.239501
3061 0.541043 0.212925
3064 0.544172 0.179683
3067 0.545805 0.164535
3070 0.551882 0.21288
3073 0.55873 0.194739
3076 0.561542 0.22
3079 0.566848 0.218503
3082 0.566349 0.198141
3085 0.562494 0.192789
3088 0.572834 0.237778
3091 0.577778 0.262041
3094 0.58195 0.248662
3097 0.587891 0.255057
3100 0.589569 0.227619
3103 0.59034 0.228571
3106 0.588299 0.214104
3109 0.586032 0.112472
3112 0.586893 0.25356
3115 0.577098 0.132744
3118 0.579274 0.150567
3121 0.577234 0.120454
3124 0.573605 0.127891
3127 0.570658 0.159184
3130 0.569796 0.168209
3133 0.570204 0.144717
3136 0.573107 0.154512
3139 0.575283 0.147891
3142 0.577007 0.152608
3145 0.576417 0.162766
3148 0.579184 0.119773
3151 0.581905 0.143492
3154 0.585669 0.133107
3157 0.587574 0.139864
3160 0.589025 0.135147
3163 0.588073 0.260952
3166 0.587166 0.120181
3169 0.588118 0.130612
3172 0.590023 0.0635828
3175 0.587619 0.128571
3178 0.587574 0.0791383
3181 0.590748 0.111701
3184 0.587846 0.0637188
3187 0.59093 0.153515
3190 0.589569 0.187211
3193 0.593968 0.0777778
3196 0.596553 0.183265
3199 0.596599 0.174195
3202 0.598458 0.146984
3205 0.599909 0.151973
3208 0.603991 0.138685
3211 0.602948 0.168209
3214 0.603719 0.12839
3217 0.602132 0.104218
3220 0.599955 0.134739
3223 0.600544 0.0364172
3226 0.599909 0.0361905
3229 0.600907 0.0488889
3232 0.599592 0.0919274
3235 0.6 0.0593197
3238 0.601134 0.168844
3241 0.6 0.0506576
3244 0.600227 0.0411338
3247 0.598957 0.0461678
3250 0.598639 0.047483
3253 0.596236 0.0654422
3256 0.596145 0.0470748
3259 0.597234 0.0409977
3262 0.601134 0.0752381
3265 0.602268 0.0532426
3268 0.602268 0.0342857
3271 0.605079 0.0176871
3274 0.605714 0.0509751
3277 0.604399 0.0556916
3280 0.604717 0.0308844
3283 0.606531 0.0529705
3286 0.608254 0.238957
3289 0.606531 0.0261678
3292 0.60585 0.0778685
3295 0.606667 0.109161
3298 0.606259 0.0856689
3301 0.603401 0.0448526
3304 0.603946 0.0651247
3307 0.604807 0.0604082
3310 0.603447 0.059093
3313 0.601361 0.0943764
3316 0.600363 0.0789569
3319 0.599093 0.0884354
3322 0.597052 0.0626757
3325 0.59737 0.0830839
3328 0.599546 0.113878
3331 0.600726 0.0861224
3334 0.597778 0.105533
3337 0.59932 0.184263
3340 0.598005 0.152063
3343 0.600045 0.155419
3346 0.599229 0.0976417
3349 0.597778 0.102177
3352 0.598458 0.0751474
3355 0.596009 0.0996825
3358 0.597551 0.116825
3361 0.594739 0.111066
3364 0.594376 0.108073
3367 0.594331 0.0844898
3370 0.595918 0.120181
3373 0.595147 0.0726077
3376 0.595646 0.0605896
3379 0.59483 0.0593651
3382 0.595238 0.0526531
3385 0.596054 0.0552834
3388 0.595465 0.167619
3391 0.59551 0.15093
3394 0.595964 0.044263
3397 0.595782 0.05161
3400 0.595465 0.034059
3403 0.595283 0.0502948
3406 0.595238 0.0406349
3409 0.595601 0.0364626
3412 0.595374 0.119683
3415 0.595556 0.0928798
3418 0.596599 0.0760544
3421 0.59619 0.0828118
3424 0.595556 0.0818141
3427 0.59619 0.173515
3430 0.595646 0.0921088
3433 0.595828 0.0759184
3436 0.605941 0.26059
3439 0.605442 0.21737
3442 0.605669 0.217324
3445 0.605896 0.0687982
3448 0.606395 0.0139683
3451 0.606939 0.0241723
3454 0.60712 0.025941
3457 0.607846 0.090839
3460 0.608073 0.08322
3463 0.607438 0.206893
3466 0.607438 0.0644898
3469 0.607619 0.0495692
3472 0.606667 0.057415
3475 0.607302 0.0647166
3478 0.607256 0.0765079
3481 0.60644 0.0380952
3484 0.606621 0.0255329
3487 0.606939 0.180454
3490 0.60644 0.00462585
3493 0.606667 0.0471202
3496 0.607483 0.0949206
3499 0.607302 0.13805
3502 0.608526 0.0728798
3505 0.607528 0.0213152
3508 0.606712 0.0146939
3511 0.609025 0.192517
3514 0.609887 0.2322
3517 0.610023 0.237279
3520 0.609569 0.0535601
3523 0.608798 0.123764
3526 0.608254 0.164535
3529 0.608662 0.121134
3532 0.608889 0.090068
3535 0.608481 0.0762812
3538 0.607528 0.0421769
3541 0.607029 0.283265
3544 0.607574 0.157143
3547 0.607483 0.0224036
3550 0.607438 0.0378685
3553 0.60712 0.109705
3556 0.607619 0.0916553
3559 0.607438 0.0465306
3562 0.606349 0.293515
3565 0.605488 0.129841
3568 0.606032 0.321633
3571 0.607075 0.0363265
3574 0.606395 0.0411791
3577 0.606576 0.144036
3580 0.607211 0.0882086
3583 0.606893 0.0585941
3586 0.606939 0.211111
3589 0.60771 0.234603
3592 0.60644 0.104172
3595 0.607347 0.0890703
3598 0.606576 0.10771
3601 0.605578 0.155964
3604 0.607347 0.121497
3607 0.607302 0.102993
3610 0.607029 0.0638095
3613 0.607256 0.0361451
3616 0.607392 0.0285714
3619 0.607619 0.0826757
3622 0.606122 0.0796825
3625 0.607029 0.0649887
3628 0.607619 0.0714286
3631 0.608073 0.0597279
3634 0.609161 0.0487075
3637 0.61161 0.0414059
3640 0.612562 0.0421315
3643 0.611519 0.0409977
3646 0.60966 0.0970975
3649 0.608073 0.0402268
3652 0.606304 0.0361905
3655 0.604581 0.0361451
3658 0.603492 0.042449
3661 0.603537 0.0256236
3664 0.603583 0.0251701
3667 0.604172 0.03678
3670 0.604671 0.17483
3673 0.60381 0.0304762
3676 0.601315 0.0435374
3679 0.603946 0.044127
3682 0.602177 0.0198639
3685 0.602358 0.0369615
3688 0.602404 0.0599093
3691 0.603537 0.049932
3694 0.6039 0.0355102
3697 0.603537 0.0630386
3700 0.603855 0.0777778
3703 0.603129 0.0185488
3706 0.606122 0.0813605
3709 0.60585 0.0864853
3712 0.60712 0.0986395
3715 0.609433 0.0980045
3718 0.609751 0.0915193
3721 0.609388 0.248073
3724 0.608617 0.0979592
3727 0.609478 0.112245
3730 0.610567 0.121678
3733 0.610476 0.118322
3736 0.610249 0.1161
3739 0.608844 0.114785
3742 0.609206 0.125215
3745 0.610159 0.263991
3748 0.609388 0.152245
3751 0.608073 0.126032
3754 0.607574 0.09678
3757 0.607438 0.0732426
3760 0.607211 0.0608617
3763 0.606576 0.0286168
3766 0.605442 0.0208617
3769 0.602449 0.0307937
3772 0.600136 0.0584127
3775 0.600408 0.0788662
3778 0.599365 0.0326077
3781 0.603129 0.0854875
3784 0.603946 0.0707029
3787 0.60712 0.0734694
3790 0.608027 0.0706122
3793 0.610658 0.0608617
3796 0.613061 0.223537
3799 0.612018 0.128027
3802 0.612789 0.112744
3805 0.611701 0.129297
3808 0.612834 0.173152
3811 0.617052 0.148571
3814 0.619728 0.141995
3817 0.624399 0.146485
3820 0.636508 0.333832
3823 0.639002 0.0338322
3826 0.639819 0.0377324
3829 0.642404 0.0201814
3832 0.643719 0.030839
3835 0.644626 0.0276644
3838 0.64585 0.0278005
3841 0.646213 0.0218594
3844 0.646984 0.0155102
3847 0.64898 0.133016
3850 0.647937 0.0284807
3853 0.649297 0.0642177
3856 0.649252 0.0543311
3859 0.649161 0.0487075
3862 0.647982 0.0620408
3865 0.647166 0.0648526
3868 0.645442 0.0269841
3871 0.648073 0.0438549
3874 0.647619 0.120907
3877 0.647347 0.128707
3880 0.648027 0.0538322
3883 0.649569 0.0938322
3886 0.649297 0.0440363
3889 0.649025 0.109977
3892 0.648481 0.131701
3895 0.644762 0.0810884
3898 0.644989 0.0286168
3901 0.638277 0.0616327
3904 0.643492 0.0692517
3907 0.645215 0.0829025
3910 0.645669 0.0423583
3913 0.64644 0.062585
3916 0.645669 0.0512472
3919 0.645624 0.0854422
3922 0.646032 0.177959
3925 0.645533 0.04839
3928 0.644082 0.0502494
3931 0.64263 0.0530612
3934 0.644308 0.035737
3937 0.644308 0.0492517
3940 0.643084 0.030839
3943 0.642948 0.047619
3946 0.646122 0.129977
3949 0.644762 0.0578231
3952 0.64517 0.0864399
3955 0.643855 0.0712472
3958 0.643039 0.0521542
3961 0.642222 0.0302494
3964 0.641905 0.0451701
3967 0.642721 0.0359637
3970 0.646168 0.0758277
3973 0.646349 0.12712
3976 0.645261 0.153243
3979 0.644671 0.0131973
3982 0.643537 0.0348299
3985 0.640499 0.0364172
3988 0.644762 0.0512472
3991 0.646395 0.0291156
3994 0.646122 0.0318367
3997 0.64585 0.261542
4000 0.646032 0.216961
4003 0.646621 0.0514739
4006 0.64644 0.0811791
4009 0.64576 0.100272
4012 0.646621 0.0429025
4015 0.646122 0.02839
4018 0.646531 0.0643084
4021 0.645397 0.0746485
4024 0.64263 0.0228571
4027 0.637596 0.0341497
4030 0.635556 0.014195
4033 0.640091 0.0390023
4036 0.638458 0.0371429
4039 0.638186 0.0365986
4042 0.638231 0.0449887
4045 0.642222 0.0731519
4048 0.644717 0.0285714
4051 0.643175 0.214331
4054 0.643809 0.199002
4057 0.644626 0.078322
4060 0.644172 0.1478
4063 0.643129 0.0331519
4066 0.643447 0.0430385
4069 0.641497 0.034966
4072 0.641225 0.120771
4075 0.640181 0.0205896
4078 0.640408 0.030839
4081 0.643356 0.0381406
4084 0.643039 0.0284807
4087 0.645986 0.0177778
4090 0.644127 0.0302494
4093 0.646259 0.0439909
4096 0.646667 0.0155556
4099 0.649206 0.159456
4102 0.649615 0.0795465
4105 0.650068 0.05678
4108 0.650431 0.0564626
4111 0.650522 0.0745578
4114 0.649751 0.0155556
4117 0.648254 0.0238095
4120 0.650295 0.0259864
4123 0.651927 0.0372336
4126 0.652381 0.0329252
4129 0.650385 0.0484354
4132 0.649932 0.114286
4135 0.65034 0.228345
4138 0.649161 0.297551
4141 0.651111 0.227937
4144 0.657415 0.304807
4147 0.655283 0.317506
4150 0.653923 0.238776
4153 0.656327 0.259773
4156 0.654921 0.252834
4159 0.657279 0.295465
4162 0.658594 0.133333
4165 0.664807 0.130023
4168 0.669751 0.0552834
4171 0.641088 0.425215
4174 0.68 0.346984
4177 0.687574 0.193243
4180 0.689932 0.230113
4183 0.693787 0.292336
4186 0.690522 0.119773
4189 0.691247 0.242313
4192 0.699002 0.25093
4195 0.702404 0.279093
4198 0.697687 0.239456
4201 0.698322 0.387347
4204 0.697188 0.380635
4207 0.700862 0.426984
4210 0.693832 0.324853
4213 0.697143 0.510839
4216 0.688844 0.735782
4219 0.689796 0.792018
4222 0.68966 0.792245
4225 0.691247 0.798367
4228 0.686803 0.812336
4231 0.669796 0.681497
4234 0.647438 0.774331
4237 0.636916 0.792245
4240 0.636145 0.757823
4243 0.629206 0.827891
4246 0.623492 0.817687
4249 0.604263 0.812245
4252 0.580998 0.812336
4255 0.563628 0.787256
4258 0.559456 0.778322
4261 0.564762 0.827619
4264 0.574558 0.166803
4267 0.574785 0.918458
4270 0.581859 0.901678
4273 0.591927 0.72644
4276 0.597596 0.904172
4279 0.578866 0.926213
4282 0.576825 0.93356
4285 0.576372 0.937823
4288 0.596735 0.927392
4291 0.609116 0.910385
4294 0.614875 0.942086
4297 0.616825 0.85161
4300 0.622086 0.958367
4303 0.623129 0.968118
4306 0.63941 0.962494
4309 0.626213 0.953333
4312 0.612925 0.954104
4315 0.605896 0.958639
4318 0.593651 0.924535
4321 0.59356 0.951293
4324 0.566576 0.953878
4327 0.540998 0.95415
4330 0.517823 0.939002
4333 0.502041 0.929569
4336 0.494059 0.933152
4339 0.469887 0.910385
4342 0.468526 0.895011
4345 0.468889 0.894059
4348 0.474649 0.908345
4351 0.48381 0.899365
4354 0.497188 0.913651
4357 0.515465 0.918594
4360 0.53102 0.923401
4363 0.544308 0.931338
4366 0.525805 0.916372
4369 0.521995 0.905442
4372 0.524308 0.912971
4375 0.533605 0.913923
4378 0.548073 0.912472
4381 0.55102 0.903583
4384 0.552154 0.894331
4387 0.549116 0.873469
4390 0.548707 0.895782
4393 0.548934 0.848707
4396 0.544581 0.906349
4399 0.517324 0.851519
4402 0.496553 0.863129
4405 0.479683 0.827574
4408 0.496689 0.80907
4411 0.531292 0.82263
4414 0.550567 0.81415
4417 0.561633 0.811156
4420 0.552789 0.838866
4423 0.529615 0.81746
4426 0.524807 0.842041
4429 0.515737 0.820272
4432 0.529524 0.829887
4435 0.544762 0.8678
4438 0.581633 0.882903
4441 0.614603 0.883537
4444 0.628526 0.884717
4447 0.6239 0.874422
4450 0.632562 0.846893
4453 0.636689 0.827574
4456 0.607574 0.78458
4459 0.605125 0.86907
4462 0.614376 0.826621
4465 0.61161 0.843039
4468 0.621224 0.844853
4471 0.64068 0.838503
4474 0.633243 0.842494
4477 0.606621 0.846803
4480 0.577778 0.812971
4483 0.549025 0.79424
4486 0.547755 0.755193
4489 0.556281 0.808753
4492 0.539048 0.77737
4495 0.545624 0.810839
4498 0.557959 0.836599
4501 0.581361 0.826803
4504 0.559728 0.798005
4507 0.559002 0.865442
4510 0.538912 0.874921
4513 0.545397 0.893923
4516 0.56263 0.839184
4519 0.560771 0.864308
4522 0.574785 0.862948
4525 0.580454 0.859274
4528 0.576372 0.861542
4531 0.57356 0.841134
4534 0.564943 0.834694
4537 0.587937 0.839728
4540 0.607166 0.850839
4543 0.612744 0.833288
4546 0.621678 0.842268
4549 0.59288 0.849342
4552 0.564898 0.81619
4555 0.538503 0.866576
4558 0.526531 0.852653
4561 0.522585 0.873742
4564 0.534966 0.88068
4567 0.552608 0.879773
4570 0.570658 0.878549
4573 0.575057 0.872109
4576 0.558866 0.873742
4579 0.52966 0.861043
4582 0.517959 0.837188
4585 0.535646 0.838186
4588 0.576009 0.835011
4591 0.595918 0.828798
4594 0.609206 0.813152
4597 0.623401 0.831202
4600 0.607075 0.826485
4603 0.594059 0.680272
4606 0.589297 0.784399
4609 0.573333 0.767029
4612 0.554513 0.738866
4615 0.547982 0.739365
4618 0.537506 0.732063
4621 0.529887 0.706939
4624 0.517052 0.70644
4627 0.518005 0.710068
4630 0.516553 0.692789
4633 0.509569 0.680454
4636 0.513016 0.69678
4639 0.497279 0.732154
4642 0.499501 0.759184
4645 0.530249 0.764807
4648 0.556236 0.778458
4651 0.571973 0.761633
4654 0.573107 0.782449
4657 0.581225 0.712698
4660 0.579501 0.775057
4663 0.581406 0.712744
4666 0.576916 0.637732
4669 0.549524 0.655964
4672 0.523537 0.623946
4675 0.515646 0.530476
4678 0.48585 0.612109
4681 0.47805 0.626349
4684 0.480544 0.609841
4687 0.51288 0.624308
4690 0.540181 0.582812
4693 0.535147 0.62195
4696 0.523583 0.589025
4699 0.522993 0.623673
4702 0.520181 0.586576
4705 0.50068 0.650748
4708 0.499093 0.658141
4711 0.489751 0.685669
4714 0.492336 0.713016
4717 0.527166 0.727211
4720 0.552245 0.704263
4723 0.557778 0.721361
4726 0.539546 0.717687
4729 0.543764 0.761542
4732 0.534014 0.729841
4735 0.501497 0.740045
4738 0.471293 0.685896
4741 0.478458 0.643764
4744 0.486984 0.599683
4747 0.504127 0.58195
4750 0.496644 0.62449
4753 0.470658 0.609433
4756 0.473197 0.517324
4759 0.487211 0.523492
4762 0.524308 0.52068
4765 0.541134 0.476871
4768 0.546032 0.437914
4771 0.560907 0.409615
4774 0.569751 0.355646
4777 0.564807 0.265079
4780 0.550476 0.238594
4783 0.542902 0.181587
4786 0.533651 0.165941
4789 0.522857 0.131973
4792 0.518141 0.0890249
4795 0.522222 0.0672562
4798 0.526757 0.0365986
4801 0.526122 0.178821
4804 0.524717 0.184172
4807 0.524172 0.217732
4810 0.524943 0.222268
4813 0.528345 0.31102
4816 0.531474 0.390839
4819 0.532245 0.306621
4822 0.538413 0.355601
4825 0.538594 0.298367
4828 0.538639 0.144943
4831 0.538186 0.326395
4834 0.539138 0.237914
4837 0.538912 0.270794
4840 0.539048 0.209161
4843 0.539637 0.102721
4846 0.539274 0.08839
4849 0.539501 0.0157823
4852 0.539819 0.0603175
4855 0.540408 0.0696599
4858 0.541179 0.272698
4861 0.541633 0.243175
4864 0.541179 0.0646259
4867 0.541043 0.115465
4870 0.541451 0.246032
4873 0.541723 0.215556
4876 0.541905 0.111202
4879 0.541587 0.0748299
4882 0.542313 0.324444
4885 0.542404 0.180952
4888 0.54254 0.117098
4891 0.542721 0.241859
4894 0.542313 0.206259
4897 0.543039 0.00956916
4900 0.544671 0.0108844
4903 0.546032 0.0169615
4906 0.544535 0.0218141
4909 0.54381 0.0259864
4912 0.54254 0.0183673
4915 0.542041 0.0170068
4918 0.555102 0.0301134
4921 0.568073 0.0702494
4924 0.567347 0.117914
4927 0.572472 0.156327
4930 0.572018 0.201043
4933 0.570204 0.257506
4936 0.536417 0.283628
4939 0.500544 0.22254
4942 0.495556 0.282268
4945 0.518503 0.255147
4948 0.508163 0.284036
4951 0.48254 0.283855
4954 0.477551 0.255556
4957 0.504082 0.265896
4960 0.529751 0.277506
4963 0.543855 0.219683
4966 0.549252 0.148118
4969 0.564172 0.191927
4972 0.57746 0.172336
4975 0.582812 0.195964
4978 0.577959 0.259002
4981 0.564898 0.262857
4984 0.556281 0.257732
4987 0.538186 0.266531
4990 0.518503 0.280952
4993 0.514875 0.264989
4996 0.517642 0.28458
4999 0.535011 0.266621
5002 0.541542 0.294512
5005 0.574331 0.271383
5008 0.577007 0.259592
5011 0.573243 0.251156
5014 0.556145 0.2078
5017 0.548073 0.164263
5020 0.542993 0.138594
5023 0.542404 0.109252
5026 0.539592 0.110658
5029 0.538005 0.0838549
5032 0.538141 0.0791383
5035 0.534694 0.0501134
5038 0.529569 0.0595011
5041 0.533923 0.0838549
5044 0.536689 0.0995465
5047 0.544671 0.0953288
5050 0.557914 0.0915193
5053 0.565624 0.142902
5056 0.554785 0.172789
5059 0.550385 0.185215
5062 0.534603 0.142585
5065 0.516145 0.202993
5068 0.50585 0.210658
5071 0.508073 0.228753
5074 0.499909 0.311247
5077 0.492063 0.30517
5080 0.479864 0.327891
5083 0.463039 0.309932
5086 0.47619 0.332971
5089 0.494512 0.316463
5092 0.505034 0.328027
5095 0.508753 0.297642
5098 0.520272 0.286984
5101 0.539138 0.258866
5104 0.559365 0.264807
5107 0.564535 0.256009
5110 0.562222 0.209025
5113 0.563673 0.139365
5116 0.558594 0.155011
5119 0.554286 0.104308
5122 0.539501 0.0776417
5125 0.541497 0.053288
5128 0.545533 0.0407256
5131 0.551066 0.194059
5134 0.554195 0.375465
5137 0.554603 0.272834
5140 0.555283 0.191247
5143 0.554513 0.266531
5146 0.555102 0.268299
5149 0.554739 0.228345
5152 0.554558 0.248254
5155 0.554195 0.200091
5158 0.554059 0.154966
5161 0.555057 0.285397
5164 0.554966 0.156689
5167 0.554331 0.184762
5170 0.55483 0.23415
5173 0.55483 0.21102
5176 0.554558 0.178231
5179 0.555601 0.243719
5182 0.555556 0.252472
5185 0.554603 0.325079
5188 0.555283 0.226848
5191 0.555057 0.324626
5194 0.55424 0.172109
5197 0.553016 0.278639
5200 0.552608 0.28254
5203 0.55288 0.165805
5206 0.552925 0.205669
5209 0.553016 0.21941
5212 0.553016 0.24263
5215 0.552744 0.254875
5218 0.551882 0.252971
5221 0.551247 0.226939
5224 0.551293 0.209342
5227 0.551247 0.30771
5230 0.551247 0.257007
5233 0.551429 0.251791
5236 0.551927 0.236009
5239 0.551338 0.116281
5242 0.551519 0.25415
5245 0.553152 0.179093
5248 0.552698 0.307483
5251 0.553742 0.351202
5254 0.553832 0.244671
5257 0.563175 0.0224943
5260 0.575828 0.0659864
5263 0.578821 0.100635
5266 0.566395 0.127211
5269 0.542812 0.138277
5272 0.532971 0.139683
5275 0.521905 0.163311
5278 0.517506 0.183583
5281 0.508481 0.181905
5284 0.553742 0.147438
5287 0.499138 0.140408
5290 0.503719 0.21941
5293 0.508073 0.263311
5296 0.515011 0.304762
5299 0.522676 0.328435
5302 0.519592 0.354195
5305 0.509161 0.356372
5308 0.504399 0.322268
5311 0.499637 0.309524
5314 0.488345 0.309478
5317 0.488889 0.234558
5320 0.476735 0.229841
5323 0.469433 0.220816
5326 0.462358 0.185896
5329 0.459683 0.183175
5332 0.471973 0.153107
5335 0.477279 0.162222
5338 0.480454 0.169705
5341 0.483583 0.20195
5344 0.485578 0.183039
5347 0.492608 0.222721
5350 0.485125 0.220045
5353 0.48322 0.243401
5356 0.497279 0.228345
5359 0.510249 0.260408
5362 0.52322 0.273424
5365 0.522177 0.305578
5368 0.50127 0.317732
5371 0.504898 0.353197
5374 0.500771 0.353288
5377 0.500998 0.356871
5380 0.487936 0.319501
5383 0.477052 0.347302
5386 0.485215 0.355601
5389 0.499456 0.351429
5392 0.514739 0.313197
5395 0.531474 0.346712
5398 0.535011 0.324535
5401 0.536871 0.306939
5404 0.541723 0.272381
5407 0.543764 0.279773
5410 0.551519 0.214286
5413 0.55415 0.241905
5416 0.556417 0.248481
5419 0.560544 0.186621
5422 0.565986 0.221905
5425 0.564581 0.233288
5428 0.557642 0.267302
5431 0.560544 0.287664
5434 0.556599 0.289388
5437 0.563946 0.309206
5440 0.566667 0.312562
5443 0.564626 0.345306
5446 0.569751 0.295283
5449 0.570884 0.288889
5452 0.564626 0.304036
5455 0.552608 0.27356
5458 0.545034 0.277868
5461 0.535329 0.271927
5464 0.524399 0.253651
5467 0.510839 0.243401
5470 0.5039 0.251293
5473 0.500862 0.228345
5476 0.495465 0.204399
5479 0.499184 0.188435
5482 0.502585 0.179048
5485 0.510159 0.170023
5488 0.520317 0.175102
5491 0.525896 0.18059
5494 0.536145 0.176961
5497 0.541633 0.162766
5500 0.547347 0.133243
5503 0.549524 0.167029
5506 0.557097 0.129751
5509 0.561769 0.145306
5512 0.559773 0.149796
5515 0.555147 0.176825
5518 0.55551 0.159138
5521 0.551066 0.232925
5524 0.552381 0.143039
5527 0.557596 0.150113
5530 0.568707 0.086712
5533 0.576508 0.0941043
5536 0.586349 0.132336
5539 0.595782 0.0955102
5542 0.606122 0.113379
5545 0.61551 0.132517
5548 0.624671 0.139093
5551 0.627392 0.137415
5554 0.628345 0.152517
5557 0.622222 0.163764
5560 0.616961 0.171474
5563 0.614104 0.188617
5566 0.616145 0.191338
5569 0.621633 0.207392
5572 0.62195 0.216644
5575 0.629977 0.228254
5578 0.635601 0.228526
5581 0.639229 0.229796
5584 0.644218 0.225488
5587 0.652426 0.211156
5590 0.656009 0.182404
5593 0.660272 0.1878
5596 0.659184 0.198549
5599 0.659501 0.191882
5602 0.656735 0.153787
5605 0.655646 0.16458
5608 0.655873 0.102177
5611 0.659683 0.0963265
5614 0.658458 0.106122
5617 0.659683 0.124671
5620 0.658866 0.129478
5623 0.661406 0.122857
5626 0.663946 0.121315
5629 0.665714 0.120862
5632 0.665261 0.109705
5635 0.666667 0.111247
5638 0.667211 0.113061
5641 0.668753 0.106984
5644 0.672653 0.110023
5647 0.675102 0.225215
5650 0.675283 0.117959
5653 0.674059 0.135556
5656 0.675646 0.104807
5659 0.675193 0.145714
5662 0.678549 0.113379
5665 0.680317 0.128481
5668 0.68127 0.130612
5671 0.68322 0.221814
5674 0.684172 0.129433
5677 0.682993 0.124581
5680 0.683311 0.0719728
5683 0.683719 0.0920181
5686 0.686757 0.0776871
5689 0.689116 0.102222
5692 0.687392 0.0726984
5695 0.68059 0.0337415
5698 0.680998 0.0178231
5701 0.682494 0.162993
5704 0.68585 0.0953742
5707 0.6878 0.129025
5710 0.687619 0.165488
5713 0.690612 0.096644
5716 0.692925 0.168662
5719 0.693832 0.0539229
5722 0.695556 0.23746
5725 0.69619 0.0826304
5728 0.695692 0.137823
5731 0.695329 0.114286
5734 0.696871 0.0604989
5737 0.697234 0.129478
