frame_number static_density dynamic_density
1 0.203422 0.120242
4 0.204701 0.0961768
7 0.210891 0.100846
10 0.218378 0.0649873
13 0.219071 0.0696056
16 0.220172 0.0650318
19 0.221877 0.0636005
22 0.219936 0.0605852
25 0.222525 0.0632316
28 0.227704 0.0748537
31 0.23014 0.0850254
34 0.229803 0.0782252
37 0.231788 0.0972519
40 0.23409 0.0963359
43 0.236304 0.0944084
46 0.238569 0.0896438
49 0.239338 0.0809669
52 0.241158 0.0761005
55 0.247805 0.0816412
58 0.253454 0.0220738
61 0.259669 0.0290967
64 0.257614 0.0127354
67 0.252894 0.0256489
70 0.244071 0.0215331
73 0.245598 0.0188868
76 0.247449 0.0267557
79 0.252023 0.0422137
82 0.26166 0.0446374
85 0.274701 0.0593957
88 0.292366 0.0713168
91 0.304084 0.0781234
94 0.310083 0.0911832
97 0.310197 0.0918639
100 0.311711 0.0874173
103 0.312303 0.08514
106 0.30605 0.100802
109 0.301272 0.103384
112 0.303594 0.100127
115 0.30881 0.11117
118 0.313658 0.121406
121 0.311934 0.136609
124 0.30986 0.130611
127 0.31014 0.127214
130 0.310941 0.144434
133 0.312659 0.138429
136 0.315954 0.159154
139 0.318282 0.158556
142 0.318982 0.164981
145 0.319001 0.168702
148 0.317347 0.147748
151 0.316253 0.141603
154 0.313041 0.138524
157 0.309657 0.139987
160 0.307335 0.129198
163 0.304981 0.138887
166 0.303537 0.138391
169 0.302958 0.127691
172 0.299994 0.151864
175 0.298123 0.109758
178 0.297411 0.136533
181 0.298969 0.102106
184 0.29883 0.0975509
187 0.296997 0.0863168
190 0.296571 0.0816094
193 0.296718 0.0463486
196 0.298868 0.0492684
199 0.299218 0.0437595
202 0.300439 0.0236641
205 0.301444 0.0363804
208 0.30112 0.0166031
211 0.301985 0.0526272
214 0.301775 0.0394275
217 0.301037 0.0271056
220 0.299453 0.125076
223 0.299606 0.0354962
226 0.299784 0.0446183
229 0.299866 0.044173
232 0.300305 0.0328499
235 0.301234 0.0300191
238 0.300973 0.0177417
241 0.297793 0.0244211
244 0.29881 0.0137723
247 0.295897 0.0304707
250 0.295617 0.0205789
253 0.296495 0.0155662
256 0.2961 0.0112214
259 0.296202 0.0104453
262 0.296692 0.0308779
265 0.29659 0.0402481
268 0.29652 0.0230789
271 0.296011 0.117347
274 0.295833 0.0269148
277 0.298569 0.0228117
280 0.304777 0.0269211
283 0.311444 0.0329517
286 0.318333 0.0349491
289 0.322246 0.0390712
292 0.317939 0.0165967
295 0.310802 0.0155025
298 0.30542 0.0486323
301 0.301807 0.0159606
304 0.300515 0.0358015
307 0.301775 0.0286387
310 0.304892 0.0433333
313 0.305267 0.039612
316 0.305738 0.0402163
319 0.300337 0.0454135
322 0.299148 0.0930343
325 0.30007 0.0537977
328 0.298989 0.0819084
331 0.299218 0.0593639
334 0.299103 0.0434288
337 0.298938 0.0285114
340 0.300178 0.0115076
343 0.302983 0.0228817
346 0.305401 0.0214695
349 0.307532 0.0271692
352 0.305057 0.0282125
355 0.304084 0.0227163
358 0.304033 0.0203371
361 0.304027 0.0196374
364 0.303581 0.0191158
367 0.302824 0.0181107
370 0.299612 0.0329389
373 0.299892 0.0188168
376 0.299504 0.0177863
379 0.298995 0.0190013
382 0.300153 0.0224746
385 0.304701 0.0261578
388 0.310254 0.0336578
391 0.31577 0.0531298
394 0.316355 0.0499936
397 0.316756 0.0616221
400 0.316221 0.0506934
403 0.315948 0.0517812
406 0.321139 0.0590712
409 0.331183 0.064771
412 0.340903 0.0820356
415 0.354097 0.0928435
418 0.366113 0.122258
421 0.370452 0.140184
424 0.382576 0.166132
427 0.39369 0.163753
430 0.405827 0.176915
433 0.416768 0.184784
436 0.427627 0.205184
439 0.43152 0.215655
442 0.435184 0.239663
445 0.43348 0.281584
448 0.436476 0.284008
451 0.439618 0.287646
454 0.443187 0.294256
457 0.44416 0.292411
460 0.445903 0.301883
463 0.448473 0.304517
466 0.450623 0.292875
469 0.451813 0.291253
472 0.452513 0.320433
475 0.451107 0.311832
478 0.448664 0.298715
481 0.447888 0.283365
484 0.447036 0.271151
487 0.446539 0.252373
490 0.444517 0.279466
493 0.443957 0.288467
496 0.443454 0.160248
499 0.444574 0.142277
502 0.453155 0.020916
505 0.465534 0.0518003
508 0.475617 0.0572964
511 0.485802 0.0723919
514 0.491743 0.0715649
517 0.499536 0.0660433
520 0.512067 0.0850191
523 0.521228 0.0690712
526 0.528098 0.0747137
529 0.532487 0.0808842
532 0.536559 0.0806298
535 0.539523 0.0781743
538 0.540719 0.0838422
541 0.542303 0.0823855
544 0.542723 0.102099
547 0.543384 0.135102
550 0.539752 0.113378
553 0.536934 0.107761
556 0.535324 0.095617
559 0.533244 0.104319
562 0.530897 0.143429
565 0.528416 0.216845
568 0.526686 0.266444
571 0.5293 0.1532
574 0.532163 0.0118193
577 0.537443 0.038187
580 0.544491 0.0427926
583 0.55131 0.0360814
586 0.558022 0.053416
589 0.563543 0.0642239
592 0.568384 0.0784669
595 0.582977 0.118155
598 0.597036 0.091883
601 0.607386 0.0860114
604 0.614408 0.0920483
607 0.624924 0.090229
610 0.638728 0.0986132
613 0.646641 0.104497
616 0.65334 0.112398
619 0.658378 0.123352
622 0.674135 0.158162
625 0.676043 0.137322
628 0.677373 0.132958
631 0.684014 0.137837
634 0.686718 0.142856
637 0.689542 0.140515
640 0.690681 0.123028
643 0.691692 0.0938232
646 0.695433 0.159097
649 0.695509 0.0781425
652 0.697176 0.0842494
655 0.698486 0.0841857
658 0.699135 0.088416
661 0.699892 0.0981107
664 0.701081 0.0987405
667 0.702316 0.0874682
670 0.702869 0.14021
673 0.704408 0.102863
676 0.705229 0.116151
679 0.706228 0.12521
682 0.707125 0.113111
685 0.708015 0.115165
688 0.708123 0.112443
691 0.708613 0.114911
694 0.70902 0.109663
697 0.711832 0.170687
700 0.711883 0.166399
703 0.712894 0.10619
706 0.713893 0.125655
709 0.714338 0.106718
712 0.716342 0.0920865
715 0.717691 0.0283779
718 0.718715 0.0900509
721 0.721215 0.227296
724 0.721018 0.0828308
727 0.721788 0.122443
730 0.721603 0.151565
733 0.721743 0.169911
736 0.722812 0.0566603
739 0.724536 0.016126
742 0.725617 0.0216031
745 0.729103 0.183435
748 0.729262 0.0112023
751 0.729383 0.0387086
754 0.729478 0.0564695
757 0.729256 0.103779
760 0.729128 0.086444
763 0.729402 0.0501018
766 0.729866 0.0477735
769 0.730019 0.0162786
772 0.731272 0.156062
775 0.732036 0.113435
778 0.732112 0.0391349
781 0.732468 0.0202926
784 0.73271 0.01
787 0.733308 0.0214822
790 0.732812 0.0131616
793 0.732844 0.0135878
796 0.73105 0.051444
799 0.731304 0.0276081
802 0.730165 0.0349173
805 0.729211 0.0433397
808 0.727417 0.0456743
811 0.72764 0.0712786
814 0.732379 0.0707506
817 0.737354 0.0925064
820 0.746107 0.181934
823 0.748092 0.0200636
826 0.750986 0.038028
829 0.752576 0.0430471
832 0.753524 0.0243511
835 0.754676 0.0248092
838 0.755172 0.0276972
841 0.755712 0.0360051
844 0.75619 0.036285
847 0.758359 0.146807
850 0.758232 0.0249173
853 0.757983 0.0367557
856 0.757239 0.0358651
859 0.756908 0.0258333
862 0.756056 0.0362977
865 0.755223 0.0671947
868 0.754587 0.0433906
871 0.753562 0.113168
874 0.754707 0.0622328
877 0.753906 0.0488931
880 0.751323 0.0589313
883 0.751698 0.0559924
886 0.751291 0.0253499
889 0.751686 0.0242176
892 0.752684 0.018645
895 0.751679 0.0576654
898 0.754618 0.0492812
901 0.755439 0.0283588
904 0.755541 0.0331107
907 0.75785 0.191571
910 0.757729 0.0184733
913 0.757742 0.0213232
916 0.756508 0.016813
919 0.75395 0.0155153
922 0.753302 0.0233397
925 0.753721 0.0313868
928 0.753651 0.0329962
931 0.753938 0.172417
934 0.753976 0.0676145
937 0.753709 0.0175636
940 0.755433 0.0209796
943 0.756412 0.0295674
946 0.756374 0.026514
949 0.756718 0.0379453
952 0.755941 0.0490076
955 0.756927 0.0986641
958 0.756654 0.0450127
961 0.756215 0.0633079
964 0.755369 0.101889
967 0.755013 0.0966476
970 0.754669 0.0157188
973 0.753823 0.015757
976 0.752818 0.0199936
979 0.753473 0.0154644
982 0.754027 0.0585751
985 0.754523 0.032729
988 0.753238 0.0430662
991 0.752411 0.0383461
994 0.752252 0.0331997
997 0.752265 0.00652036
1000 0.752945 0.0122074
1003 0.753371 0.0220992
1006 0.754771 0.0664377
1009 0.755019 0.0306616
1012 0.750744 0.0396883
1015 0.750223 0.0297837
1018 0.750522 0.0372519
1021 0.749816 0.0360941
1024 0.749192 0.0406743
1027 0.748531 0.0376654
1030 0.750045 0.033257
1033 0.748168 0.0430216
1036 0.750738 0.0899936
1039 0.750757 0.0545102
1042 0.750356 0.0477036
1045 0.751018 0.0409033
1048 0.751043 0.0436768
1051 0.751069 0.0389313
1054 0.750655 0.0434351
1057 0.750178 0.0360623
1060 0.750585 0.0309097
1063 0.748416 0.148906
1066 0.748034 0.0254389
1069 0.747812 0.0370738
1072 0.747824 0.0295483
1075 0.748193 0.0339122
1078 0.748168 0.0273537
1081 0.747812 0.0281616
1084 0.747977 0.0365585
1087 0.750509 0.0869847
1090 0.749835 0.0279389
1093 0.750032 0.0319657
1096 0.750134 0.0399109
1099 0.750057 0.0318511
1102 0.749612 0.0314949
1105 0.749682 0.0280534
1108 0.749485 0.0294975
1111 0.7489 0.0842494
1114 0.748836 0.0374746
1117 0.748607 0.033626
1120 0.749256 0.0369275
1123 0.748753 0.0390903
1126 0.748957 0.0301654
1129 0.747583 0.0320802
1132 0.745795 0.0319784
1135 0.746043 0.0503181
1138 0.748321 0.0473537
1141 0.749154 0.0439567
1144 0.748467 0.0316094
1147 0.751374 0.0312913
1150 0.75124 0.032271
1153 0.750235 0.0373728
1156 0.749548 0.0425509
1159 0.749822 0.0427799
1162 0.75117 0.0683079
1165 0.751826 0.0444402
1168 0.7518 0.0409669
1171 0.751743 0.0318321
1174 0.751037 0.0430852
1177 0.750076 0.0415712
1180 0.748887 0.0405598
1183 0.748823 0.0337341
1186 0.751088 0.0792303
1189 0.753041 0.033626
1192 0.75208 0.0320992
1195 0.752774 0.0178753
1198 0.753244 0.0232506
1201 0.75341 0.0199809
1204 0.753327 0.0434542
1207 0.752545 0.0140522
1210 0.752163 0.00892494
1213 0.751908 0.122627
1216 0.75133 0.0246756
1219 0.751107 0.0904835
1222 0.751031 0.0832634
1225 0.750782 0.0279771
1228 0.750579 0.0274746
1231 0.75124 0.0267048
1234 0.751024 0.033944
1237 0.748931 0.0477608
1240 0.749046 0.0290522
1243 0.747926 0.0354008
1246 0.748677 0.0333715
1249 0.749726 0.0265331
1252 0.749987 0.0276145
1255 0.750426 0.0342748
1258 0.750763 0.0342366
1261 0.75007 0.12715
1264 0.750235 0.0189059
1267 0.750184 0.0252735
1270 0.750223 0.0226336
1273 0.749924 0.0177608
1276 0.750719 0.0368257
1279 0.751317 0.0319593
1282 0.751088 0.0360242
1285 0.751285 0.0264313
1288 0.74979 0.0506679
1291 0.749504 0.0394593
1294 0.748232 0.0305471
1297 0.746571 0.049243
1300 0.746743 0.0325382
1303 0.748429 0.0305598
1306 0.749415 0.0299237
1309 0.749249 0.0172837
1312 0.750738 0.0237468
1315 0.749224 0.0299873
1318 0.749453 0.0251145
1321 0.7493 0.0279071
1324 0.749103 0.0515204
1327 0.748925 0.0195356
1330 0.749275 0.0225254
1333 0.748912 0.0129135
1336 0.750433 0.176845
1339 0.749917 0.0964695
1342 0.749707 0.0504707
1345 0.749663 0.0537468
1348 0.749924 0.0481807
1351 0.751107 0.0416094
1354 0.751629 0.0485369
1357 0.752131 0.046514
1360 0.752735 0.0460623
1363 0.752875 0.0778753
1366 0.754281 0.0469911
1369 0.754758 0.0467621
1372 0.75369 0.0493384
1375 0.753276 0.0375636
1378 0.752354 0.0314377
1381 0.752182 0.0389758
1384 0.751539 0.0323601
1387 0.752023 0.0435433
1390 0.751896 0.0334033
1393 0.751298 0.0337659
1396 0.750095 0.00795802
1399 0.75049 0.0129771
1402 0.750719 0.0122074
1405 0.751743 0.0218384
1408 0.751711 0.0261896
1411 0.749733 0.0443003
1414 0.749478 0.0394148
1417 0.749186 0.0630471
1420 0.747742 0.0516603
1423 0.74673 0.128104
1426 0.746361 0.137316
1429 0.745592 0.07
1432 0.744726 0.0971692
1435 0.74369 0.137449
1438 0.742888 0.227316
1441 0.74278 0.231826
1444 0.741546 0.27972
1447 0.740833 0.355642
1450 0.739447 0.319695
1453 0.738499 0.367933
1456 0.739415 0.367207
1459 0.744396 0.377443
1462 0.750782 0.386819
1465 0.755343 0.371533
1468 0.760916 0.361323
1471 0.762907 0.344141
1474 0.770643 0.110897
1477 0.771399 0.202061
1480 0.772977 0.125433
1483 0.772723 0.0542939
1486 0.771711 0.0310433
1489 0.777576 0.282347
1492 0.78014 0.416202
1495 0.779517 0.461361
1498 0.780134 0.385496
1501 0.782106 0.428053
1504 0.787392 0.15528
1507 0.797627 0.718925
1510 0.805789 0.667672
1513 0.810299 0.528053
1516 0.797265 0.708034
1519 0.796749 0.155057
1522 0.780248 0.314955
1525 0.774586 0.590153
1528 0.771565 0.537487
1531 0.776393 0.406533
1534 0.779033 0.559008
1537 0.780312 0.67743
1540 0.783613 0.673683
1543 0.783505 0.441781
1546 0.782296 0.672042
1549 0.784338 0.663645
1552 0.757392 0.647557
1555 0.749014 0.567863
1558 0.738034 0.706514
1561 0.72388 0.665108
1564 0.731768 0.692443
1567 0.732366 0.703696
1570 0.74229 0.680006
1573 0.739688 0.699351
1576 0.741196 0.684981
1579 0.740776 0.67292
1582 0.739141 0.701692
1585 0.736081 0.689796
1588 0.739001 0.30138
1591 0.745827 0.394892
1594 0.743613 0.640808
1597 0.739676 0.701788
1600 0.723779 0.72222
1603 0.710114 0.709784
1606 0.700617 0.705846
1609 0.683702 0.697443
1612 0.681959 0.563639
1615 0.684517 0.59194
1618 0.690636 0.60841
1621 0.695693 0.621482
1624 0.689625 0.624574
1627 0.674936 0.627971
1630 0.662195 0.616412
1633 0.645973 0.630134
1636 0.62715 0.627354
1639 0.63334 0.622125
1642 0.652029 0.563085
1645 0.668009 0.588333
1648 0.66883 0.593938
1651 0.674453 0.53556
1654 0.674402 0.679955
1657 0.68355 0.604599
1660 0.683772 0.632926
1663 0.675025 0.639631
1666 0.679466 0.626272
1669 0.678753 0.527265
1672 0.683696 0.442564
1675 0.683976 0.616075
1678 0.672125 0.532201
1681 0.672169 0.305573
1684 0.675426 0.398384
1687 0.665172 0.586718
1690 0.664065 0.428658
1693 0.659625 0.0977608
1696 0.657106 0.511113
1699 0.664179 0.546546
1702 0.678486 0.52916
1705 0.683664 0.492373
1708 0.681673 0.554936
1711 0.680235 0.517678
1714 0.673658 0.470496
1717 0.673302 0.542907
1720 0.677697 0.57035
1723 0.681997 0.550598
1726 0.67993 0.50479
1729 0.660922 0.545191
1732 0.595185 0.538817
1735 0.551826 0.586145
1738 0.503963 0.52369
1741 0.469682 0.584879
1744 0.443607 0.552354
1747 0.434955 0.564243
1750 0.415503 0.562506
1753 0.406406 0.473232
1756 0.407398 0.562379
1759 0.387341 0.545687
1762 0.366069 0.537341
1765 0.357525 0.523721
1768 0.370566 0.530522
1771 0.382888 0.509841
1774 0.400452 0.418779
1777 0.405076 0.512036
1780 0.398505 0.520433
1783 0.400751 0.431953
1786 0.399122 0.353651
1789 0.388448 0.458575
1792 0.378352 0.433123
1795 0.375305 0.412996
1798 0.376902 0.434447
1801 0.38951 0.439625
1804 0.390859 0.461737
1807 0.385833 0.459179
1810 0.38292 0.480503
1813 0.36612 0.491266
1816 0.351387 0.452417
1819 0.349332 0.449816
1822 0.352818 0.453893
1825 0.3457 0.438893
1828 0.329898 0.458225
1831 0.328919 0.426966
1834 0.325 0.431788
1837 0.318639 0.410649
1840 0.298397 0.403791
1843 0.280751 0.378728
1846 0.276781 0.361679
1849 0.267869 0.343702
1852 0.25881 0.319268
1855 0.256228 0.253702
1858 0.270814 0.235254
1861 0.279167 0.213321
1864 0.282481 0.189517
1867 0.275884 0.218709
1870 0.293225 0.213963
1873 0.310305 0.214949
1876 0.310973 0.229943
1879 0.326355 0.275884
1882 0.349351 0.254249
1885 0.354631 0.365013
1888 0.353391 0.265884
1891 0.375725 0.348378
1894 0.383543 0.392735
1897 0.380426 0.478308
1900 0.385967 0.510929
1903 0.407742 0.498365
1906 0.430827 0.446832
1909 0.425293 0.47855
1912 0.417093 0.455859
1915 0.410929 0.448632
1918 0.403912 0.460897
1921 0.400617 0.428282
1924 0.398715 0.407761
1927 0.381692 0.359548
1930 0.361858 0.349408
1933 0.340038 0.274905
1936 0.308893 0.298371
1939 0.293639 0.248632
1942 0.279447 0.202373
1945 0.265433 0.278429
1948 0.248925 0.292354
1951 0.228804 0.238664
1954 0.209841 0.146508
1957 0.200992 0.194656
1960 0.197125 0.119345
1963 0.188244 0.0821247
1966 0.184211 0.0594211
1969 0.174434 0.0380025
1972 0.159885 0.0126718
1975 0.156838 0.0180916
1978 0.157316 0.0138041
1981 0.157519 0.0211514
1984 0.157125 0.0136514
1987 0.152335 0.012201
1990 0.153276 0.0130216
1993 0.153556 0.0148473
1996 0.153715 0.00933206
1999 0.153798 0.012271
2002 0.172939 0.041215
2005 0.212958 0.0331361
2008 0.250356 0.0723537
2011 0.287125 0.133836
2014 0.330204 0.141788
2017 0.380999 0.216571
2020 0.403925 0.1793
2023 0.384517 0.248257
2026 0.391495 0.329351
2029 0.411075 0.288003
2032 0.381489 0.344618
2035 0.342322 0.35173
2038 0.308098 0.296221
2041 0.321107 0.151298
2044 0.308416 0.299173
2047 0.284294 0.274803
2050 0.268454 0.24028
2053 0.2532 0.238047
2056 0.236514 0.169211
2059 0.218804 0.122258
2062 0.199262 0.14736
2065 0.187424 0.0892812
2068 0.185153 0.109383
2071 0.18243 0.0773791
2074 0.177939 0.0639249
2077 0.170153 0.0176336
2080 0.159135 0.0147837
2083 0.155299 0.0195293
2086 0.150642 0.0266285
2089 0.150165 0.0173346
2092 0.150057 0.0161514
2095 0.151024 0.0120802
2098 0.154358 0.0138868
2101 0.170159 0.0356997
2104 0.190464 0.0454008
2107 0.214631 0.0761832
2110 0.242055 0.0662913
2113 0.273365 0.10451
2116 0.309427 0.103664
2119 0.357156 0.151648
2122 0.397233 0.165623
2125 0.433473 0.197729
2128 0.465598 0.232004
2131 0.491037 0.261654
2134 0.510025 0.264618
2137 0.505458 0.274071
2140 0.489625 0.267176
2143 0.456781 0.298626
2146 0.434504 0.29341
2149 0.416202 0.296533
2152 0.380846 0.269141
2155 0.346654 0.236215
2158 0.331877 0.283925
2161 0.310337 0.233766
2164 0.308473 0.236247
2167 0.306101 0.108747
2170 0.294116 0.0333651
2173 0.284415 0.119975
2176 0.268391 0.253912
2179 0.258085 0.201145
2182 0.229453 0.110891
2185 0.204765 0.0689567
2188 0.184148 0.0832252
2191 0.176215 0.101743
2194 0.167506 0.0767748
2197 0.164447 0.0363232
2200 0.162137 0.0701527
2203 0.161285 0.0329326
2206 0.16063 0.032729
2209 0.160751 0.0248855
2212 0.154052 0.0173982
2215 0.151285 0.0101336
2218 0.15042 0.00894402
2221 0.151336 0.00560433
2224 0.152386 0.0129898
2227 0.1525 0.0134224
2230 0.152481 0.0138104
2233 0.153155 0.0121629
2236 0.151851 0.0133906
2239 0.151711 0.0112405
2242 0.151037 0.016355
2245 0.151584 0.0159542
2248 0.152029 0.018486
2251 0.152067 0.0142812
2254 0.151431 0.0156234
2257 0.151711 0.0132125
2260 0.150897 0.0182443
2263 0.149084 0.0265712
2266 0.153594 0.0294847
2269 0.171495 0.0563677
2272 0.195891 0.0766667
2275 0.211018 0.122417
2278 0.214644 0.115757
2281 0.213887 0.140216
2284 0.215267 0.135108
2287 0.214567 0.149497
2290 0.217767 0.15694
2293 0.221972 0.160973
2296 0.213626 0.185356
2299 0.208683 0.192424
2302 0.209402 0.201921
2305 0.209491 0.189116
2308 0.198181 0.187341
2311 0.199167 0.17874
2314 0.196253 0.143384
2317 0.189313 0.15563
2320 0.188295 0.161972
2323 0.18764 0.151387
2326 0.183174 0.129987
2329 0.181151 0.131953
2332 0.179618 0.111978
2335 0.175382 0.100922
2338 0.16722 0.0738677
2341 0.163842 0.0850954
2344 0.160935 0.0717239
2347 0.158601 0.0624618
2350 0.157818 0.0537659
2353 0.160248 0.047659
2356 0.1593 0.0480852
2359 0.158321 0.0401018
2362 0.155751 0.0451336
2365 0.15965 0.0472074
2368 0.161794 0.0449809
2371 0.158391 0.053098
2374 0.158098 0.0430725
2377 0.156075 0.0583715
2380 0.154332 0.0627417
2383 0.155668 0.046374
2386 0.183429 0.0903562
2389 0.208791 0.0877481
2392 0.219529 0.119179
2395 0.229517 0.110394
2398 0.232767 0.111209
2401 0.231355 0.131342
2404 0.233123 0.126775
2407 0.223142 0.118734
2410 0.216336 0.137646
2413 0.20381 0.122875
2416 0.184218 0.0750573
2419 0.179396 0.104682
2422 0.174905 0.0847074
2425 0.165967 0.0410623
2428 0.159332 0.0199873
2431 0.149784 0.00964377
2434 0.168823 0.0230471
2437 0.184822 0.0512786
2440 0.184994 0.0744466
2443 0.188257 0.0665204
2446 0.191374 0.0829389
2449 0.193734 0.0975763
2452 0.197869 0.0956425
2455 0.190204 0.0965076
2458 0.177226 0.0931171
2461 0.170331 0.0820865
2464 0.167449 0.0562659
2467 0.163359 0.0680407
2470 0.161927 0.0691285
2473 0.160579 0.0441476
2476 0.161775 0.0318893
2479 0.159771 0.0324364
2482 0.158893 0.0285941
2485 0.159179 0.0340013
2488 0.158454 0.0343384
2491 0.158893 0.0391921
2494 0.160541 0.0359351
2497 0.163747 0.0343193
2500 0.166279 0.041902
2503 0.162856 0.045528
2506 0.160674 0.0480216
2509 0.167392 0.0580153
2512 0.188149 0.0779389
2515 0.2075 0.0808588
2518 0.206698 0.12584
2521 0.209726 0.115184
2524 0.212952 0.131406
2527 0.217678 0.117494
2530 0.222316 0.128429
2533 0.228645 0.153982
2536 0.237137 0.176603
2539 0.23138 0.177309
2542 0.21619 0.163855
2545 0.205929 0.180566
2548 0.185382 0.165999
2551 0.171279 0.155611
2554 0.169981 0.130992
2557 0.172436 0.120687
2560 0.170248 0.0663359
2563 0.165127 0.0451081
2566 0.157048 0.0328117
2569 0.147354 0.0109224
2572 0.148117 0.00283079
2575 0.148461 0.0381743
2578 0.148518 0.0679644
2581 0.148333 0.0694402
2584 0.148441 0.0307252
2587 0.148677 0.113403
2590 0.148804 0.0731679
2593 0.148855 0.0639504
2596 0.148575 0.0662214
2599 0.148441 0.0975509
2602 0.148804 0.0398855
2605 0.148728 0.0335369
2608 0.14883 0.0705662
2611 0.14869 0.160267
2614 0.148868 0.0609987
2617 0.148989 0.051902
2620 0.148804 0.0634097
2623 0.148779 0.074313
2626 0.160083 0.011355
2629 0.177067 0.0305089
2632 0.183416 0.060388
2635 0.18486 0.0619211
2638 0.191826 0.0772837
2641 0.217055 0.122163
2644 0.24049 0.16577
2647 0.262417 0.22874
2650 0.282017 0.269886
2653 0.280693 0.259224
2656 0.279357 0.287494
2659 0.282926 0.329606
2662 0.288518 0.352322
2665 0.284625 0.348944
2668 0.285248 0.283715
2671 0.287875 0.31229
2674 0.284606 0.254987
2677 0.269466 0.257398
2680 0.260846 0.231628
2683 0.239828 0.210916
2686 0.224676 0.200127
2689 0.214975 0.196972
2692 0.214656 0.218524
2695 0.213543 0.184994
2698 0.208321 0.162627
2701 0.203499 0.106597
2704 0.191469 0.0858969
2707 0.19119 0.0548664
2710 0.191406 0.0629135
2713 0.19215 0.0744975
2716 0.191768 0.0731807
2719 0.19126 0.0683651
2722 0.190369 0.0718702
2725 0.192875 0.0709987
2728 0.197557 0.0805089
2731 0.211578 0.0928308
2734 0.222303 0.0863868
2737 0.230331 0.0833015
2740 0.23292 0.0889949
2743 0.232424 0.0769911
2746 0.232207 0.0680471
2749 0.238906 0.0934669
2752 0.239415 0.100032
2755 0.240509 0.0965267
2758 0.241711 0.114529
2761 0.240573 0.132385
2764 0.242144 0.134663
2767 0.243747 0.136031
2770 0.244873 0.138524
2773 0.246476 0.148448
2776 0.248308 0.155286
2779 0.249256 0.146667
2782 0.251616 0.167818
2785 0.252455 0.167653
2788 0.250019 0.175865
2791 0.249001 0.170477
2794 0.245318 0.166832
2797 0.242901 0.169192
2800 0.240719 0.149326
2803 0.239059 0.163372
2806 0.237684 0.146819
2809 0.236991 0.11159
2812 0.236285 0.13472
2815 0.237214 0.0593066
2818 0.237055 0.0520229
2821 0.237926 0.0405598
2824 0.237252 0.0336387
2827 0.2368 0.0425191
2830 0.236826 0.028785
2833 0.237258 0.0247455
2836 0.239109 0.0794148
2839 0.23944 0.0396756
2842 0.240223 0.027201
2845 0.240121 0.0320038
2848 0.240102 0.0346183
2851 0.24633 0.0417366
2854 0.252564 0.0507634
2857 0.25014 0.0499873
2860 0.243015 0.0359987
2863 0.237704 0.0393575
2866 0.239218 0.0361705
2869 0.239765 0.0368193
2872 0.243041 0.0395547
2875 0.242475 0.0342112
2878 0.241107 0.0382379
2881 0.246616 0.0471247
2884 0.249186 0.0548473
2887 0.246749 0.0620738
2890 0.248709 0.0532697
2893 0.248817 0.0616158
2896 0.247786 0.0556934
2899 0.248448 0.0589122
2902 0.249008 0.0662977
2905 0.249415 0.0562532
2908 0.249835 0.0574555
2911 0.249288 0.0791539
2914 0.249739 0.0629644
2917 0.25056 0.0612786
2920 0.251075 0.075369
2923 0.251654 0.0662405
2926 0.251889 0.0681107
2929 0.251482 0.0663868
2932 0.253448 0.0706107
2935 0.254039 0.0666412
2938 0.258104 0.0797646
2941 0.262754 0.0724364
2944 0.271546 0.073855
2947 0.284968 0.053855
2950 0.299364 0.0797583
2953 0.313938 0.0874173
2956 0.329205 0.109752
2959 0.346081 0.110407
2962 0.368397 0.127595
2965 0.385445 0.117137
2968 0.403473 0.129847
2971 0.420935 0.144885
2974 0.440337 0.168212
2977 0.45514 0.182398
2980 0.466457 0.186349
2983 0.481355 0.201718
2986 0.505178 0.226387
2989 0.512411 0.248003
2992 0.526711 0.26215
2995 0.540852 0.254676
2998 0.557653 0.2725
3001 0.582748 0.291342
3004 0.603308 0.294752
3007 0.617455 0.322538
3010 0.627659 0.329663
3013 0.646196 0.331024
3016 0.671215 0.347176
3019 0.691005 0.231597
3022 0.704008 0.29285
3025 0.719059 0.233492
3028 0.734033 0.157106
3031 0.747665 0.174523
3034 0.756947 0.170032
3037 0.767602 0.208753
3040 0.755725 0.181584
3043 0.752405 0.18063
3046 0.755204 0.14799
3049 0.754529 0.165471
3052 0.755134 0.166768
3055 0.751807 0.156749
3058 0.747258 0.133079
3061 0.743632 0.105623
3064 0.748276 0.170897
3067 0.749218 0.180643
3070 0.756171 0.167335
3073 0.761546 0.0602036
3076 0.770407 0.149218
3079 0.775649 0.115038
3082 0.777945 0.108626
3085 0.782303 0.108193
3088 0.783925 0.15173
3091 0.785045 0.12848
3094 0.786361 0.133492
3097 0.785407 0.138104
3100 0.782583 0.134491
3103 0.783028 0.16257
3106 0.783639 0.149173
3109 0.783403 0.148556
3112 0.785165 0.151501
3115 0.784936 0.112144
3118 0.781355 0.116202
3121 0.779631 0.101947
3124 0.778709 0.104905
3127 0.777672 0.113823
3130 0.777029 0.105636
3133 0.77362 0.0702735
3136 0.775102 0.0891349
3139 0.774911 0.0763359
3142 0.773085 0.0982379
3145 0.771196 0.0859097
3148 0.770076 0.080528
3151 0.769027 0.0811768
3154 0.768868 0.0781425
3157 0.768511 0.0873346
3160 0.769046 0.0850191
3163 0.769084 0.0864758
3166 0.768702 0.0941349
3169 0.768276 0.0782697
3172 0.768104 0.0295738
3175 0.767207 0.0211323
3178 0.765299 0.0372774
3181 0.762907 0.0814059
3184 0.761406 0.0596947
3187 0.76187 0.0784224
3190 0.761419 0.0652544
3193 0.759084 0.0689059
3196 0.758906 0.0583015
3199 0.759669 0.106539
3202 0.759485 0.0961832
3205 0.759415 0.0360242
3208 0.758658 0.106826
3211 0.758855 0.0698155
3214 0.758842 0.026743
3217 0.758562 0.0735115
3220 0.759135 0.0752036
3223 0.759358 0.015369
3226 0.759447 0.0267684
3229 0.758015 0.0289758
3232 0.757583 0.049173
3235 0.756635 0.0323155
3238 0.754943 0.0992048
3241 0.753607 0.0335814
3244 0.754491 0.0320929
3247 0.753562 0.0312659
3250 0.753257 0.0293575
3253 0.753989 0.0452863
3256 0.753804 0.0309796
3259 0.753963 0.0334542
3262 0.755515 0.0289758
3265 0.755662 0.0140967
3268 0.756177 0.0101908
3271 0.756272 0.0196565
3274 0.756081 0.0201399
3277 0.756088 0.0325191
3280 0.755878 0.0248219
3283 0.756062 0.0304517
3286 0.757188 0.100439
3289 0.757411 0.0176908
3292 0.757608 0.0102417
3295 0.756959 0.0112341
3298 0.756858 0.0412977
3301 0.757659 0.0151399
3304 0.757882 0.0245611
3307 0.758104 0.0319211
3310 0.758397 0.0360433
3313 0.758537 0.0458015
3316 0.757335 0.0462405
3319 0.756635 0.0462532
3322 0.755051 0.0462659
3325 0.755305 0.0564695
3328 0.755153 0.0519466
3331 0.754555 0.0586705
3334 0.753193 0.0567812
3337 0.752207 0.0755025
3340 0.753779 0.0778753
3343 0.754631 0.0771692
3346 0.753919 0.0661705
3349 0.75381 0.0680216
3352 0.753747 0.0558715
3355 0.753104 0.0577735
3358 0.752449 0.0612214
3361 0.754644 0.0692239
3364 0.754294 0.0579071
3367 0.753931 0.0630089
3370 0.75423 0.0561323
3373 0.755732 0.0398155
3376 0.756463 0.0339313
3379 0.756539 0.0333969
3382 0.75645 0.026444
3385 0.756641 0.0283651
3388 0.75409 0.0432061
3391 0.754587 0.0284033
3394 0.754975 0.0255471
3397 0.754682 0.0305407
3400 0.754917 0.0236641
3403 0.755286 0.0172583
3406 0.755821 0.018257
3409 0.755763 0.0199173
3412 0.756043 0.101183
3415 0.755649 0.059841
3418 0.755604 0.0321883
3421 0.755363 0.0471628
3424 0.755751 0.0581298
3427 0.756024 0.0378626
3430 0.756069 0.0399046
3433 0.756616 0.0973601
3436 0.760172 0.162818
3439 0.759567 0.0582697
3442 0.759714 0.0105407
3445 0.75944 0.0373092
3448 0.759612 0.0159733
3451 0.760324 0.0150445
3454 0.760452 0.0695802
3457 0.760216 0.0258333
3460 0.760464 0.0339313
3463 0.760496 0.0679771
3466 0.760401 0.023187
3469 0.760585 0.0224746
3472 0.760687 0.0357761
3475 0.760515 0.0175382
3478 0.760572 0.0302481
3481 0.760496 0.00577608
3484 0.760363 0.00942112
3487 0.759033 0.120967
3490 0.759466 0.0129962
3493 0.759663 0.0250191
3496 0.760337 0.0487341
3499 0.760471 0.0608143
3502 0.761431 0.0393384
3505 0.760954 0.0254326
3508 0.760547 0.0161832
3511 0.759377 0.115267
3514 0.759262 0.0279835
3517 0.75923 0.0516539
3520 0.759256 0.0203308
3523 0.759389 0.0865076
3526 0.759905 0.0870992
3529 0.759714 0.0668575
3532 0.759796 0.0531425
3535 0.759389 0.016056
3538 0.761298 0.105102
3541 0.761069 0.0606234
3544 0.760954 0.0127799
3547 0.760611 0.0148282
3550 0.760757 0.0231043
3553 0.760401 0.0214949
3556 0.760471 0.0232443
3559 0.760649 0.021374
3562 0.760331 0.0431489
3565 0.76014 0.0227036
3568 0.760592 0.0411005
3571 0.761101 0.0737723
3574 0.760948 0.0568193
3577 0.761412 0.0523092
3580 0.761221 0.0329517
3583 0.761304 0.0301654
3586 0.761202 0.061355
3589 0.761043 0.0608969
3592 0.761482 0.0351654
3595 0.761151 0.0761832
3598 0.760757 0.0194847
3601 0.760814 0.00857506
3604 0.760763 0.0157888
3607 0.761323 0.00791349
3610 0.7614 0.00819338
3613 0.761011 0.0136323
3616 0.762087 0.0145102
3619 0.762029 0.0188168
3622 0.763295 0.0625064
3625 0.763696 0.0347328
3628 0.7632 0.0325382
3631 0.761768 0.0309733
3634 0.761355 0.0258588
3637 0.761807 0.0251209
3640 0.762061 0.0314822
3643 0.761508 0.0247392
3646 0.76112 0.0669402
3649 0.760763 0.0270102
3652 0.760732 0.0276272
3655 0.76042 0.0256425
3658 0.760598 0.0247455
3661 0.760458 0.0176081
3664 0.76091 0.0147137
3667 0.760102 0.0179135
3670 0.760509 0.0635687
3673 0.760872 0.0198982
3676 0.760172 0.0248028
3679 0.760083 0.0242303
3682 0.759466 0.0246947
3685 0.759612 0.0257634
3688 0.761285 0.0326781
3691 0.760942 0.0306489
3694 0.760553 0.0205916
3697 0.76194 0.0443257
3700 0.761228 0.0856997
3703 0.761578 0.0702099
3706 0.761692 0.0823346
3709 0.761113 0.0737977
3712 0.761387 0.0769784
3715 0.760903 0.0695038
3718 0.760649 0.0674427
3721 0.759606 0.157837
3724 0.759415 0.0823282
3727 0.759109 0.0784033
3730 0.758893 0.0850954
3733 0.759059 0.0909733
3736 0.759129 0.0750445
3739 0.75909 0.0806361
3742 0.759262 0.0929835
3745 0.759739 0.187735
3748 0.759567 0.0944402
3751 0.759555 0.0978817
3754 0.759758 0.0912723
3757 0.759803 0.0691476
3760 0.759714 0.021355
3763 0.759478 0.00641858
3766 0.760204 0.0140267
3769 0.757265 0.026813
3772 0.757583 0.0307634
3775 0.75806 0.0324873
3778 0.757672 0.0278308
3781 0.759975 0.0269784
3784 0.760299 0.0512023
3787 0.760884 0.0387977
3790 0.760515 0.0411132
3793 0.760814 0.0420674
3796 0.760045 0.112888
3799 0.759313 0.0771056
3802 0.758187 0.0880344
3805 0.75612 0.0893957
3808 0.755305 0.101139
3811 0.756743 0.0920356
3814 0.757455 0.0981807
3817 0.75841 0.10369
3820 0.768492 0.145394
3823 0.767646 0.0213232
3826 0.767385 0.017888
3829 0.767704 0.0157634
3832 0.76876 0.0169211
3835 0.768594 0.0166476
3838 0.76895 0.0269911
3841 0.769052 0.025827
3844 0.769421 0.0253435
3847 0.768225 0.0803244
3850 0.768492 0.0365204
3853 0.767716 0.0282316
3856 0.767608 0.0312977
3859 0.766718 0.0393575
3862 0.767481 0.0410878
3865 0.767856 0.0436387
3868 0.767468 0.0422901
3871 0.769033 0.0556107
3874 0.769771 0.0480025
3877 0.769676 0.0610623
3880 0.770172 0.0259924
3883 0.769319 0.0401718
3886 0.770064 0.0323982
3889 0.769008 0.0316349
3892 0.769001 0.0383015
3895 0.767055 0.0362913
3898 0.76813 0.0402417
3901 0.767576 0.0480789
3904 0.767888 0.0512914
3907 0.767793 0.0315903
3910 0.766552 0.0254962
3913 0.765674 0.0286514
3916 0.765999 0.0374364
3919 0.766069 0.036145
3922 0.768143 0.119905
3925 0.768244 0.0362087
3928 0.768569 0.0283715
3931 0.768842 0.0230025
3934 0.769854 0.0294656
3937 0.76876 0.0228308
3940 0.768683 0.0206107
3943 0.768982 0.0275509
3946 0.769218 0.0463486
3949 0.769847 0.0452545
3952 0.769078 0.0404198
3955 0.768906 0.0211323
3958 0.769237 0.0343066
3961 0.769822 0.0310814
3964 0.770191 0.0291539
3967 0.770019 0.0200891
3970 0.770802 0.105859
3973 0.771622 0.0846692
3976 0.770986 0.0455598
3979 0.771081 0.0153435
3982 0.769567 0.020827
3985 0.768849 0.0302735
3988 0.770827 0.0249809
3991 0.76909 0.018416
3994 0.768632 0.0159733
3997 0.770343 0.132856
4000 0.770229 0.109052
4003 0.770827 0.014313
4006 0.770337 0.0134606
4009 0.770458 0.00516539
4012 0.770223 0.00846692
4015 0.770782 0.0104771
4018 0.770337 0.0139567
4021 0.768123 0.045528
4024 0.769179 0.0207506
4027 0.768543 0.0212977
4030 0.768505 0.0207506
4033 0.769052 0.0233779
4036 0.766813 0.0256807
4039 0.7657 0.0291031
4042 0.765146 0.0257697
4045 0.762729 0.0458461
4048 0.765076 0.044383
4051 0.764466 0.08486
4054 0.765242 0.095986
4057 0.766578 0.0366603
4060 0.766775 0.0163168
4063 0.767462 0.0124618
4066 0.768728 0.016743
4069 0.769701 0.0156679
4072 0.770267 0.0672837
4075 0.768931 0.0108079
4078 0.768193 0.0882824
4081 0.76827 0.0129517
4084 0.767704 0.0131743
4087 0.767595 0.0232061
4090 0.767672 0.0103053
4093 0.770229 0.0332634
4096 0.769625 0.0146374
4099 0.770286 0.0824555
4102 0.771037 0.10049
4105 0.77138 0.108397
4108 0.771628 0.0801145
4111 0.770929 0.0173537
4114 0.770687 0.00933842
4117 0.770165 0.0118702
4120 0.770643 0.0207761
4123 0.770948 0.029612
4126 0.769962 0.0154962
4129 0.768919 0.00987277
4132 0.768467 0.0353626
4135 0.766527 0.0429898
4138 0.764968 0.191934
4141 0.765299 0.225916
4144 0.765433 0.287112
4147 0.765884 0.245032
4150 0.765426 0.169892
4153 0.766037 0.159561
4156 0.766132 0.203683
4159 0.765662 0.137405
4162 0.768009 0.229408
4165 0.767411 0.223499
4168 0.764237 0.15243
4171 0.771425 0.351775
4174 0.767087 0.282627
4177 0.768066 0.144288
4180 0.769567 0.144835
4183 0.772284 0.123053
4186 0.772863 0.0782506
4189 0.775706 0.12131
4192 0.782754 0.180802
4195 0.786819 0.088187
4198 0.788989 0.231419
4201 0.796419 0.262551
4204 0.801616 0.238499
4207 0.80792 0.227169
4210 0.811997 0.193162
4213 0.81208 0.219866
4216 0.812761 0.571151
4219 0.813053 0.660598
4222 0.806858 0.601043
4225 0.804637 0.495611
4228 0.805248 0.601724
4231 0.803302 0.606781
4234 0.804955 0.619402
4237 0.807615 0.588085
4240 0.80479 0.527373
4243 0.801024 0.644631
4246 0.800852 0.642653
4249 0.782583 0.612589
4252 0.767595 0.592538
4255 0.707449 0.444459
4258 0.694052 0.667665
4261 0.649052 0.558823
4264 0.63874 0.574173
4267 0.645954 0.577207
4270 0.65624 0.678772
4273 0.665293 0.571597
4276 0.669485 0.423123
4279 0.66612 0.449389
4282 0.664128 0.628416
4285 0.672328 0.652831
4288 0.672939 0.658022
4291 0.678899 0.66299
4294 0.661177 0.49409
4297 0.649517 0.584796
4300 0.652214 0.691228
4303 0.659459 0.673168
4306 0.672551 0.731794
4309 0.679065 0.73236
4312 0.688906 0.644237
4315 0.697538 0.774765
4318 0.69138 0.78292
4321 0.684179 0.772653
4324 0.671361 0.762074
4327 0.670763 0.653352
4330 0.65799 0.2932
4333 0.648804 0.737729
4336 0.643168 0.743461
4339 0.628454 0.7125
4342 0.62021 0.722004
4345 0.605242 0.713887
4348 0.610509 0.727602
4351 0.613276 0.737996
4354 0.618041 0.716603
4357 0.622042 0.70376
4360 0.619351 0.675324
4363 0.616622 0.6989
4366 0.614949 0.573206
4369 0.611756 0.549453
4372 0.607176 0.655865
4375 0.592926 0.64645
4378 0.580662 0.634262
4381 0.558251 0.524396
4384 0.557506 0.42876
4387 0.555738 0.485229
4390 0.542824 0.438976
4393 0.524039 0.571635
4396 0.513276 0.611883
4399 0.498117 0.579936
4402 0.480725 0.591947
4405 0.463009 0.579453
4408 0.45042 0.557996
4411 0.442818 0.524224
4414 0.440623 0.567958
4417 0.459319 0.519402
4420 0.473887 0.522583
4423 0.472735 0.476603
4426 0.480216 0.510197
4429 0.477385 0.40867
4432 0.482131 0.0746819
4435 0.484536 0.19243
4438 0.485445 0.617277
4441 0.49388 0.594192
4444 0.499084 0.633779
4447 0.505509 0.643162
4450 0.507398 0.617322
4453 0.503728 0.67722
4456 0.509485 0.681463
4459 0.508524 0.604364
4462 0.516641 0.6518
4465 0.525922 0.518791
4468 0.539917 0.607424
4471 0.552405 0.604924
4474 0.572532 0.560515
4477 0.574835 0.609415
4480 0.545159 0.556336
4483 0.509211 0.559962
4486 0.477405 0.432036
4489 0.449319 0.535464
4492 0.457818 0.41876
4495 0.468098 0.56673
4498 0.486075 0.38049
4501 0.512099 0.441578
4504 0.555585 0.514892
4507 0.59117 0.506075
4510 0.606406 0.53993
4513 0.610903 0.571743
4516 0.640534 0.593454
4519 0.653302 0.601947
4522 0.658092 0.542691
4525 0.672087 0.584682
4528 0.674746 0.584892
4531 0.694466 0.578003
4534 0.6914 0.572996
4537 0.694141 0.472665
4540 0.685064 0.523645
4543 0.680426 0.458289
4546 0.668779 0.339924
4549 0.660808 0.363225
4552 0.659765 0.492869
4555 0.655121 0.436514
4558 0.613537 0.406183
4561 0.601285 0.497125
4564 0.592754 0.483009
4567 0.563378 0.58173
4570 0.565617 0.584141
4573 0.552226 0.599421
4576 0.541336 0.570064
4579 0.519733 0.602818
4582 0.501387 0.575483
4585 0.491813 0.553702
4588 0.484733 0.55131
4591 0.487971 0.563817
4594 0.515439 0.583601
4597 0.529243 0.565948
4600 0.530782 0.502697
4603 0.527983 0.267513
4606 0.514816 0.406113
4609 0.50229 0.494962
4612 0.495553 0.415566
4615 0.489262 0.413174
4618 0.4861 0.409752
4621 0.478766 0.473384
4624 0.459847 0.466571
4627 0.453053 0.449758
4630 0.451139 0.432774
4633 0.46451 0.454994
4636 0.481915 0.433912
4639 0.499338 0.460496
4642 0.490146 0.48701
4645 0.479707 0.484338
4648 0.484434 0.454421
4651 0.487583 0.505751
4654 0.4843 0.519726
4657 0.478314 0.485884
4660 0.462767 0.471985
4663 0.457201 0.467837
4666 0.447061 0.271158
4669 0.433651 0.29874
4672 0.414472 0.294364
4675 0.414211 0.383785
4678 0.39334 0.420795
4681 0.362392 0.376005
4684 0.353314 0.336845
4687 0.354917 0.39736
4690 0.362207 0.388454
4693 0.372723 0.369555
4696 0.383206 0.380553
4699 0.390229 0.373467
4702 0.394644 0.383518
4705 0.40145 0.405172
4708 0.404936 0.442207
4711 0.423168 0.460363
4714 0.454873 0.443461
4717 0.469803 0.454281
4720 0.492646 0.45778
4723 0.491031 0.484561
4726 0.472831 0.497195
4729 0.462729 0.513944
4732 0.439765 0.284523
4735 0.430433 0.301406
4738 0.414879 0.358263
4741 0.39091 0.391858
4744 0.390528 0.433562
4747 0.376743 0.315401
4750 0.353104 0.397532
4753 0.330649 0.351781
4756 0.29701 0.293492
4759 0.277354 0.304758
4762 0.24937 0.327494
4765 0.249822 0.338524
4768 0.228874 0.244593
4771 0.21563 0.222188
4774 0.203912 0.209294
4777 0.197475 0.188728
4780 0.189847 0.16486
4783 0.184682 0.129726
4786 0.173696 0.103079
4789 0.163823 0.0686132
4792 0.151927 0.0362087
4795 0.149065 0.0196819
4798 0.150204 0.00315522
4801 0.151406 0.0697074
4804 0.15194 0.134555
4807 0.152316 0.0499809
4810 0.152163 0.0622265
4813 0.151399 0.0977417
4816 0.150922 0.134345
4819 0.150585 0.0993766
4822 0.150992 0.0888613
4825 0.150897 0.0257316
4828 0.150674 0.0261705
4831 0.150674 0.096444
4834 0.15138 0.143047
4837 0.151285 0.0063486
4840 0.151571 0.0386705
4843 0.151692 0.00371501
4846 0.151908 0.00450382
4849 0.151826 0.00360687
4852 0.151889 0.00615776
4855 0.152074 0.0129262
4858 0.151158 0.0245547
4861 0.151463 0.0157824
4864 0.151107 0.00487277
4867 0.150967 0.0104517
4870 0.150846 0.0765267
4873 0.150782 0.00742366
4876 0.150961 0.00505089
4879 0.150553 0.00251908
4882 0.149905 0.0569975
4885 0.149949 0.1275
4888 0.150134 0.0489949
4891 0.150064 0.0050827
4894 0.150636 0.0112405
4897 0.151622 0.00326972
4900 0.15451 0.00620229
4903 0.158461 0.010369
4906 0.160693 0.0123664
4909 0.160299 0.012341
4912 0.156011 0.00842875
4915 0.152411 0.00842875
4918 0.166113 0.018785
4921 0.18028 0.0394211
4924 0.18402 0.0681425
4927 0.197958 0.0722074
4930 0.217844 0.117455
4933 0.230407 0.131648
4936 0.23848 0.127341
4939 0.251584 0.146641
4942 0.254688 0.127678
4945 0.240503 0.144377
4948 0.242341 0.171151
4951 0.240057 0.173639
4954 0.230871 0.160712
4957 0.220884 0.154663
4960 0.206291 0.164396
4963 0.192805 0.140344
4966 0.179001 0.126069
4969 0.186342 0.124275
4972 0.19743 0.129052
4975 0.21423 0.115
4978 0.22131 0.154434
4981 0.219224 0.165312
4984 0.217099 0.166559
4987 0.219599 0.162525
4990 0.22313 0.17493
4993 0.226838 0.154803
4996 0.217634 0.178314
4999 0.21764 0.204504
5002 0.207169 0.161692
5005 0.197608 0.193836
5008 0.197869 0.162328
5011 0.193232 0.162252
5014 0.180751 0.131368
5017 0.175267 0.109326
5020 0.165153 0.0773028
5023 0.164987 0.0581361
5026 0.161845 0.0419593
5029 0.159396 0.0379453
5032 0.160687 0.0367875
5035 0.161781 0.0343766
5038 0.163142 0.0443066
5041 0.167017 0.0455916
5044 0.167665 0.0516412
5047 0.175337 0.0591985
5050 0.190363 0.0823982
5053 0.217067 0.106571
5056 0.243728 0.113651
5059 0.275973 0.119567
5062 0.30444 0.106648
5065 0.33626 0.132487
5068 0.349714 0.137004
5071 0.360299 0.153709
5074 0.372831 0.1868
5077 0.358397 0.175763
5080 0.33437 0.18951
5083 0.310095 0.190878
5086 0.290503 0.223798
5089 0.270719 0.24229
5092 0.238079 0.225261
5095 0.205941 0.195477
5098 0.197564 0.187328
5101 0.192684 0.154688
5104 0.200496 0.0871501
5107 0.192653 0.111718
5110 0.181559 0.0801272
5113 0.173938 0.0467176
5116 0.170528 0.0555534
5119 0.164599 0.0362723
5122 0.156686 0.0225127
5125 0.149281 0.00699109
5128 0.149504 0.0856361
5131 0.152061 0.0175445
5134 0.15035 0.0383906
5137 0.14722 0.140051
5140 0.147366 0.0956107
5143 0.147634 0.0982888
5146 0.14792 0.0880407
5149 0.147945 0.0461768
5152 0.147786 0.0860242
5155 0.14792 0.0444148
5158 0.148111 0.0815331
5161 0.146934 0.183804
5164 0.147258 0.0739249
5167 0.147462 0.049243
5170 0.147443 0.0742366
5173 0.147615 0.063785
5176 0.147716 0.118219
5179 0.147487 0.0536578
5182 0.147774 0.0601463
5185 0.14652 0.12465
5188 0.146603 0.112952
5191 0.146826 0.119415
5194 0.146877 0.0446501
5197 0.147436 0.125102
5200 0.147576 0.0931043
5203 0.147405 0.0418702
5206 0.147455 0.0905916
5209 0.147532 0.0281616
5212 0.14764 0.105706
5215 0.147551 0.0595483
5218 0.147748 0.134167
5221 0.148168 0.0828817
5224 0.148435 0.0582952
5227 0.148429 0.0629008
5230 0.148505 0.0517303
5233 0.148518 0.0743511
5236 0.148677 0.0801463
5239 0.148747 0.0373664
5242 0.148798 0.0845992
5245 0.147945 0.0863295
5248 0.147996 0.0736896
5251 0.148282 0.114466
5254 0.148009 0.0648919
5257 0.160235 0.0142366
5260 0.177347 0.0315649
5263 0.190763 0.0607824
5266 0.194714 0.0695356
5269 0.201679 0.0819402
5272 0.204275 0.0870229
5275 0.207023 0.0835114
5278 0.210013 0.0758397
5281 0.212106 0.0845992
5284 0.1475 0.0728308
5287 0.216794 0.083257
5290 0.232137 0.108938
5293 0.255999 0.131158
5296 0.269491 0.18271
5299 0.276648 0.217284
5302 0.278645 0.201692
5305 0.286953 0.219179
5308 0.291654 0.192029
5311 0.29535 0.182723
5314 0.295204 0.194039
5317 0.295261 0.0983461
5320 0.298537 0.108365
5323 0.293257 0.104408
5326 0.286953 0.0957315
5329 0.28091 0.113187
5332 0.288257 0.112653
5335 0.299504 0.126953
5338 0.303403 0.140286
5341 0.304027 0.133486
5344 0.30388 0.136539
5347 0.304854 0.144618
5350 0.304593 0.140127
5353 0.316966 0.14367
5356 0.333626 0.171495
5359 0.35049 0.183791
5362 0.360293 0.1568
5365 0.356813 0.168976
5368 0.350204 0.176247
5371 0.343791 0.191705
5374 0.344663 0.190515
5377 0.344701 0.195401
5380 0.346718 0.203779
5383 0.34862 0.198244
5386 0.350153 0.217207
5389 0.363219 0.220948
5392 0.374898 0.185051
5395 0.384453 0.209071
5398 0.385668 0.217087
5401 0.375426 0.139383
5404 0.370388 0.11645
5407 0.371533 0.13598
5410 0.373123 0.120477
5413 0.373092 0.119676
5416 0.375611 0.147494
5419 0.388944 0.153677
5422 0.406431 0.141813
5425 0.414726 0.157354
5428 0.415089 0.158524
5431 0.419148 0.156997
5434 0.424179 0.208887
5437 0.434192 0.210611
5440 0.44673 0.240045
5443 0.457716 0.251081
5446 0.46208 0.260108
5449 0.474459 0.235579
5452 0.485248 0.202201
5455 0.491291 0.191559
5458 0.490566 0.204841
5461 0.483931 0.207265
5464 0.477627 0.206508
5467 0.470242 0.198753
5470 0.469186 0.208989
5473 0.464669 0.180534
5476 0.458969 0.172443
5479 0.460674 0.105433
5482 0.47313 0.134128
5485 0.484847 0.134427
5488 0.499294 0.135115
5491 0.514968 0.140712
5494 0.52694 0.147735
5497 0.535541 0.164396
5500 0.544256 0.132036
5503 0.558702 0.154466
5506 0.566005 0.152952
5509 0.577716 0.116183
5512 0.587506 0.112188
5515 0.592557 0.128314
5518 0.594644 0.143372
5521 0.597551 0.175057
5524 0.605903 0.152888
5527 0.61577 0.134039
5530 0.632646 0.0640649
5533 0.646196 0.0796692
5536 0.656794 0.0609224
5539 0.667939 0.0593003
5542 0.678384 0.0710751
5545 0.683931 0.0898664
5548 0.691622 0.0806807
5551 0.698906 0.0803117
5554 0.704154 0.086374
5557 0.70701 0.0907061
5560 0.708155 0.102074
5563 0.710083 0.108244
5566 0.712525 0.116775
5569 0.711972 0.131253
5572 0.711126 0.14215
5575 0.713734 0.154746
5578 0.71743 0.157398
5581 0.720573 0.165725
5584 0.723003 0.164421
5587 0.729478 0.138976
5590 0.734256 0.123391
5593 0.737087 0.131552
5596 0.73986 0.162926
5599 0.74194 0.122913
5602 0.743581 0.0920229
5605 0.746991 0.107812
5608 0.74848 0.0591539
5611 0.747296 0.0645865
5614 0.74694 0.0719975
5617 0.745095 0.0742239
5620 0.7475 0.0955852
5623 0.74757 0.0860369
5626 0.747844 0.0854135
5629 0.747131 0.0550763
5632 0.746425 0.0595038
5635 0.745738 0.0635687
5638 0.746221 0.0727863
5641 0.747436 0.0628181
5644 0.750388 0.0711578
5647 0.755178 0.119618
5650 0.756228 0.0631234
5653 0.753989 0.0843575
5656 0.752634 0.073944
5659 0.751603 0.0912913
5662 0.75395 0.0755916
5665 0.753219 0.0785369
5668 0.752538 0.0829644
5671 0.754408 0.194466
5674 0.755095 0.0533206
5677 0.754669 0.0497074
5680 0.754892 0.0444211
5683 0.754885 0.0533397
5686 0.754179 0.0445102
5689 0.754078 0.0238613
5692 0.753995 0.0199809
5695 0.754192 0.0235623
5698 0.754268 0.00573155
5701 0.75729 0.0908715
5704 0.75888 0.0774809
5707 0.75813 0.0691857
5710 0.757786 0.0261896
5713 0.754714 0.0198155
5716 0.754949 0.048257
5719 0.754733 0.0247646
5722 0.754186 0.180712
5725 0.754148 0.149224
5728 0.754268 0.0125891
5731 0.753969 0.0129008
5734 0.753384 0.0183142
5737 0.75369 0.0288486
