frame_number static_density dynamic_density
1 0.933333 0.443902
4 0.929675 0.430081
7 0.923984 0.414228
10 0.919512 0.249187
13 0.905691 0.32439
16 0.900406 0.406911
19 0.89878 0.299187
22 0.900406 0.356098
25 0.902032 0.294309
28 0.895935 0.264228
31 0.900813 0.263821
34 0.901219 0.257317
37 0.893902 0.242683
40 0.893089 0.322764
43 0.895122 0.368293
46 0.895935 0.301626
49 0.892276 0.319919
52 0.892276 0.299594
55 0.89065 0.412195
58 0.887398 0.380488
61 0.882927 0.307724
64 0.884959 0.184553
67 0.887805 0.126829
70 0.892276 0.204065
73 0.893496 0.527642
76 0.893496 0.643496
79 0.895528 0.466667
82 0.889837 0.0890244
85 0.89187 0.0845528
88 0.887398 0.184146
91 0.889024 0.206504
94 0.884146 0.24878
97 0.876829 0.320732
100 0.878455 0.398374
103 0.880488 0.362602
106 0.877642 0.360976
109 0.876016 0.394715
112 0.882114 0.430894
115 0.870732 0.458943
118 0.872358 0.463008
121 0.868699 0.489431
124 0.862195 0.510976
127 0.852439 0.428455
130 0.858943 0.427642
133 0.853659 0.453659
136 0.857317 0.426829
139 0.858943 0.468699
142 0.855691 0.405285
145 0.853252 0.461789
148 0.85935 0.354472
151 0.854472 0.454878
154 0.856504 0.463415
157 0.85122 0.44065
160 0.857724 0.429268
163 0.852439 0.439837
166 0.853252 0.538618
169 0.857724 0.387398
172 0.85813 0.428455
175 0.855285 0.422358
178 0.858943 0.285772
181 0.856098 0.485366
184 0.855691 0.197967
187 0.860976 0.227236
190 0.863008 0.321951
193 0.863415 0.242683
196 0.865447 0.497967
199 0.864228 0.614228
202 0.862602 0.436585
205 0.86626 0.187398
208 0.868293 0.219919
211 0.865041 0.0947154
214 0.867886 0.389837
217 0.867886 0.400407
220 0.867886 0.51748
223 0.86626 0.311382
226 0.865447 0.226829
229 0.865854 0.558537
232 0.863821 0.27561
235 0.863415 0.199187
238 0.864228 0.512602
241 0.862602 0.330894
244 0.863008 0.421138
247 0.856911 0.656504
250 0.858943 0.210569
253 0.860163 0.428862
256 0.862195 0.242683
259 0.85935 0.49065
262 0.856098 0.16626
265 0.857724 0.260163
268 0.861382 0.228862
271 0.863008 0.484959
274 0.858943 0.284146
277 0.860569 0.372358
280 0.853659 0.0898374
283 0.852846 0.0902439
286 0.845122 0.156911
289 0.845122 0.13252
292 0.847968 0.139024
295 0.848781 0.272358
298 0.854878 0.171951
301 0.861382 0.134146
304 0.864634 0.139431
307 0.865041 0.167073
310 0.865854 0.14065
313 0.86626 0.389837
316 0.863821 0.392683
319 0.863821 0.424797
322 0.864634 0.411382
325 0.867886 0.27561
328 0.863008 0.322764
331 0.862602 0.347154
334 0.860976 0.135772
337 0.858537 0.300407
340 0.857317 0.502846
343 0.85935 0.192276
346 0.863008 0.706098
349 0.862195 0.0922764
352 0.860569 0.127642
355 0.862195 0.0987805
358 0.86626 0.0735772
361 0.865854 0.118699
364 0.860976 0.112195
367 0.862195 0.098374
370 0.863415 0.397561
373 0.863415 0.439837
376 0.863821 0.110569
379 0.862195 0.126423
382 0.860976 0.0987805
385 0.859756 0.0752033
388 0.858943 0.0796748
391 0.85935 0.128455
394 0.85813 0.139024
397 0.850813 0.177236
400 0.851626 0.210569
403 0.853659 0.236992
406 0.849187 0.256911
409 0.853659 0.270732
412 0.849187 0.349187
415 0.85 0.305691
418 0.846341 0.323984
421 0.848374 0.377642
424 0.847968 0.360163
427 0.845935 0.369919
430 0.845935 0.423171
433 0.836992 0.368293
436 0.836179 0.405285
439 0.836992 0.42561
442 0.841463 0.441057
445 0.835772 0.393902
448 0.840244 0.405691
451 0.845122 0.449593
454 0.847561 0.407724
457 0.848781 0.426016
460 0.85122 0.396341
463 0.849594 0.356911
466 0.848374 0.288211
469 0.854065 0.484553
472 0.85 0.34065
475 0.847561 0.519512
478 0.849594 0.386179
481 0.852033 0.473171
484 0.853252 0.36626
487 0.852846 0.409756
490 0.85122 0.311789
493 0.852033 0.254472
496 0.85122 0.637398
499 0.847154 0.51626
502 0.845122 0.0609756
505 0.84065 0.117886
508 0.837805 0.169106
511 0.828862 0.262195
514 0.825203 0.265854
517 0.826016 0.260976
520 0.835366 0.288618
523 0.829675 0.310976
526 0.826829 0.321545
529 0.826829 0.365447
532 0.821951 0.36626
535 0.824797 0.434553
538 0.825203 0.399594
541 0.820325 0.398374
544 0.81748 0.403252
547 0.824797 0.478862
550 0.821951 0.58252
553 0.828862 0.423171
556 0.828049 0.453252
559 0.823171 0.527236
562 0.827236 0.699593
565 0.827236 0.515041
568 0.823984 0.695122
571 0.819512 0.715041
574 0.821951 0.210569
577 0.81748 0.14187
580 0.821545 0.216667
583 0.814634 0.161789
586 0.814634 0.156098
589 0.819106 0.143496
592 0.820325 0.160976
595 0.829675 0.328455
598 0.823577 0.209756
601 0.824797 0.295935
604 0.824797 0.375203
607 0.818699 0.271138
610 0.818293 0.341057
613 0.810976 0.28252
616 0.807317 0.414228
619 0.810163 0.433333
622 0.813415 0.427642
625 0.806911 0.306098
628 0.808943 0.336992
631 0.800407 0.345528
634 0.804065 0.283333
637 0.809756 0.374797
640 0.807317 0.392683
643 0.80813 0.491463
646 0.810976 0.716667
649 0.806098 0.357317
652 0.805285 0.223984
655 0.802033 0.373984
658 0.797967 0.423984
661 0.800407 0.420732
664 0.798374 0.334146
667 0.799187 0.234146
670 0.802439 0.547967
673 0.805691 0.51748
676 0.80122 0.330081
679 0.796341 0.420732
682 0.796748 0.34187
685 0.79187 0.463415
688 0.799187 0.432927
691 0.800813 0.288211
694 0.793496 0.384146
697 0.8 0.669919
700 0.793496 0.540244
703 0.797561 0.353659
706 0.797154 0.477236
709 0.796341 0.110976
712 0.797561 0.537398
715 0.793089 0.712195
718 0.792683 0.231707
721 0.800813 0.604878
724 0.799187 0.27439
727 0.799594 0.355285
730 0.795122 0.592276
733 0.797967 0.548374
736 0.795122 0.65
739 0.798781 0.160976
742 0.80122 0.165854
745 0.807317 0.504878
748 0.807317 0.385366
751 0.806504 0.572358
754 0.807317 0.302846
757 0.807724 0.354065
760 0.80813 0.457724
763 0.806911 0.39187
766 0.809756 0.278049
769 0.813415 0.241463
772 0.824797 0.419106
775 0.824797 0.245935
778 0.821951 0.473984
781 0.822358 0.246748
784 0.821545 0.213821
787 0.821138 0.193902
790 0.81748 0.135772
793 0.817073 0.0382114
796 0.810976 0.177236
799 0.80813 0.0678862
802 0.809756 0.216667
805 0.811789 0.250407
808 0.805691 0.197154
811 0.807724 0.323171
814 0.807724 0.281301
817 0.804878 0.341463
820 0.818699 0.688618
823 0.817886 0.482927
826 0.818699 0.447561
829 0.819919 0.305285
832 0.820732 0.34065
835 0.821951 0.380894
838 0.821138 0.377236
841 0.821545 0.25122
844 0.818699 0.442276
847 0.821545 0.477642
850 0.823577 0.356504
853 0.823577 0.355285
856 0.822358 0.438618
859 0.822358 0.423984
862 0.821545 0.245528
865 0.820325 0.436992
868 0.819919 0.369512
871 0.822358 0.41748
874 0.820325 0.45
877 0.821545 0.482114
880 0.820325 0.37439
883 0.819919 0.37439
886 0.819512 0.380081
889 0.817886 0.386585
892 0.818699 0.261789
895 0.821545 0.489837
898 0.81748 0.341463
901 0.817073 0.20935
904 0.817886 0.296341
907 0.819106 0.457724
910 0.818699 0.516667
913 0.81748 0.44878
916 0.819106 0.319106
919 0.81748 0.236585
922 0.817073 0.211789
925 0.817073 0.45935
928 0.81748 0.278455
931 0.818699 0.500813
934 0.818699 0.420732
937 0.815854 0.437805
940 0.817073 0.302846
943 0.813008 0.403252
946 0.813821 0.278049
949 0.814634 0.156911
952 0.815447 0.371951
955 0.81626 0.441463
958 0.817073 0.321138
961 0.81626 0.406504
964 0.815447 0.477236
967 0.817073 0.429675
970 0.817073 0.459756
973 0.817886 0.356504
976 0.815854 0.317073
979 0.816667 0.411789
982 0.820325 0.587398
985 0.817886 0.438211
988 0.818293 0.417886
991 0.816667 0.392683
994 0.816667 0.368699
997 0.815041 0.51748
1000 0.815041 0.294309
1003 0.817073 0.469106
1006 0.818699 0.53252
1009 0.818293 0.350813
1012 0.81748 0.549594
1015 0.818699 0.35935
1018 0.817886 0.330894
1021 0.818293 0.380081
1024 0.818699 0.347967
1027 0.816667 0.339431
1030 0.823171 0.562602
1033 0.81748 0.451626
1036 0.819512 0.461789
1039 0.820325 0.271951
1042 0.817886 0.367886
1045 0.815854 0.295528
1048 0.817073 0.484146
1051 0.819512 0.323171
1054 0.820325 0.354878
1057 0.819512 0.317073
1060 0.816667 0.39065
1063 0.818293 0.454065
1066 0.815854 0.544715
1069 0.815854 0.40935
1072 0.818293 0.353252
1075 0.816667 0.317073
1078 0.81748 0.245935
1081 0.816667 0.334553
1084 0.81626 0.104472
1087 0.821138 0.588211
1090 0.819512 0.390244
1093 0.818293 0.344309
1096 0.819106 0.49187
1099 0.817886 0.262602
1102 0.817886 0.280081
1105 0.81626 0.226829
1108 0.81748 0.332927
1111 0.813821 0.410569
1114 0.816667 0.410569
1117 0.814634 0.242683
1120 0.81626 0.404878
1123 0.815041 0.254878
1126 0.815041 0.112195
1129 0.815447 0.095935
1132 0.814634 0.0329268
1135 0.813415 0.0621951
1138 0.81626 0.203659
1141 0.812195 0.0808943
1144 0.813008 0.140244
1147 0.814228 0.052439
1150 0.813008 0.0398374
1153 0.810569 0.0735772
1156 0.812602 0.132114
1159 0.813008 0.139837
1162 0.816667 0.443902
1165 0.811382 0.0638211
1168 0.814228 0.0845528
1171 0.815447 0.135772
1174 0.819512 0.0772358
1177 0.81626 0.272764
1180 0.815041 0.129268
1183 0.816667 0.347967
1186 0.819919 0.45935
1189 0.821138 0.339024
1192 0.818293 0.372358
1195 0.817886 0.363821
1198 0.817886 0.347561
1201 0.817073 0.236992
1204 0.816667 0.153252
1207 0.81748 0.284146
1210 0.817886 0.203252
1213 0.81626 0.392276
1216 0.815447 0.297154
1219 0.815447 0.431301
1222 0.817073 0.306911
1225 0.81626 0.427236
1228 0.815854 0.0833333
1231 0.815854 0.150407
1234 0.813821 0.193496
1237 0.815854 0.276423
1240 0.813008 0.103252
1243 0.812602 0.211789
1246 0.808943 0.258943
1249 0.815041 0.204878
1252 0.818293 0.410569
1255 0.81626 0.110569
1258 0.817073 0.249187
1261 0.812195 0.323577
1264 0.814228 0.369106
1267 0.815854 0.43374
1270 0.817073 0.405285
1273 0.819919 0.328049
1276 0.818293 0.241057
1279 0.819919 0.203252
1282 0.821138 0.336992
1285 0.820325 0.16626
1288 0.819106 0.360976
1291 0.819919 0.143902
1294 0.819106 0.127236
1297 0.815447 0.144309
1300 0.814228 0.185366
1303 0.814634 0.0711382
1306 0.813415 0.150813
1309 0.810976 0.0922764
1312 0.81748 0.154472
1315 0.815041 0.180894
1318 0.816667 0.0886179
1321 0.816667 0.179675
1324 0.815854 0.357724
1327 0.815447 0.396748
1330 0.815447 0.128049
1333 0.815041 0.0528455
1336 0.816667 0.484553
1339 0.815854 0.221951
1342 0.815447 0.267886
1345 0.81748 0.245528
1348 0.819106 0.163415
1351 0.818699 0.230081
1354 0.813008 0.054878
1357 0.815854 0.158943
1360 0.814634 0.179268
1363 0.815041 0.231707
1366 0.817886 0.119106
1369 0.81626 0.118699
1372 0.812602 0.134553
1375 0.815447 0.159756
1378 0.817886 0.0321138
1381 0.817886 0.202033
1384 0.819512 0.123984
1387 0.816667 0.278455
1390 0.815447 0.302846
1393 0.81626 0.26748
1396 0.81748 0.111382
1399 0.815041 0.188211
1402 0.81626 0.134959
1405 0.817073 0.107317
1408 0.817073 0.0837398
1411 0.815041 0.155285
1414 0.814228 0.178049
1417 0.814634 0.197967
1420 0.817073 0.165854
1423 0.818293 0.403659
1426 0.820325 0.446748
1429 0.811789 0.136585
1432 0.815447 0.30935
1435 0.813008 0.143089
1438 0.81626 0.24187
1441 0.819919 0.544715
1444 0.81748 0.187805
1447 0.814634 0.438618
1450 0.797967 0.401626
1453 0.800407 0.341463
1456 0.812602 0.413415
1459 0.815854 0.46626
1462 0.80935 0.470325
1465 0.810976 0.393089
1468 0.820732 0.561789
1471 0.831301 0.446748
1474 0.839024 0.856098
1477 0.834146 0.464634
1480 0.844309 0.700406
1483 0.847968 0.41748
1486 0.857317 0.85122
1489 0.863415 0.51626
1492 0.864634 0.691463
1495 0.860163 0.75122
1498 0.85 0.774797
1501 0.857317 0.786585
1504 0.860163 0.769512
1507 0.85813 0.899187
1510 0.858537 0.809756
1513 0.868293 0.888618
1516 0.856504 0.870325
1519 0.862602 0.88374
1522 0.871545 0.906911
1525 0.862195 0.840244
1528 0.871545 0.881301
1531 0.852846 0.577236
1534 0.859756 0.985366
1537 0.863821 0.968699
1540 0.878049 0.907724
1543 0.86626 0.983333
1546 0.873577 0.904878
1549 0.878049 0.970325
1552 0.868699 0.973577
1555 0.875203 0.869919
1558 0.869919 0.702846
1561 0.864228 0.964634
1564 0.865041 0.839837
1567 0.865041 0.781301
1570 0.874797 0.900406
1573 0.865854 0.862602
1576 0.887805 0.647154
1579 0.863415 0.954065
1582 0.871545 0.913008
1585 0.853659 0.984146
1588 0.847561 0.969106
1591 0.860163 0.997154
1594 0.849187 0.988618
1597 0.840244 0.999187
1600 0.830894 0.956504
1603 0.817886 0.982927
1606 0.799187 0.970732
1609 0.795528 0.984959
1612 0.782114 0.914634
1615 0.804065 0.998374
1618 0.793496 0.962195
1621 0.831707 0.997561
1624 0.83252 0.998374
1627 0.806098 0.978049
1630 0.807317 0.938618
1633 0.801626 0.998374
1636 0.778862 0.995935
1639 0.770325 0.997561
1642 0.767073 0.936992
1645 0.784959 0.970325
1648 0.778455 0.99187
1651 0.780081 0.952033
1654 0.787805 0.996748
1657 0.79187 0.996341
1660 0.798374 0.962602
1663 0.79065 0.90813
1666 0.811382 0.989024
1669 0.793089 0.951219
1672 0.792276 0.985772
1675 0.793089 0.993496
1678 0.771545 0.951626
1681 0.793496 0.982927
1684 0.781707 0.987398
1687 0.763821 0.987805
1690 0.75935 0.983333
1693 0.753659 0.993496
1696 0.745935 0.982927
1699 0.734146 0.961789
1702 0.726829 0.987398
1705 0.71626 0.994715
1708 0.729268 0.993089
1711 0.745528 0.97561
1714 0.749593 0.956504
1717 0.757317 0.950406
1720 0.756098 0.962195
1723 0.788211 0.985772
1726 0.784146 0.963821
1729 0.806911 0.977236
1732 0.826829 0.85
1735 0.819919 0.969106
1738 0.827642 0.974797
1741 0.835366 0.857724
1744 0.858537 0.980488
1747 0.868293 0.973984
1750 0.876423 0.962195
1753 0.900406 0.94065
1756 0.900813 0.93252
1759 0.896748 0.901219
1762 0.911382 0.910569
1765 0.922764 0.898374
1768 0.921138 0.876016
1771 0.904878 0.947154
1774 0.904065 0.952033
1777 0.907724 0.954065
1780 0.90935 0.959756
1783 0.917073 0.97561
1786 0.908943 0.97561
1789 0.914634 0.95813
1792 0.919106 0.92561
1795 0.913008 0.878049
1798 0.91626 0.903659
1801 0.893902 0.826423
1804 0.897154 0.965854
1807 0.892276 0.963415
1810 0.888618 0.968699
1813 0.873984 0.917886
1816 0.864228 0.956098
1819 0.860976 0.927236
1822 0.869106 0.902032
1825 0.871545 0.89187
1828 0.860569 0.869106
1831 0.85813 0.853252
1834 0.864228 0.827642
1837 0.854065 0.806098
1840 0.85 0.770325
1843 0.881707 0.763008
1846 0.88252 0.728049
1849 0.893902 0.705691
1852 0.90813 0.615854
1855 0.912602 0.630488
1858 0.912602 0.649593
1861 0.894715 0.688211
1864 0.895528 0.631301
1867 0.891463 0.620732
1870 0.896748 0.656504
1873 0.877642 0.662195
1876 0.870732 0.761382
1879 0.856911 0.819919
1882 0.864634 0.871951
1885 0.864228 0.880081
1888 0.835772 0.922358
1891 0.831707 0.921951
1894 0.837805 0.910569
1897 0.85122 0.910569
1900 0.860976 0.911789
1903 0.85935 0.907317
1906 0.894309 0.810163
1909 0.895935 0.786585
1912 0.930081 0.942683
1915 0.939024 0.958943
1918 0.944309 0.87439
1921 0.945528 0.87561
1924 0.946341 0.793496
1927 0.954878 0.727642
1930 0.951626 0.722358
1933 0.946341 0.674797
1936 0.94878 0.660163
1939 0.94065 0.591463
1942 0.952439 0.577236
1945 0.956504 0.548374
1948 0.965447 0.504472
1951 0.961789 0.469106
1954 0.967073 0.410976
1957 0.970732 0.384146
1960 0.978049 0.325203
1963 0.976829 0.287805
1966 0.979268 0.246341
1969 0.980488 0.271138
1972 0.980488 0.164634
1975 0.976016 0.139431
1978 0.978455 0.268699
1981 0.976016 0.10813
1984 0.973577 0.284959
1987 0.971951 0.441463
1990 0.972358 0.147561
1993 0.969106 0.182927
1996 0.968699 0.143902
1999 0.967073 0.188618
2002 0.952846 0.258537
2005 0.916667 0.161789
2008 0.890244 0.269512
2011 0.86626 0.376829
2014 0.845528 0.454472
2017 0.828049 0.50813
2020 0.795528 0.449187
2023 0.800407 0.630081
2026 0.806098 0.727236
2029 0.806098 0.669106
2032 0.853659 0.739837
2035 0.891057 0.628862
2038 0.906098 0.668293
2041 0.901219 0.616667
2044 0.945122 0.676423
2047 0.97561 0.645122
2050 0.990244 0.646341
2053 0.988618 0.595935
2056 0.988211 0.543902
2059 0.986992 0.45813
2062 0.980894 0.415854
2065 0.97561 0.352439
2068 0.980081 0.343496
2071 0.973577 0.274797
2074 0.974797 0.228455
2077 0.973171 0.171138
2080 0.973984 0.14878
2083 0.97439 0.176829
2086 0.970325 0.215854
2089 0.963415 0.154065
2092 0.96626 0.051626
2095 0.967073 0.121138
2098 0.965447 0.347561
2101 0.961789 0.113821
2104 0.950813 0.170732
2107 0.938211 0.173577
2110 0.928049 0.236992
2113 0.909756 0.389837
2116 0.891057 0.371545
2119 0.887398 0.46748
2122 0.866667 0.482927
2125 0.839024 0.554878
2128 0.831707 0.627236
2131 0.814228 0.683333
2134 0.799187 0.719106
2137 0.810163 0.665041
2140 0.804065 0.696748
2143 0.814634 0.66748
2146 0.827642 0.660976
2149 0.834959 0.639837
2152 0.843496 0.627642
2155 0.834959 0.678049
2158 0.816667 0.769106
2161 0.814228 0.826829
2164 0.812195 0.865041
2167 0.836179 0.86748
2170 0.829675 0.797154
2173 0.863415 0.77561
2176 0.872358 0.707317
2179 0.889024 0.669512
2182 0.900813 0.496341
2185 0.930081 0.48374
2188 0.924797 0.471138
2191 0.957317 0.394309
2194 0.954878 0.343902
2197 0.960569 0.262195
2200 0.960163 0.227642
2203 0.962602 0.177236
2206 0.961382 0.14187
2209 0.961382 0.10122
2212 0.958943 0.465447
2215 0.95935 0.523171
2218 0.957317 0.452846
2221 0.956504 0.312195
2224 0.955691 0.555691
2227 0.955691 0.269106
2230 0.953659 0.144309
2233 0.952439 0.168699
2236 0.952846 0.612195
2239 0.954065 0.270325
2242 0.954065 0.206911
2245 0.952439 0.160976
2248 0.954065 0.203659
2251 0.954472 0.247154
2254 0.955691 0.182114
2257 0.954878 0.0886179
2260 0.955691 0.171951
2263 0.952439 0.313008
2266 0.952439 0.184553
2269 0.943902 0.21626
2272 0.936585 0.168699
2275 0.934959 0.264634
2278 0.942683 0.273171
2281 0.947154 0.432114
2284 0.946748 0.384553
2287 0.948374 0.595935
2290 0.945122 0.55813
2293 0.942276 0.593089
2296 0.943496 0.462195
2299 0.947154 0.521138
2302 0.939431 0.497561
2305 0.945935 0.629675
2308 0.953252 0.609756
2311 0.955285 0.670325
2314 0.960163 0.609756
2317 0.956911 0.713008
2320 0.956098 0.730488
2323 0.955691 0.634959
2326 0.954065 0.653252
2329 0.951626 0.566667
2332 0.943902 0.552846
2335 0.94878 0.488211
2338 0.950813 0.436585
2341 0.952439 0.398374
2344 0.952846 0.306504
2347 0.954878 0.287398
2350 0.956098 0.245935
2353 0.95813 0.223984
2356 0.957317 0.3
2359 0.956911 0.358943
2362 0.954472 0.299187
2365 0.951219 0.29187
2368 0.950813 0.284146
2371 0.94878 0.32439
2374 0.949187 0.371545
2377 0.952033 0.260163
2380 0.952033 0.252033
2383 0.952846 0.240244
2386 0.947154 0.292683
2389 0.94065 0.33374
2392 0.927642 0.414228
2395 0.926016 0.433333
2398 0.920732 0.510976
2401 0.916667 0.426016
2404 0.919512 0.477642
2407 0.919106 0.463821
2410 0.918699 0.478862
2413 0.93374 0.354472
2416 0.938618 0.35813
2419 0.951626 0.288211
2422 0.957317 0.244309
2425 0.967886 0.180894
2428 0.965447 0.126016
2431 0.963008 0.114228
2434 0.954472 0.0796748
2437 0.939024 0.188211
2440 0.93252 0.305285
2443 0.929268 0.404065
2446 0.923171 0.414634
2449 0.922764 0.472764
2452 0.918293 0.462195
2455 0.922358 0.480894
2458 0.918699 0.471545
2461 0.915447 0.424797
2464 0.93252 0.295935
2467 0.949187 0.331707
2470 0.949593 0.254878
2473 0.953659 0.187398
2476 0.950813 0.150407
2479 0.954472 0.197967
2482 0.954878 0.155285
2485 0.954065 0.227236
2488 0.955691 0.245528
2491 0.954065 0.126829
2494 0.954065 0.199187
2497 0.952033 0.208537
2500 0.950813 0.240244
2503 0.947561 0.258943
2506 0.951626 0.208537
2509 0.947967 0.288618
2512 0.94065 0.279675
2515 0.936179 0.352033
2518 0.923984 0.410163
2521 0.925203 0.393496
2524 0.916667 0.452846
2527 0.921545 0.445528
2530 0.919919 0.467886
2533 0.91626 0.514228
2536 0.914228 0.501626
2539 0.922358 0.587398
2542 0.917886 0.484146
2545 0.908537 0.554472
2548 0.923984 0.506911
2551 0.926829 0.452846
2554 0.929675 0.380894
2557 0.935772 0.328049
2560 0.943496 0.27439
2563 0.942683 0.225203
2566 0.944309 0.175203
2569 0.945935 0.104878
2572 0.945528 0.388211
2575 0.949593 0.334553
2578 0.949187 0.284959
2581 0.946748 0.44878
2584 0.948374 0.38252
2587 0.946748 0.595935
2590 0.947154 0.421138
2593 0.94878 0.536992
2596 0.94878 0.420325
2599 0.946748 0.499187
2602 0.946748 0.333333
2605 0.947967 0.360163
2608 0.947967 0.603659
2611 0.942276 0.447967
2614 0.94187 0.310569
2617 0.941463 0.332927
2620 0.943089 0.332927
2623 0.942276 0.458943
2626 0.936992 0.0695122
2629 0.92439 0.121545
2632 0.922358 0.20122
2635 0.921951 0.293902
2638 0.915041 0.371138
2641 0.913821 0.44187
2644 0.907724 0.563415
2647 0.896748 0.622358
2650 0.878049 0.641463
2653 0.878049 0.75122
2656 0.871545 0.803252
2659 0.868699 0.849594
2662 0.877642 0.856504
2665 0.893902 0.778049
2668 0.893902 0.791463
2671 0.904878 0.752033
2674 0.906504 0.72561
2677 0.891057 0.715854
2680 0.91748 0.730894
2683 0.914228 0.696748
2686 0.908537 0.662602
2689 0.921951 0.644309
2692 0.915041 0.552439
2695 0.936992 0.523984
2698 0.956504 0.480894
2701 0.964634 0.430081
2704 0.963821 0.381301
2707 0.965447 0.273577
2710 0.965041 0.234553
2713 0.96626 0.291463
2716 0.965854 0.221138
2719 0.967886 0.293496
2722 0.961789 0.301626
2725 0.965854 0.294309
2728 0.960163 0.218293
2731 0.954065 0.141463
2734 0.939024 0.25813
2737 0.926829 0.228862
2740 0.928862 0.274797
2743 0.923577 0.429675
2746 0.91748 0.358537
2749 0.915447 0.381301
2752 0.916667 0.46748
2755 0.915447 0.500813
2758 0.914228 0.485366
2761 0.89878 0.577642
2764 0.901219 0.503252
2767 0.905691 0.506098
2770 0.903252 0.481707
2773 0.900813 0.556098
2776 0.9 0.529268
2779 0.903252 0.415447
2782 0.903659 0.462195
2785 0.900406 0.41626
2788 0.908537 0.531301
2791 0.904472 0.291057
2794 0.904065 0.528049
2797 0.904878 0.186585
2800 0.906098 0.487398
2803 0.908943 0.17561
2806 0.904065 0.204065
2809 0.90935 0.217073
2812 0.908943 0.460976
2815 0.904878 0.352846
2818 0.907317 0.423984
2821 0.905691 0.21626
2824 0.905285 0.285366
2827 0.903252 0.253252
2830 0.901219 0.133333
2833 0.897561 0.314228
2836 0.902439 0.51626
2839 0.900406 0.277642
2842 0.89878 0.169512
2845 0.896748 0.319919
2848 0.895122 0.24065
2851 0.891057 0.236585
2854 0.887805 0.147561
2857 0.889837 0.0739837
2860 0.890244 0.097561
2863 0.894715 0.163415
2866 0.892683 0.452033
2869 0.892683 0.439431
2872 0.893089 0.322358
2875 0.895935 0.311382
2878 0.897154 0.284553
2881 0.895122 0.297561
2884 0.893496 0.235772
2887 0.892276 0.352439
2890 0.890244 0.190244
2893 0.885772 0.410569
2896 0.889431 0.244309
2899 0.889837 0.195935
2902 0.892276 0.386179
2905 0.889837 0.20935
2908 0.887398 0.162602
2911 0.893496 0.560569
2914 0.892683 0.111382
2917 0.891057 0.268293
2920 0.891463 0.394715
2923 0.889431 0.28252
2926 0.89187 0.329268
2929 0.89065 0.280488
2932 0.888618 0.0906504
2935 0.889024 0.442683
2938 0.894309 0.374797
2941 0.897561 0.347154
2944 0.899187 0.150407
2947 0.891463 0.098374
2950 0.888211 0.149187
2953 0.880488 0.206504
2956 0.880488 0.256098
2959 0.879268 0.265447
2962 0.896341 0.392683
2965 0.892276 0.332114
2968 0.892276 0.311382
2971 0.889837 0.347561
2974 0.89065 0.329268
2977 0.889024 0.33252
2980 0.889431 0.419106
2983 0.886992 0.410569
2986 0.889837 0.607317
2989 0.883333 0.536992
2992 0.867886 0.358537
2995 0.858943 0.39878
2998 0.852033 0.492276
3001 0.846341 0.464634
3004 0.837398 0.489024
3007 0.837805 0.480488
3010 0.83374 0.519512
3013 0.82561 0.753252
3016 0.826016 0.598781
3019 0.828862 0.638618
3022 0.825203 0.626016
3025 0.822764 0.582114
3028 0.821545 0.654878
3031 0.828049 0.472764
3034 0.827642 0.62439
3037 0.838211 0.543902
3040 0.830081 0.542276
3043 0.821545 0.546748
3046 0.83374 0.465854
3049 0.831707 0.494309
3052 0.834146 0.419919
3055 0.833333 0.528862
3058 0.826829 0.360976
3061 0.823984 0.355691
3064 0.824797 0.267073
3067 0.817073 0.36748
3070 0.816667 0.352846
3073 0.817073 0.341057
3076 0.813008 0.575203
3079 0.81748 0.485366
3082 0.819919 0.512195
3085 0.82439 0.467886
3088 0.820325 0.650406
3091 0.819512 0.545122
3094 0.821545 0.479675
3097 0.819106 0.454472
3100 0.81748 0.35935
3103 0.818293 0.559756
3106 0.819512 0.591057
3109 0.815854 0.369106
3112 0.818293 0.541057
3115 0.814228 0.643089
3118 0.820732 0.525203
3121 0.811789 0.35935
3124 0.813415 0.335772
3127 0.812195 0.219919
3130 0.811789 0.221138
3133 0.813821 0.460569
3136 0.817073 0.337805
3139 0.818699 0.278862
3142 0.818699 0.243089
3145 0.817073 0.397967
3148 0.815854 0.385772
3151 0.819919 0.223984
3154 0.816667 0.399187
3157 0.814634 0.206911
3160 0.815854 0.313008
3163 0.814228 0.632114
3166 0.815447 0.400813
3169 0.810163 0.218699
3172 0.813821 0.263821
3175 0.815041 0.186992
3178 0.814634 0.276423
3181 0.815447 0.335772
3184 0.808943 0.471951
3187 0.810163 0.431301
3190 0.804878 0.42561
3193 0.803659 0.383333
3196 0.804065 0.360976
3199 0.805691 0.332114
3202 0.80122 0.257724
3205 0.798781 0.307317
3208 0.798374 0.424797
3211 0.793902 0.702033
3214 0.795122 0.349187
3217 0.793902 0.440244
3220 0.792276 0.500407
3223 0.792683 0.408943
3226 0.79065 0.494715
3229 0.79065 0.108537
3232 0.79187 0.18252
3235 0.788618 0.138211
3238 0.793089 0.139024
3241 0.795528 0.231707
3244 0.793089 0.332114
3247 0.791057 0.213415
3250 0.793089 0.162195
3253 0.791463 0.207724
3256 0.792683 0.280081
3259 0.792276 0.389431
3262 0.791463 0.565447
3265 0.791463 0.264634
3268 0.791057 0.515447
3271 0.790244 0.680894
3274 0.791463 0.218699
3277 0.791057 0.521951
3280 0.79187 0.618699
3283 0.79065 0.235366
3286 0.795935 0.239024
3289 0.795122 0.350813
3292 0.795122 0.356504
3295 0.795528 0.451626
3298 0.795528 0.231301
3301 0.800407 0.214228
3304 0.797561 0.0979675
3307 0.798374 0.0939024
3310 0.798374 0.0731707
3313 0.796748 0.0658537
3316 0.795528 0.193902
3319 0.795935 0.123577
3322 0.797967 0.202846
3325 0.796341 0.125203
3328 0.798374 0.0674797
3331 0.799187 0.44187
3334 0.797154 0.154472
3337 0.798374 0.264634
3340 0.797154 0.379675
3343 0.799594 0.139837
3346 0.796748 0.143902
3349 0.797154 0.15122
3352 0.79187 0.276829
3355 0.794715 0.284959
3358 0.795122 0.231301
3361 0.795935 0.16626
3364 0.795935 0.334553
3367 0.799187 0.345935
3370 0.797967 0.310163
3373 0.797154 0.369919
3376 0.797967 0.478455
3379 0.797967 0.436179
3382 0.797154 0.29065
3385 0.798374 0.347154
3388 0.796341 0.237398
3391 0.797154 0.228049
3394 0.797561 0.464634
3397 0.795122 0.391057
3400 0.796748 0.316667
3403 0.795935 0.389431
3406 0.795528 0.293496
3409 0.793902 0.28374
3412 0.798374 0.499593
3415 0.800407 0.269919
3418 0.798781 0.319106
3421 0.799187 0.313008
3424 0.796748 0.350813
3427 0.796341 0.258943
3430 0.796341 0.253659
3433 0.796748 0.300407
3436 0.802846 0.389431
3439 0.804472 0.417073
3442 0.804878 0.401626
3445 0.802846 0.298781
3448 0.803659 0.336992
3451 0.804878 0.413821
3454 0.806098 0.291463
3457 0.805285 0.356504
3460 0.805285 0.277236
3463 0.809756 0.497967
3466 0.80935 0.367886
3469 0.80813 0.339837
3472 0.810163 0.34878
3475 0.809756 0.25
3478 0.810569 0.211382
3481 0.809756 0.678862
3484 0.808943 0.394715
3487 0.810163 0.564228
3490 0.811382 0.448374
3493 0.812195 0.323984
3496 0.810976 0.454472
3499 0.810976 0.44065
3502 0.80935 0.297154
3505 0.809756 0.357317
3508 0.80813 0.205285
3511 0.812195 0.255691
3514 0.812195 0.615041
3517 0.812602 0.509756
3520 0.810976 0.462602
3523 0.810976 0.408943
3526 0.808943 0.505691
3529 0.809756 0.142276
3532 0.810569 0.141057
3535 0.80935 0.207724
3538 0.808537 0.337805
3541 0.808537 0.469512
3544 0.807317 0.371545
3547 0.80935 0.37561
3550 0.807724 0.256504
3553 0.806911 0.493089
3556 0.806504 0.272358
3559 0.807317 0.136179
3562 0.813008 0.465447
3565 0.812195 0.347561
3568 0.810569 0.393496
3571 0.806504 0.455691
3574 0.806911 0.371138
3577 0.807724 0.171951
3580 0.805691 0.302439
3583 0.807317 0.371545
3586 0.805691 0.509756
3589 0.806098 0.330894
3592 0.806911 0.399187
3595 0.807317 0.55122
3598 0.810569 0.44065
3601 0.809756 0.297561
3604 0.809756 0.455691
3607 0.808537 0.401626
3610 0.807724 0.0772358
3613 0.80813 0.421138
3616 0.80813 0.20122
3619 0.807724 0.112602
3622 0.809756 0.338618
3625 0.80813 0.105691
3628 0.80813 0.273171
3631 0.807317 0.139024
3634 0.806504 0.114634
3637 0.806098 0.128049
3640 0.804472 0.110976
3643 0.805691 0.126016
3646 0.804878 0.46748
3649 0.805691 0.15813
3652 0.804472 0.155691
3655 0.806504 0.0630081
3658 0.806098 0.144715
3661 0.804878 0.123984
3664 0.805285 0.134146
3667 0.805285 0.0902439
3670 0.806098 0.337805
3673 0.804878 0.0747968
3676 0.803252 0.156911
3679 0.802033 0.223984
3682 0.8 0.263821
3685 0.801626 0.486585
3688 0.801626 0.176016
3691 0.802439 0.512195
3694 0.803252 0.259756
3697 0.80122 0.602033
3700 0.800407 0.228049
3703 0.80122 0.245122
3706 0.799187 0.342276
3709 0.799594 0.363008
3712 0.797967 0.363821
3715 0.798781 0.264634
3718 0.800407 0.284146
3721 0.804878 0.566667
3724 0.805691 0.432114
3727 0.803659 0.182114
3730 0.802846 0.364228
3733 0.800407 0.450813
3736 0.803252 0.497561
3739 0.801626 0.31626
3742 0.800813 0.25122
3745 0.80935 0.464634
3748 0.808537 0.502439
3751 0.807724 0.482927
3754 0.806911 0.462602
3757 0.807317 0.456911
3760 0.807724 0.321545
3763 0.807724 0.101626
3766 0.807317 0.0934959
3769 0.807317 0.0439024
3772 0.800407 0.234553
3775 0.803659 0.232927
3778 0.802846 0.287398
3781 0.8 0.369106
3784 0.797154 0.287805
3787 0.799594 0.0317073
3790 0.796341 0.0987805
3793 0.795528 0.339837
3796 0.797561 0.289431
3799 0.796341 0.150407
3802 0.793089 0.153252
3805 0.796748 0.252033
3808 0.794715 0.369512
3811 0.795528 0.211789
3814 0.802439 0.426829
3817 0.807317 0.344309
3820 0.819512 0.407724
3823 0.816667 0.46748
3826 0.819512 0.558943
3829 0.817073 0.439431
3832 0.815854 0.322358
3835 0.814634 0.394309
3838 0.813008 0.313008
3841 0.811789 0.469512
3844 0.812195 0.357724
3847 0.809756 0.237805
3850 0.812195 0.552033
3853 0.813821 0.331707
3856 0.810569 0.354065
3859 0.812602 0.345528
3862 0.813821 0.339837
3865 0.813821 0.551626
3868 0.813821 0.348374
3871 0.815447 0.480081
3874 0.815854 0.263415
3877 0.814634 0.193089
3880 0.816667 0.16748
3883 0.817886 0.515447
3886 0.817886 0.150407
3889 0.816667 0.121138
3892 0.81748 0.305285
3895 0.81748 0.335366
3898 0.819106 0.153252
3901 0.817073 0.25813
3904 0.817073 0.0723577
3907 0.819106 0.215854
3910 0.817073 0.276016
3913 0.817073 0.267073
3916 0.819106 0.254065
3919 0.818293 0.308537
3922 0.813008 0.138618
3925 0.813821 0.236179
3928 0.815447 0.519106
3931 0.815447 0.241463
3934 0.816667 0.0894309
3937 0.816667 0.0792683
3940 0.815041 0.245122
3943 0.814634 0.0512195
3946 0.819512 0.0841463
3949 0.821138 0.434146
3952 0.821138 0.678862
3955 0.820325 0.446748
3958 0.818699 0.134146
3961 0.821138 0.428049
3964 0.819919 0.105285
3967 0.820732 0.121545
3970 0.814634 0.532927
3973 0.815447 0.505285
3976 0.815447 0.550407
3979 0.815854 0.263821
3982 0.813415 0.197967
3985 0.814634 0.0837398
3988 0.814228 0.0894309
3991 0.815041 0.0333333
3994 0.815041 0.0418699
3997 0.820325 0.306911
4000 0.818293 0.586992
4003 0.819106 0.464228
4006 0.819919 0.154878
4009 0.820325 0.26626
4012 0.818699 0.809756
4015 0.819106 0.199593
4018 0.820732 0.494715
4021 0.820325 0.0593496
4024 0.818699 0.15122
4027 0.823171 0.106098
4030 0.819512 0.134146
4033 0.821138 0.151626
4036 0.819919 0.111382
4039 0.817886 0.0963415
4042 0.819106 0.0642276
4045 0.821545 0.238618
4048 0.820325 0.0670732
4051 0.819512 0.436179
4054 0.820325 0.354065
4057 0.821138 0.478049
4060 0.821138 0.339024
4063 0.818293 0.255285
4066 0.820325 0.242683
4069 0.81748 0.0833333
4072 0.818293 0.430081
4075 0.820325 0.489024
4078 0.819512 0.347967
4081 0.81748 0.0979675
4084 0.818293 0.224797
4087 0.820732 0.109756
4090 0.819106 0.431707
4093 0.819106 0.69065
4096 0.819919 0.296748
4099 0.820732 0.295528
4102 0.81748 0.232114
4105 0.81748 0.435366
4108 0.819106 0.378862
4111 0.819512 0.456098
4114 0.819919 0.384146
4117 0.820732 0.326016
4120 0.821545 0.524797
4123 0.824797 0.42561
4126 0.826016 0.520325
4129 0.821545 0.280081
4132 0.826016 0.304065
4135 0.822764 0.226423
4138 0.822764 0.251626
4141 0.82439 0.316667
4144 0.826423 0.119106
4147 0.825203 0.247154
4150 0.82561 0.335772
4153 0.821951 0.305285
4156 0.821138 0.271545
4159 0.819512 0.276016
4162 0.823984 0.485772
4165 0.820732 0.414634
4168 0.828455 0.234959
4171 0.817073 0.420732
4174 0.827642 0.314634
4177 0.823577 0.336179
4180 0.823171 0.328455
4183 0.82439 0.454472
4186 0.828455 0.253659
4189 0.823577 0.19878
4192 0.835772 0.398374
4195 0.828049 0.343089
4198 0.824797 0.284959
4201 0.825203 0.338618
4204 0.827236 0.30935
4207 0.829268 0.407317
4210 0.838211 0.606098
4213 0.830488 0.552846
4216 0.834553 0.618293
4219 0.836992 0.717886
4222 0.848781 0.73252
4225 0.84187 0.761789
4228 0.834146 0.736992
4231 0.839837 0.77439
4234 0.832114 0.705285
4237 0.830488 0.812195
4240 0.830894 0.823984
4243 0.823171 0.865854
4246 0.810569 0.831301
4249 0.804472 0.853252
4252 0.802846 0.796748
4255 0.809756 0.786992
4258 0.808537 0.811382
4261 0.793496 0.820325
4264 0.79065 0.951626
4267 0.791463 0.849187
4270 0.784146 0.895528
4273 0.789837 0.88374
4276 0.803659 0.977642
4279 0.811789 0.994309
4282 0.823577 0.914634
4285 0.837805 0.970325
4288 0.845122 0.971545
4291 0.855691 0.939837
4294 0.855285 0.928455
4297 0.852846 0.967073
4300 0.865041 0.986179
4303 0.86626 0.954065
4306 0.862602 0.996748
4309 0.875203 0.906911
4312 0.871545 0.923984
4315 0.877642 0.987398
4318 0.862195 0.967886
4321 0.879675 0.977236
4324 0.874797 0.971545
4327 0.864634 0.99878
4330 0.880894 0.99878
4333 0.867886 0.997967
4336 0.877236 0.969106
4339 0.878049 0.99187
4342 0.892683 0.926423
4345 0.855691 0.987805
4348 0.870732 0.964634
4351 0.844715 0.929675
4354 0.855691 0.965041
4357 0.85935 0.97561
4360 0.855285 0.987398
4363 0.844309 0.903659
4366 0.846748 0.986992
4369 0.837398 0.91626
4372 0.846341 0.945528
4375 0.848374 0.986585
4378 0.861382 0.917073
4381 0.855691 0.99187
4384 0.863008 0.978455
4387 0.860163 0.996341
4390 0.850407 0.923171
4393 0.870732 0.936179
4396 0.873577 0.884553
4399 0.886992 0.989024
4402 0.892683 0.969512
4405 0.891463 0.96626
4408 0.880488 0.956504
4411 0.860976 0.986992
4414 0.847154 0.999187
4417 0.842683 0.997967
4420 0.839024 0.996341
4423 0.855285 0.992276
4426 0.845122 0.997967
4429 0.830081 0.916667
4432 0.826829 0.839837
4435 0.828455 0.993496
4438 0.820325 0.992683
4441 0.814634 0.985772
4444 0.804065 0.980894
4447 0.805691 0.987398
4450 0.807724 0.997154
4453 0.819512 0.898374
4456 0.82439 0.937398
4459 0.834146 0.95813
4462 0.826829 0.945935
4465 0.834553 0.997561
4468 0.84065 0.961789
4471 0.845122 0.997561
4474 0.827642 0.980488
4477 0.82439 0.995528
4480 0.834553 0.940244
4483 0.837805 0.976829
4486 0.85813 0.99065
4489 0.849187 0.983333
4492 0.848374 0.837805
4495 0.845528 0.993902
4498 0.873577 0.976016
4501 0.863821 0.888618
4504 0.857724 0.978455
4507 0.862602 0.925203
4510 0.874797 0.956098
4513 0.873984 0.913415
4516 0.871138 0.94065
4519 0.868293 0.989024
4522 0.853659 0.998374
4525 0.849594 0.908537
4528 0.84187 0.99878
4531 0.826016 0.994715
4534 0.818699 0.977236
4537 0.815041 0.98374
4540 0.815041 0.95935
4543 0.810163 0.981707
4546 0.812195 0.990244
4549 0.802439 0.97439
4552 0.806098 0.996341
4555 0.806911 0.994715
4558 0.80813 0.985366
4561 0.795935 0.939837
4564 0.785366 0.991463
4567 0.782927 0.97439
4570 0.762602 0.957317
4573 0.77561 0.968293
4576 0.789024 0.961382
4579 0.781707 0.941463
4582 0.8 0.976829
4585 0.813821 0.948374
4588 0.819512 0.949593
4591 0.792276 0.962195
4594 0.799594 0.952033
4597 0.819919 0.97561
4600 0.822764 0.969106
4603 0.826016 0.978049
4606 0.823171 0.977642
4609 0.844715 0.976016
4612 0.84187 0.956504
4615 0.864634 0.930894
4618 0.868699 0.934959
4621 0.871545 0.911382
4624 0.862195 0.935772
4627 0.871951 0.869106
4630 0.865041 0.89187
4633 0.85 0.945528
4636 0.860163 0.95935
4639 0.86748 0.957724
4642 0.865854 0.986585
4645 0.855691 0.978862
4648 0.847154 0.992276
4651 0.837805 0.99065
4654 0.847154 0.978049
4657 0.869512 0.984146
4660 0.869919 0.955691
4663 0.879675 0.961382
4666 0.886179 0.956911
4669 0.895528 0.870325
4672 0.921951 0.892683
4675 0.935366 0.870325
4678 0.940244 0.901219
4681 0.938211 0.893902
4684 0.930081 0.901219
4687 0.922764 0.915041
4690 0.901626 0.912195
4693 0.901219 0.89878
4696 0.905285 0.892683
4699 0.898374 0.89187
4702 0.901219 0.907317
4705 0.894309 0.910569
4708 0.878455 0.919919
4711 0.871951 0.97439
4714 0.863008 0.946341
4717 0.864228 0.976423
4720 0.856098 0.954472
4723 0.856098 0.901219
4726 0.847154 0.984959
4729 0.847154 0.988211
4732 0.852439 0.979268
4735 0.855285 0.878049
4738 0.845935 0.894309
4741 0.86626 0.853659
4744 0.869106 0.792276
4747 0.86748 0.891463
4750 0.856098 0.830894
4753 0.881707 0.830081
4756 0.893089 0.799187
4759 0.888211 0.697967
4762 0.897967 0.704065
4765 0.899187 0.63374
4768 0.89065 0.595935
4771 0.901626 0.53374
4774 0.914228 0.489837
4777 0.938618 0.430081
4780 0.945528 0.349593
4783 0.952846 0.34065
4786 0.967886 0.287398
4789 0.969106 0.228862
4792 0.967886 0.185772
4795 0.963821 0.150407
4798 0.964634 0.0922764
4801 0.963821 0.476423
4804 0.963415 0.551626
4807 0.962195 0.463008
4810 0.962602 0.557724
4813 0.959756 0.592683
4816 0.958537 0.553252
4819 0.95935 0.634553
4822 0.949593 0.611789
4825 0.948374 0.511789
4828 0.949593 0.472358
4831 0.947967 0.608537
4834 0.950406 0.428049
4837 0.949187 0.338211
4840 0.946748 0.59065
4843 0.948374 0.597968
4846 0.947967 0.534959
4849 0.945935 0.472764
4852 0.945935 0.554878
4855 0.944715 0.157317
4858 0.950406 0.592683
4861 0.949593 0.567886
4864 0.949593 0.275203
4867 0.948374 0.278862
4870 0.94878 0.504472
4873 0.94878 0.565447
4876 0.949187 0.513415
4879 0.950813 0.49065
4882 0.945122 0.549187
4885 0.945122 0.676829
4888 0.946748 0.525203
4891 0.946748 0.226829
4894 0.945528 0.642683
4897 0.946341 0.302033
4900 0.946341 0.335772
4903 0.944309 0.0593496
4906 0.943089 0.0626016
4909 0.946748 0.202846
4912 0.94878 0.0772358
4915 0.949593 0.0723577
4918 0.953252 0.0711382
4921 0.946748 0.158943
4924 0.927642 0.25
4927 0.920325 0.322358
4930 0.906098 0.413415
4933 0.89065 0.412195
4936 0.893902 0.586179
4939 0.894715 0.598374
4942 0.891057 0.633333
4945 0.889837 0.591057
4948 0.894715 0.577236
4951 0.907317 0.593496
4954 0.913821 0.516667
4957 0.908943 0.551626
4960 0.906504 0.51626
4963 0.923171 0.449187
4966 0.928455 0.376423
4969 0.934146 0.384959
4972 0.943089 0.391057
4975 0.936585 0.438618
4978 0.926829 0.489431
4981 0.922764 0.484553
4984 0.911382 0.473171
4987 0.903252 0.483333
4990 0.9 0.591463
4993 0.909756 0.605691
4996 0.889024 0.507317
4999 0.893902 0.534959
5002 0.907724 0.521138
5005 0.896341 0.547561
5008 0.92439 0.519919
5011 0.927642 0.434959
5014 0.943496 0.37439
5017 0.94878 0.319106
5020 0.956911 0.264228
5023 0.95935 0.3
5026 0.959756 0.34065
5029 0.95935 0.33252
5032 0.957317 0.255285
5035 0.952846 0.233333
5038 0.951626 0.28374
5041 0.951219 0.244715
5044 0.956504 0.282114
5047 0.944715 0.372764
5050 0.937398 0.318699
5053 0.928455 0.402846
5056 0.913821 0.407724
5059 0.900406 0.389837
5062 0.885366 0.403252
5065 0.877236 0.416667
5068 0.882927 0.458537
5071 0.879675 0.521545
5074 0.87439 0.578862
5077 0.880894 0.677236
5080 0.893089 0.639024
5083 0.914228 0.538618
5086 0.928862 0.591463
5089 0.946341 0.492276
5092 0.965447 0.50813
5095 0.976016 0.476423
5098 0.977236 0.498374
5101 0.973577 0.507724
5104 0.975203 0.445528
5107 0.973171 0.415041
5110 0.956911 0.425203
5113 0.956098 0.343089
5116 0.957724 0.300407
5119 0.958943 0.240244
5122 0.954472 0.214634
5125 0.952439 0.156098
5128 0.949593 0.0943089
5131 0.949187 0.505691
5134 0.936992 0.471545
5137 0.939837 0.483333
5140 0.939431 0.629675
5143 0.939837 0.143902
5146 0.940244 0.460976
5149 0.94187 0.373577
5152 0.941057 0.545122
5155 0.941463 0.684553
5158 0.941057 0.332114
5161 0.940244 0.569512
5164 0.939837 0.615041
5167 0.941463 0.453252
5170 0.94065 0.514228
5173 0.939837 0.385772
5176 0.941463 0.607724
5179 0.940244 0.553252
5182 0.94065 0.477236
5185 0.945122 0.547967
5188 0.945528 0.469919
5191 0.945528 0.423171
5194 0.947154 0.429268
5197 0.945528 0.497561
5200 0.943089 0.489837
5203 0.942683 0.408537
5206 0.942683 0.728049
5209 0.943496 0.519512
5212 0.941463 0.466667
5215 0.941057 0.56626
5218 0.944715 0.609756
5221 0.945528 0.390244
5224 0.944715 0.592683
5227 0.945122 0.37439
5230 0.945528 0.411789
5233 0.946341 0.585772
5236 0.946341 0.669512
5239 0.945528 0.446748
5242 0.945528 0.486992
5245 0.940244 0.560569
5248 0.940244 0.384553
5251 0.941057 0.647154
5254 0.941057 0.560976
5257 0.936585 0.0723577
5260 0.925203 0.128049
5263 0.915854 0.221138
5266 0.90813 0.275203
5269 0.920732 0.368293
5272 0.921545 0.404472
5275 0.917073 0.427642
5278 0.920325 0.441463
5281 0.919919 0.446748
5284 0.94187 0.353252
5287 0.914228 0.359756
5290 0.907317 0.465041
5293 0.89878 0.598781
5296 0.891057 0.63252
5299 0.894715 0.696341
5302 0.886179 0.739431
5305 0.874797 0.768699
5308 0.883333 0.66626
5311 0.891057 0.806911
5314 0.880894 0.67439
5317 0.881301 0.627236
5320 0.880488 0.571545
5323 0.889431 0.38252
5326 0.897967 0.453252
5329 0.903252 0.361789
5332 0.904472 0.260976
5335 0.901626 0.288211
5338 0.899593 0.278455
5341 0.897154 0.357724
5344 0.892683 0.315854
5347 0.89187 0.343902
5350 0.895528 0.424797
5353 0.886992 0.377236
5356 0.889024 0.456098
5359 0.884553 0.456911
5362 0.886585 0.496748
5365 0.876829 0.583333
5368 0.87561 0.567073
5371 0.864634 0.667886
5374 0.863008 0.59065
5377 0.862602 0.489431
5380 0.860569 0.563821
5383 0.871138 0.576016
5386 0.864228 0.432927
5389 0.86748 0.621138
5392 0.857724 0.465447
5395 0.85 0.531301
5398 0.852439 0.660569
5401 0.843496 0.571545
5404 0.843496 0.571545
5407 0.837805 0.302846
5410 0.837398 0.430488
5413 0.834959 0.377642
5416 0.834146 0.452033
5419 0.825203 0.34878
5422 0.81626 0.39878
5425 0.810163 0.334146
5428 0.816667 0.416667
5431 0.813821 0.44065
5434 0.800813 0.311382
5437 0.799187 0.465041
5440 0.787398 0.410163
5443 0.775203 0.321138
5446 0.762195 0.565041
5449 0.763415 0.440244
5452 0.781707 0.412602
5455 0.780081 0.621138
5458 0.779268 0.302033
5461 0.787805 0.393496
5464 0.788618 0.308943
5467 0.796341 0.39187
5470 0.807724 0.476423
5473 0.807317 0.350406
5476 0.802846 0.311382
5479 0.803659 0.28252
5482 0.795528 0.221951
5485 0.785772 0.179675
5488 0.779268 0.215447
5491 0.765447 0.210976
5494 0.763008 0.284959
5497 0.756911 0.245935
5500 0.753659 0.243496
5503 0.747967 0.250407
5506 0.747967 0.221951
5509 0.745528 0.215447
5512 0.743496 0.140244
5515 0.749187 0.227236
5518 0.749593 0.33374
5521 0.759756 0.354065
5524 0.759756 0.366667
5527 0.762602 0.218293
5530 0.762195 0.236179
5533 0.761789 0.154065
5536 0.757724 0.255285
5539 0.765854 0.136992
5542 0.760569 0.153252
5545 0.764228 0.188211
5548 0.762602 0.173984
5551 0.760163 0.172358
5554 0.755285 0.18252
5557 0.752846 0.193496
5560 0.753252 0.206911
5563 0.746748 0.194309
5566 0.742683 0.219919
5569 0.734959 0.204878
5572 0.733333 0.234553
5575 0.730081 0.243902
5578 0.730894 0.265447
5581 0.72439 0.246341
5584 0.726016 0.254878
5587 0.726016 0.273171
5590 0.736585 0.254878
5593 0.74065 0.297154
5596 0.753252 0.449593
5599 0.752846 0.313415
5602 0.754878 0.319919
5605 0.753252 0.296748
5608 0.752439 0.254472
5611 0.75 0.254878
5614 0.74878 0.248374
5617 0.747967 0.231707
5620 0.743902 0.331707
5623 0.74065 0.246748
5626 0.742276 0.220325
5629 0.74065 0.263415
5632 0.742276 0.273577
5635 0.741057 0.260569
5638 0.742683 0.281707
5641 0.743089 0.233333
5644 0.743089 0.404472
5647 0.757724 0.519512
5650 0.762195 0.305691
5653 0.764634 0.354878
5656 0.769512 0.247967
5659 0.770325 0.335772
5662 0.766667 0.361789
5665 0.765447 0.280894
5668 0.766667 0.389431
5671 0.772358 0.77439
5674 0.768699 0.378049
5677 0.765447 0.147154
5680 0.765854 0.229268
5683 0.76626 0.142276
5686 0.766667 0.331707
5689 0.764228 0.280081
5692 0.763415 0.279675
5695 0.766667 0.31626
5698 0.768699 0.710976
5701 0.768699 0.428049
5704 0.771545 0.496748
5707 0.777236 0.493496
5710 0.777642 0.276829
5713 0.78374 0.250813
5716 0.789431 0.559756
5719 0.789431 0.368699
5722 0.795528 0.517886
5725 0.797561 0.685366
5728 0.797967 0.336179
5731 0.797967 0.272358
5734 0.798374 0.554878
5737 0.797154 0.363415
