frame_number static_density dynamic_density
1 0.0700997 0.0987319
4 0.0700997 0.0987319
7 0.0700997 0.0987319
10 0.0700997 0.0987319
13 0.0700997 0.0987319
16 0.0700997 0.0987319
19 0.0700997 0.0987319
22 0.0700997 0.0987319
25 0.102824 0.147443
28 0.102824 0.147443
31 0.102824 0.147443
34 0.102824 0.147443
37 0.102824 0.147443
40 0.102824 0.147443
43 0.102824 0.147443
46 0.102824 0.147443
49 0.118208 0.12123
52 0.118208 0.12123
55 0.118208 0.12123
58 0.118208 0.12123
61 0.118208 0.12123
64 0.118208 0.12123
67 0.118208 0.12123
70 0.118208 0.12123
73 0.123385 0.0987278
76 0.123385 0.0987278
79 0.123385 0.0987278
82 0.123385 0.0987278
85 0.123385 0.0987278
88 0.123385 0.0987278
91 0.123385 0.0987278
94 0.123385 0.0987278
97 0.185532 0.0949072
100 0.185532 0.0949072
103 0.185532 0.0949072
106 0.185532 0.0949072
109 0.185532 0.0949072
112 0.185532 0.0949072
115 0.185532 0.0949072
118 0.185532 0.0949072
121 0.197354 0.182546
124 0.197354 0.182546
127 0.197354 0.182546
130 0.197354 0.182546
133 0.197354 0.182546
136 0.197354 0.182546
139 0.197354 0.182546
142 0.197354 0.182546
145 0.218276 0.221262
148 0.218276 0.221262
151 0.218276 0.221262
154 0.218276 0.221262
157 0.218276 0.221262
160 0.218276 0.221262
163 0.218276 0.221262
166 0.218276 0.221262
169 0.201155 0.157038
172 0.201155 0.157038
175 0.201155 0.157038
178 0.201155 0.157038
181 0.201155 0.157038
184 0.201155 0.157038
187 0.201155 0.157038
190 0.201155 0.157038
193 0.195782 0.116502
196 0.195782 0.116502
199 0.195782 0.116502
202 0.195782 0.116502
205 0.195782 0.116502
208 0.195782 0.116502
211 0.195782 0.116502
214 0.195782 0.116502
217 0.195705 0.0336034
220 0.195705 0.0336034
223 0.195705 0.0336034
226 0.195705 0.0336034
229 0.195705 0.0336034
232 0.195705 0.0336034
235 0.195705 0.0336034
238 0.195705 0.0336034
241 0.195713 0.0476987
244 0.195713 0.0476987
247 0.195713 0.0476987
250 0.195713 0.0476987
253 0.195713 0.0476987
256 0.195713 0.0476987
259 0.195713 0.0476987
262 0.195713 0.0476987
265 0.194595 0.0361681
268 0.194595 0.0361681
271 0.194595 0.0361681
274 0.194595 0.0361681
277 0.194595 0.0361681
280 0.194595 0.0361681
283 0.194595 0.0361681
286 0.194595 0.0361681
289 0.212548 0.031602
292 0.212548 0.031602
295 0.212548 0.031602
298 0.212548 0.031602
301 0.212548 0.031602
304 0.212548 0.031602
307 0.212548 0.031602
310 0.212548 0.031602
313 0.196512 0.0697188
316 0.196512 0.0697188
319 0.196512 0.0697188
322 0.196512 0.0697188
325 0.196512 0.0697188
328 0.196512 0.0697188
331 0.196512 0.0697188
334 0.196512 0.0697188
337 0.196115 0.0570132
340 0.196115 0.0570132
343 0.196115 0.0570132
346 0.196115 0.0570132
349 0.196115 0.0570132
352 0.196115 0.0570132
355 0.196115 0.0570132
358 0.196115 0.0570132
361 0.200912 0.0251722
364 0.200912 0.0251722
367 0.200912 0.0251722
370 0.200912 0.0251722
373 0.200912 0.0251722
376 0.200912 0.0251722
379 0.200912 0.0251722
382 0.200912 0.0251722
385 0.201037 0.0370715
388 0.201037 0.0370715
391 0.201037 0.0370715
394 0.201037 0.0370715
397 0.201037 0.0370715
400 0.201037 0.0370715
403 0.201037 0.0370715
406 0.201037 0.0370715
409 0.231553 0.0694555
412 0.231553 0.0694555
415 0.231553 0.0694555
418 0.231553 0.0694555
421 0.231553 0.0694555
424 0.231553 0.0694555
427 0.231553 0.0694555
430 0.231553 0.0694555
433 0.316769 0.206523
436 0.316769 0.206523
439 0.316769 0.206523
442 0.316769 0.206523
445 0.316769 0.206523
448 0.316769 0.206523
451 0.316769 0.206523
454 0.316769 0.206523
457 0.361652 0.261417
460 0.361652 0.261417
463 0.361652 0.261417
466 0.361652 0.261417
469 0.361652 0.261417
472 0.361652 0.261417
475 0.361652 0.261417
478 0.361652 0.261417
481 0.369168 0.205964
484 0.369168 0.205964
487 0.369168 0.205964
490 0.369168 0.205964
493 0.369168 0.205964
496 0.369168 0.205964
499 0.369168 0.205964
502 0.369168 0.205964
505 0.392865 0.276238
508 0.392865 0.276238
511 0.392865 0.276238
514 0.392865 0.276238
517 0.392865 0.276238
520 0.392865 0.276238
523 0.392865 0.276238
526 0.392865 0.276238
529 0.466449 0.119881
532 0.466449 0.119881
535 0.466449 0.119881
538 0.466449 0.119881
541 0.466449 0.119881
544 0.466449 0.119881
547 0.466449 0.119881
550 0.466449 0.119881
553 0.474577 0.13362
556 0.474577 0.13362
559 0.474577 0.13362
562 0.474577 0.13362
565 0.474577 0.13362
568 0.474577 0.13362
571 0.474577 0.13362
574 0.474577 0.13362
577 0.473693 0.220258
580 0.473693 0.220258
583 0.473693 0.220258
586 0.473693 0.220258
589 0.473693 0.220258
592 0.473693 0.220258
595 0.473693 0.220258
598 0.473693 0.220258
601 0.544166 0.0713232
604 0.544166 0.0713232
607 0.544166 0.0713232
610 0.544166 0.0713232
613 0.544166 0.0713232
616 0.544166 0.0713232
619 0.544166 0.0713232
622 0.544166 0.0713232
625 0.610299 0.113719
628 0.610299 0.113719
631 0.610299 0.113719
634 0.610299 0.113719
637 0.610299 0.113719
640 0.610299 0.113719
643 0.610299 0.113719
646 0.610299 0.113719
649 0.619229 0.156709
652 0.619229 0.156709
655 0.619229 0.156709
658 0.619229 0.156709
661 0.619229 0.156709
664 0.619229 0.156709
667 0.619229 0.156709
670 0.619229 0.156709
673 0.625812 0.101228
676 0.625812 0.101228
679 0.625812 0.101228
682 0.625812 0.101228
685 0.625812 0.101228
688 0.625812 0.101228
691 0.625812 0.101228
694 0.625812 0.101228
697 0.633454 0.0928247
700 0.633454 0.0928247
703 0.633454 0.0928247
706 0.633454 0.0928247
709 0.633454 0.0928247
712 0.633454 0.0928247
715 0.633454 0.0928247
718 0.633454 0.0928247
721 0.642711 0.121578
724 0.642711 0.121578
727 0.642711 0.121578
730 0.642711 0.121578
733 0.642711 0.121578
736 0.642711 0.121578
739 0.642711 0.121578
742 0.642711 0.121578
745 0.650802 0.0791873
748 0.650802 0.0791873
751 0.650802 0.0791873
754 0.650802 0.0791873
757 0.650802 0.0791873
760 0.650802 0.0791873
763 0.650802 0.0791873
766 0.650802 0.0791873
769 0.656632 0.0335427
772 0.656632 0.0335427
775 0.656632 0.0335427
778 0.656632 0.0335427
781 0.656632 0.0335427
784 0.656632 0.0335427
787 0.656632 0.0335427
790 0.656632 0.0335427
793 0.6616 0.0349364
796 0.6616 0.0349364
799 0.6616 0.0349364
802 0.6616 0.0349364
805 0.6616 0.0349364
808 0.6616 0.0349364
811 0.6616 0.0349364
814 0.6616 0.0349364
817 0.669302 0.0453367
820 0.669302 0.0453367
823 0.669302 0.0453367
826 0.669302 0.0453367
829 0.669302 0.0453367
832 0.669302 0.0453367
835 0.669302 0.0453367
838 0.669302 0.0453367
841 0.763317 0.032234
844 0.763317 0.032234
847 0.763317 0.032234
850 0.763317 0.032234
853 0.763317 0.032234
856 0.763317 0.032234
859 0.763317 0.032234
862 0.763317 0.032234
865 0.774386 0.0384612
868 0.774386 0.0384612
871 0.774386 0.0384612
874 0.774386 0.0384612
877 0.774386 0.0384612
880 0.774386 0.0384612
883 0.774386 0.0384612
886 0.774386 0.0384612
889 0.779333 0.0464914
892 0.779333 0.0464914
895 0.779333 0.0464914
898 0.779333 0.0464914
901 0.779333 0.0464914
904 0.779333 0.0464914
907 0.779333 0.0464914
910 0.779333 0.0464914
913 0.768102 0.0199457
916 0.768102 0.0199457
919 0.768102 0.0199457
922 0.768102 0.0199457
925 0.768102 0.0199457
928 0.768102 0.0199457
931 0.768102 0.0199457
934 0.768102 0.0199457
937 0.771797 0.0346244
940 0.771797 0.0346244
943 0.771797 0.0346244
946 0.771797 0.0346244
949 0.771797 0.0346244
952 0.771797 0.0346244
955 0.771797 0.0346244
958 0.771797 0.0346244
961 0.776132 0.0421643
964 0.776132 0.0421643
967 0.776132 0.0421643
970 0.776132 0.0421643
973 0.776132 0.0421643
976 0.776132 0.0421643
979 0.776132 0.0421643
982 0.776132 0.0421643
985 0.756045 0.041666
988 0.756045 0.041666
991 0.756045 0.041666
994 0.756045 0.041666
997 0.756045 0.041666
1000 0.756045 0.041666
1003 0.756045 0.041666
1006 0.756045 0.041666
1009 0.759805 0.0428652
1012 0.759805 0.0428652
1015 0.759805 0.0428652
1018 0.759805 0.0428652
1021 0.759805 0.0428652
1024 0.759805 0.0428652
1027 0.759805 0.0428652
1030 0.759805 0.0428652
1033 0.752354 0.0344826
1036 0.752354 0.0344826
1039 0.752354 0.0344826
1042 0.752354 0.0344826
1045 0.752354 0.0344826
1048 0.752354 0.0344826
1051 0.752354 0.0344826
1054 0.752354 0.0344826
1057 0.757921 0.0399238
1060 0.757921 0.0399238
1063 0.757921 0.0399238
1066 0.757921 0.0399238
1069 0.757921 0.0399238
1072 0.757921 0.0399238
1075 0.757921 0.0399238
1078 0.757921 0.0399238
1081 0.752212 0.0467223
1084 0.752212 0.0467223
1087 0.752212 0.0467223
1090 0.752212 0.0467223
1093 0.752212 0.0467223
1096 0.752212 0.0467223
1099 0.752212 0.0467223
1102 0.752212 0.0467223
1105 0.756138 0.0444048
1108 0.756138 0.0444048
1111 0.756138 0.0444048
1114 0.756138 0.0444048
1117 0.756138 0.0444048
1120 0.756138 0.0444048
1123 0.756138 0.0444048
1126 0.756138 0.0444048
1129 0.756069 0.0330079
1132 0.756069 0.0330079
1135 0.756069 0.0330079
1138 0.756069 0.0330079
1141 0.756069 0.0330079
1144 0.756069 0.0330079
1147 0.756069 0.0330079
1150 0.756069 0.0330079
1153 0.758095 0.0367555
1156 0.758095 0.0367555
1159 0.758095 0.0367555
1162 0.758095 0.0367555
1165 0.758095 0.0367555
1168 0.758095 0.0367555
1171 0.758095 0.0367555
1174 0.758095 0.0367555
1177 0.754116 0.0458269
1180 0.754116 0.0458269
1183 0.754116 0.0458269
1186 0.754116 0.0458269
1189 0.754116 0.0458269
1192 0.754116 0.0458269
1195 0.754116 0.0458269
1198 0.754116 0.0458269
1201 0.76935 0.043315
1204 0.76935 0.043315
1207 0.76935 0.043315
1210 0.76935 0.043315
1213 0.76935 0.043315
1216 0.76935 0.043315
1219 0.76935 0.043315
1222 0.76935 0.043315
1225 0.767649 0.0440645
1228 0.767649 0.0440645
1231 0.767649 0.0440645
1234 0.767649 0.0440645
1237 0.767649 0.0440645
1240 0.767649 0.0440645
1243 0.767649 0.0440645
1246 0.767649 0.0440645
1249 0.761397 0.0311685
1252 0.761397 0.0311685
1255 0.761397 0.0311685
1258 0.761397 0.0311685
1261 0.761397 0.0311685
1264 0.761397 0.0311685
1267 0.761397 0.0311685
1270 0.761397 0.0311685
1273 0.751815 0.0355198
1276 0.751815 0.0355198
1279 0.751815 0.0355198
1282 0.751815 0.0355198
1285 0.751815 0.0355198
1288 0.751815 0.0355198
1291 0.751815 0.0355198
1294 0.751815 0.0355198
1297 0.752131 0.0441658
1300 0.752131 0.0441658
1303 0.752131 0.0441658
1306 0.752131 0.0441658
1309 0.752131 0.0441658
1312 0.752131 0.0441658
1315 0.752131 0.0441658
1318 0.752131 0.0441658
1321 0.73272 0.0403492
1324 0.73272 0.0403492
1327 0.73272 0.0403492
1330 0.73272 0.0403492
1333 0.73272 0.0403492
1336 0.73272 0.0403492
1339 0.73272 0.0403492
1342 0.73272 0.0403492
1345 0.727611 0.0461389
1348 0.727611 0.0461389
1351 0.727611 0.0461389
1354 0.727611 0.0461389
1357 0.727611 0.0461389
1360 0.727611 0.0461389
1363 0.727611 0.0461389
1366 0.727611 0.0461389
1369 0.731375 0.0466413
1372 0.731375 0.0466413
1375 0.731375 0.0466413
1378 0.731375 0.0466413
1381 0.731375 0.0466413
1384 0.731375 0.0466413
1387 0.731375 0.0466413
1390 0.731375 0.0466413
1393 0.732445 0.0336764
1396 0.732445 0.0336764
1399 0.732445 0.0336764
1402 0.732445 0.0336764
1405 0.732445 0.0336764
1408 0.732445 0.0336764
1411 0.732445 0.0336764
1414 0.732445 0.0336764
1417 0.754801 0.0235637
1420 0.754801 0.0235637
1423 0.754801 0.0235637
1426 0.754801 0.0235637
1429 0.754801 0.0235637
1432 0.754801 0.0235637
1435 0.754801 0.0235637
1438 0.754801 0.0235637
1441 0.760242 0.282453
1444 0.760242 0.282453
1447 0.760242 0.282453
1450 0.760242 0.282453
1453 0.760242 0.282453
1456 0.760242 0.282453
1459 0.760242 0.282453
1462 0.760242 0.282453
1465 0.79359 0.260834
1468 0.79359 0.260834
1471 0.79359 0.260834
1474 0.79359 0.260834
1477 0.79359 0.260834
1480 0.79359 0.260834
1483 0.79359 0.260834
1486 0.79359 0.260834
1489 0.828264 0.624111
1492 0.828264 0.624111
1495 0.828264 0.624111
1498 0.828264 0.624111
1501 0.828264 0.624111
1504 0.828264 0.624111
1507 0.828264 0.624111
1510 0.828264 0.624111
1513 0.849072 0.730938
1516 0.849072 0.730938
1519 0.849072 0.730938
1522 0.849072 0.730938
1525 0.849072 0.730938
1528 0.849072 0.730938
1531 0.849072 0.730938
1534 0.849072 0.730938
1537 0.807333 0.539527
1540 0.807333 0.539527
1543 0.807333 0.539527
1546 0.807333 0.539527
1549 0.807333 0.539527
1552 0.807333 0.539527
1555 0.807333 0.539527
1558 0.807333 0.539527
1561 0.752123 0.564671
1564 0.752123 0.564671
1567 0.752123 0.564671
1570 0.752123 0.564671
1573 0.752123 0.564671
1576 0.752123 0.564671
1579 0.752123 0.564671
1582 0.752123 0.564671
1585 0.770987 0.714525
1588 0.770987 0.714525
1591 0.770987 0.714525
1594 0.770987 0.714525
1597 0.770987 0.714525
1600 0.770987 0.714525
1603 0.770987 0.714525
1606 0.770987 0.714525
1609 0.752431 0.739502
1612 0.752431 0.739502
1615 0.752431 0.739502
1618 0.752431 0.739502
1621 0.752431 0.739502
1624 0.752431 0.739502
1627 0.752431 0.739502
1630 0.752431 0.739502
1633 0.725107 0.732979
1636 0.725107 0.732979
1639 0.725107 0.732979
1642 0.725107 0.732979
1645 0.725107 0.732979
1648 0.725107 0.732979
1651 0.725107 0.732979
1654 0.725107 0.732979
1657 0.716397 0.683101
1660 0.716397 0.683101
1663 0.716397 0.683101
1666 0.716397 0.683101
1669 0.716397 0.683101
1672 0.716397 0.683101
1675 0.716397 0.683101
1678 0.716397 0.683101
1681 0.724483 0.668013
1684 0.724483 0.668013
1687 0.724483 0.668013
1690 0.724483 0.668013
1693 0.724483 0.668013
1696 0.724483 0.668013
1699 0.724483 0.668013
1702 0.724483 0.668013
1705 0.723633 0.651625
1708 0.723633 0.651625
1711 0.723633 0.651625
1714 0.723633 0.651625
1717 0.723633 0.651625
1720 0.723633 0.651625
1723 0.723633 0.651625
1726 0.723633 0.651625
1729 0.646066 0.575857
1732 0.646066 0.575857
1735 0.646066 0.575857
1738 0.646066 0.575857
1741 0.646066 0.575857
1744 0.646066 0.575857
1747 0.646066 0.575857
1750 0.646066 0.575857
1753 0.383344 0.543485
1756 0.383344 0.543485
1759 0.383344 0.543485
1762 0.383344 0.543485
1765 0.383344 0.543485
1768 0.383344 0.543485
1771 0.383344 0.543485
1774 0.383344 0.543485
1777 0.38238 0.46068
1780 0.38238 0.46068
1783 0.38238 0.46068
1786 0.38238 0.46068
1789 0.38238 0.46068
1792 0.38238 0.46068
1795 0.38238 0.46068
1798 0.38238 0.46068
1801 0.323138 0.559602
1804 0.323138 0.559602
1807 0.323138 0.559602
1810 0.323138 0.559602
1813 0.323138 0.559602
1816 0.323138 0.559602
1819 0.323138 0.559602
1822 0.323138 0.559602
1825 0.279422 0.443428
1828 0.279422 0.443428
1831 0.279422 0.443428
1834 0.279422 0.443428
1837 0.279422 0.443428
1840 0.279422 0.443428
1843 0.279422 0.443428
1846 0.279422 0.443428
1849 0.194162 0.418823
1852 0.194162 0.418823
1855 0.194162 0.418823
1858 0.194162 0.418823
1861 0.194162 0.418823
1864 0.194162 0.418823
1867 0.194162 0.418823
1870 0.194162 0.418823
1873 0.170801 0.317567
1876 0.170801 0.317567
1879 0.170801 0.317567
1882 0.170801 0.317567
1885 0.170801 0.317567
1888 0.170801 0.317567
1891 0.170801 0.317567
1894 0.170801 0.317567
1897 0.290074 0.413686
1900 0.290074 0.413686
1903 0.290074 0.413686
1906 0.290074 0.413686
1909 0.290074 0.413686
1912 0.290074 0.413686
1915 0.290074 0.413686
1918 0.290074 0.413686
1921 0.35767 0.487189
1924 0.35767 0.487189
1927 0.35767 0.487189
1930 0.35767 0.487189
1933 0.35767 0.487189
1936 0.35767 0.487189
1939 0.35767 0.487189
1942 0.35767 0.487189
1945 0.243258 0.317187
1948 0.243258 0.317187
1951 0.243258 0.317187
1954 0.243258 0.317187
1957 0.243258 0.317187
1960 0.243258 0.317187
1963 0.243258 0.317187
1966 0.243258 0.317187
1969 0.0443603 0.214918
1972 0.0443603 0.214918
1975 0.0443603 0.214918
1978 0.0443603 0.214918
1981 0.0443603 0.214918
1984 0.0443603 0.214918
1987 0.0443603 0.214918
1990 0.0443603 0.214918
1993 0.00641763 0.0489952
1996 0.00641763 0.0489952
1999 0.00641763 0.0489952
2002 0.00641763 0.0489952
2005 0.00641763 0.0489952
2008 0.00641763 0.0489952
2011 0.00641763 0.0489952
2014 0.00641763 0.0489952
2017 0.222575 0.112151
2020 0.222575 0.112151
2023 0.222575 0.112151
2026 0.222575 0.112151
2029 0.222575 0.112151
2032 0.222575 0.112151
2035 0.222575 0.112151
2038 0.222575 0.112151
2041 0.279556 0.195596
2044 0.279556 0.195596
2047 0.279556 0.195596
2050 0.279556 0.195596
2053 0.279556 0.195596
2056 0.279556 0.195596
2059 0.279556 0.195596
2062 0.279556 0.195596
2065 0.0804513 0.274552
2068 0.0804513 0.274552
2071 0.0804513 0.274552
2074 0.0804513 0.274552
2077 0.0804513 0.274552
2080 0.0804513 0.274552
2083 0.0804513 0.274552
2086 0.0804513 0.274552
2089 0.0110445 0.0950936
2092 0.0110445 0.0950936
2095 0.0110445 0.0950936
2098 0.0110445 0.0950936
2101 0.0110445 0.0950936
2104 0.0110445 0.0950936
2107 0.0110445 0.0950936
2110 0.0110445 0.0950936
2113 0.128847 0.11369
2116 0.128847 0.11369
2119 0.128847 0.11369
2122 0.128847 0.11369
2125 0.128847 0.11369
2128 0.128847 0.11369
2131 0.128847 0.11369
2134 0.128847 0.11369
2137 0.34154 0.265967
2140 0.34154 0.265967
2143 0.34154 0.265967
2146 0.34154 0.265967
2149 0.34154 0.265967
2152 0.34154 0.265967
2155 0.34154 0.265967
2158 0.34154 0.265967
2161 0.287355 0.254368
2164 0.287355 0.254368
2167 0.287355 0.254368
2170 0.287355 0.254368
2173 0.287355 0.254368
2176 0.287355 0.254368
2179 0.287355 0.254368
2182 0.287355 0.254368
2185 0.118358 0.287987
2188 0.118358 0.287987
2191 0.118358 0.287987
2194 0.118358 0.287987
2197 0.118358 0.287987
2200 0.118358 0.287987
2203 0.118358 0.287987
2206 0.118358 0.287987
2209 0.00872296 0.0241958
2212 0.00872296 0.0241958
2215 0.00872296 0.0241958
2218 0.00872296 0.0241958
2221 0.00872296 0.0241958
2224 0.00872296 0.0241958
2227 0.00872296 0.0241958
2230 0.00872296 0.0241958
2233 0.00192853 0.019103
2236 0.00192853 0.019103
2239 0.00192853 0.019103
2242 0.00192853 0.019103
2245 0.00192853 0.019103
2248 0.00192853 0.019103
2251 0.00192853 0.019103
2254 0.00192853 0.019103
2257 0.00292521 0.00794911
2260 0.00292521 0.00794911
2263 0.00292521 0.00794911
2266 0.00292521 0.00794911
2269 0.00292521 0.00794911
2272 0.00292521 0.00794911
2275 0.00292521 0.00794911
2278 0.00292521 0.00794911
2281 0.0752289 0.113054
2284 0.0752289 0.113054
2287 0.0752289 0.113054
2290 0.0752289 0.113054
2293 0.0752289 0.113054
2296 0.0752289 0.113054
2299 0.0752289 0.113054
2302 0.0752289 0.113054
2305 0.104769 0.177352
2308 0.104769 0.177352
2311 0.104769 0.177352
2314 0.104769 0.177352
2317 0.104769 0.177352
2320 0.104769 0.177352
2323 0.104769 0.177352
2326 0.104769 0.177352
2329 0.0462685 0.199149
2332 0.0462685 0.199149
2335 0.0462685 0.199149
2338 0.0462685 0.199149
2341 0.0462685 0.199149
2344 0.0462685 0.199149
2347 0.0462685 0.199149
2350 0.0462685 0.199149
2353 0.0136496 0.073981
2356 0.0136496 0.073981
2359 0.0136496 0.073981
2362 0.0136496 0.073981
2365 0.0136496 0.073981
2368 0.0136496 0.073981
2371 0.0136496 0.073981
2374 0.0136496 0.073981
2377 0.0140305 0.0706426
2380 0.0140305 0.0706426
2383 0.0140305 0.0706426
2386 0.0140305 0.0706426
2389 0.0140305 0.0706426
2392 0.0140305 0.0706426
2395 0.0140305 0.0706426
2398 0.0140305 0.0706426
2401 0.0686614 0.131728
2404 0.0686614 0.131728
2407 0.0686614 0.131728
2410 0.0686614 0.131728
2413 0.0686614 0.131728
2416 0.0686614 0.131728
2419 0.0686614 0.131728
2422 0.0686614 0.131728
2425 0.0215137 0.146398
2428 0.0215137 0.146398
2431 0.0215137 0.146398
2434 0.0215137 0.146398
2437 0.0215137 0.146398
2440 0.0215137 0.146398
2443 0.0215137 0.146398
2446 0.0215137 0.146398
2449 0.0488453 0.0605543
2452 0.0488453 0.0605543
2455 0.0488453 0.0605543
2458 0.0488453 0.0605543
2461 0.0488453 0.0605543
2464 0.0488453 0.0605543
2467 0.0488453 0.0605543
2470 0.0488453 0.0605543
2473 0.0160157 0.0791062
2476 0.0160157 0.0791062
2479 0.0160157 0.0791062
2482 0.0160157 0.0791062
2485 0.0160157 0.0791062
2488 0.0160157 0.0791062
2491 0.0160157 0.0791062
2494 0.0160157 0.0791062
2497 0.0151446 0.0698404
2500 0.0151446 0.0698404
2503 0.0151446 0.0698404
2506 0.0151446 0.0698404
2509 0.0151446 0.0698404
2512 0.0151446 0.0698404
2515 0.0151446 0.0698404
2518 0.0151446 0.0698404
2521 0.0587635 0.119119
2524 0.0587635 0.119119
2527 0.0587635 0.119119
2530 0.0587635 0.119119
2533 0.0587635 0.119119
2536 0.0587635 0.119119
2539 0.0587635 0.119119
2542 0.0587635 0.119119
2545 0.0857021 0.194158
2548 0.0857021 0.194158
2551 0.0857021 0.194158
2554 0.0857021 0.194158
2557 0.0857021 0.194158
2560 0.0857021 0.194158
2563 0.0857021 0.194158
2566 0.0857021 0.194158
2569 0.00155984 0.121639
2572 0.00155984 0.121639
2575 0.00155984 0.121639
2578 0.00155984 0.121639
2581 0.00155984 0.121639
2584 0.00155984 0.121639
2587 0.00155984 0.121639
2590 0.00155984 0.121639
2593 0.000615833 0.00602058
2596 0.000615833 0.00602058
2599 0.000615833 0.00602058
2602 0.000615833 0.00602058
2605 0.000615833 0.00602058
2608 0.000615833 0.00602058
2611 0.000615833 0.00602058
2614 0.000615833 0.00602058
2617 0.000709019 0.122437
2620 0.000709019 0.122437
2623 0.000709019 0.122437
2626 0.000709019 0.122437
2629 0.000709019 0.122437
2632 0.000709019 0.122437
2635 0.000709019 0.122437
2638 0.000709019 0.122437
2641 0.0710275 0.0726197
2644 0.0710275 0.0726197
2647 0.0710275 0.0726197
2650 0.0710275 0.0726197
2653 0.0710275 0.0726197
2656 0.0710275 0.0726197
2659 0.0710275 0.0726197
2662 0.0710275 0.0726197
2665 0.169508 0.224682
2668 0.169508 0.224682
2671 0.169508 0.224682
2674 0.169508 0.224682
2677 0.169508 0.224682
2680 0.169508 0.224682
2683 0.169508 0.224682
2686 0.169508 0.224682
2689 0.119447 0.291946
2692 0.119447 0.291946
2695 0.119447 0.291946
2698 0.119447 0.291946
2701 0.119447 0.291946
2704 0.119447 0.291946
2707 0.119447 0.291946
2710 0.119447 0.291946
2713 0.0432096 0.203395
2716 0.0432096 0.203395
2719 0.0432096 0.203395
2722 0.0432096 0.203395
2725 0.0432096 0.203395
2728 0.0432096 0.203395
2731 0.0432096 0.203395
2734 0.0432096 0.203395
2737 0.0808443 0.108812
2740 0.0808443 0.108812
2743 0.0808443 0.108812
2746 0.0808443 0.108812
2749 0.0808443 0.108812
2752 0.0808443 0.108812
2755 0.0808443 0.108812
2758 0.0808443 0.108812
2761 0.102281 0.178612
2764 0.102281 0.178612
2767 0.102281 0.178612
2770 0.102281 0.178612
2773 0.102281 0.178612
2776 0.102281 0.178612
2779 0.102281 0.178612
2782 0.102281 0.178612
2785 0.116907 0.169099
2788 0.116907 0.169099
2791 0.116907 0.169099
2794 0.116907 0.169099
2797 0.116907 0.169099
2800 0.116907 0.169099
2803 0.116907 0.169099
2806 0.116907 0.169099
2809 0.12247 0.19406
2812 0.12247 0.19406
2815 0.12247 0.19406
2818 0.12247 0.19406
2821 0.12247 0.19406
2824 0.12247 0.19406
2827 0.12247 0.19406
2830 0.12247 0.19406
2833 0.123973 0.0585812
2836 0.123973 0.0585812
2839 0.123973 0.0585812
2842 0.123973 0.0585812
2845 0.123973 0.0585812
2848 0.123973 0.0585812
2851 0.123973 0.0585812
2854 0.123973 0.0585812
2857 0.132578 0.0520663
2860 0.132578 0.0520663
2863 0.132578 0.0520663
2866 0.132578 0.0520663
2869 0.132578 0.0520663
2872 0.132578 0.0520663
2875 0.132578 0.0520663
2878 0.132578 0.0520663
2881 0.13016 0.0614902
2884 0.13016 0.0614902
2887 0.13016 0.0614902
2890 0.13016 0.0614902
2893 0.13016 0.0614902
2896 0.13016 0.0614902
2899 0.13016 0.0614902
2902 0.13016 0.0614902
2905 0.136346 0.0830281
2908 0.136346 0.0830281
2911 0.136346 0.0830281
2914 0.136346 0.0830281
2917 0.136346 0.0830281
2920 0.136346 0.0830281
2923 0.136346 0.0830281
2926 0.136346 0.0830281
2929 0.137963 0.0863504
2932 0.137963 0.0863504
2935 0.137963 0.0863504
2938 0.137963 0.0863504
2941 0.137963 0.0863504
2944 0.137963 0.0863504
2947 0.137963 0.0863504
2950 0.137963 0.0863504
2953 0.198594 0.094656
2956 0.198594 0.094656
2959 0.198594 0.094656
2962 0.198594 0.094656
2965 0.198594 0.094656
2968 0.198594 0.094656
2971 0.198594 0.094656
2974 0.198594 0.094656
2977 0.329917 0.132801
2980 0.329917 0.132801
2983 0.329917 0.132801
2986 0.329917 0.132801
2989 0.329917 0.132801
2992 0.329917 0.132801
2995 0.329917 0.132801
2998 0.329917 0.132801
3001 0.466737 0.221271
3004 0.466737 0.221271
3007 0.466737 0.221271
3010 0.466737 0.221271
3013 0.466737 0.221271
3016 0.466737 0.221271
3019 0.466737 0.221271
3022 0.466737 0.221271
3025 0.639956 0.273576
3028 0.639956 0.273576
3031 0.639956 0.273576
3034 0.639956 0.273576
3037 0.639956 0.273576
3040 0.639956 0.273576
3043 0.639956 0.273576
3046 0.639956 0.273576
3049 0.648979 0.457495
3052 0.648979 0.457495
3055 0.648979 0.457495
3058 0.648979 0.457495
3061 0.648979 0.457495
3064 0.648979 0.457495
3067 0.648979 0.457495
3070 0.648979 0.457495
3073 0.661928 0.190706
3076 0.661928 0.190706
3079 0.661928 0.190706
3082 0.661928 0.190706
3085 0.661928 0.190706
3088 0.661928 0.190706
3091 0.661928 0.190706
3094 0.661928 0.190706
3097 0.673321 0.268037
3100 0.673321 0.268037
3103 0.673321 0.268037
3106 0.673321 0.268037
3109 0.673321 0.268037
3112 0.673321 0.268037
3115 0.673321 0.268037
3118 0.673321 0.268037
3121 0.655692 0.176319
3124 0.655692 0.176319
3127 0.655692 0.176319
3130 0.655692 0.176319
3133 0.655692 0.176319
3136 0.655692 0.176319
3139 0.655692 0.176319
3142 0.655692 0.176319
3145 0.666907 0.155543
3148 0.666907 0.155543
3151 0.666907 0.155543
3154 0.666907 0.155543
3157 0.666907 0.155543
3160 0.666907 0.155543
3163 0.666907 0.155543
3166 0.666907 0.155543
3169 0.658054 0.0856819
3172 0.658054 0.0856819
3175 0.658054 0.0856819
3178 0.658054 0.0856819
3181 0.658054 0.0856819
3184 0.658054 0.0856819
3187 0.658054 0.0856819
3190 0.658054 0.0856819
3193 0.666303 0.102467
3196 0.666303 0.102467
3199 0.666303 0.102467
3202 0.666303 0.102467
3205 0.666303 0.102467
3208 0.666303 0.102467
3211 0.666303 0.102467
3214 0.666303 0.102467
3217 0.661186 0.105814
3220 0.661186 0.105814
3223 0.661186 0.105814
3226 0.661186 0.105814
3229 0.661186 0.105814
3232 0.661186 0.105814
3235 0.661186 0.105814
3238 0.661186 0.105814
3241 0.653602 0.060295
3244 0.653602 0.060295
3247 0.653602 0.060295
3250 0.653602 0.060295
3253 0.653602 0.060295
3256 0.653602 0.060295
3259 0.653602 0.060295
3262 0.653602 0.060295
3265 0.652528 0.0288105
3268 0.652528 0.0288105
3271 0.652528 0.0288105
3274 0.652528 0.0288105
3277 0.652528 0.0288105
3280 0.652528 0.0288105
3283 0.652528 0.0288105
3286 0.652528 0.0288105
3289 0.673941 0.0296086
3292 0.673941 0.0296086
3295 0.673941 0.0296086
3298 0.673941 0.0296086
3301 0.673941 0.0296086
3304 0.673941 0.0296086
3307 0.673941 0.0296086
3310 0.673941 0.0296086
3313 0.668455 0.058573
3316 0.668455 0.058573
3319 0.668455 0.058573
3322 0.668455 0.058573
3325 0.668455 0.058573
3328 0.668455 0.058573
3331 0.668455 0.058573
3334 0.668455 0.058573
3337 0.650434 0.0565311
3340 0.650434 0.0565311
3343 0.650434 0.0565311
3346 0.650434 0.0565311
3349 0.650434 0.0565311
3352 0.650434 0.0565311
3355 0.650434 0.0565311
3358 0.650434 0.0565311
3361 0.654489 0.0610364
3364 0.654489 0.0610364
3367 0.654489 0.0610364
3370 0.654489 0.0610364
3373 0.654489 0.0610364
3376 0.654489 0.0610364
3379 0.654489 0.0610364
3382 0.654489 0.0610364
3385 0.650685 0.0304311
3388 0.650685 0.0304311
3391 0.650685 0.0304311
3394 0.650685 0.0304311
3397 0.650685 0.0304311
3400 0.650685 0.0304311
3403 0.650685 0.0304311
3406 0.650685 0.0304311
3409 0.6563 0.0406774
3412 0.6563 0.0406774
3415 0.6563 0.0406774
3418 0.6563 0.0406774
3421 0.6563 0.0406774
3424 0.6563 0.0406774
3427 0.6563 0.0406774
3430 0.6563 0.0406774
3433 0.651333 0.0160036
3436 0.651333 0.0160036
3439 0.651333 0.0160036
3442 0.651333 0.0160036
3445 0.651333 0.0160036
3448 0.651333 0.0160036
3451 0.651333 0.0160036
3454 0.651333 0.0160036
3457 0.710595 0.0578276
3460 0.710595 0.0578276
3463 0.710595 0.0578276
3466 0.710595 0.0578276
3469 0.710595 0.0578276
3472 0.710595 0.0578276
3475 0.710595 0.0578276
3478 0.710595 0.0578276
3481 0.709197 0.0312657
3484 0.709197 0.0312657
3487 0.709197 0.0312657
3490 0.709197 0.0312657
3493 0.709197 0.0312657
3496 0.709197 0.0312657
3499 0.709197 0.0312657
3502 0.709197 0.0312657
3505 0.717608 0.0282068
3508 0.717608 0.0282068
3511 0.717608 0.0282068
3514 0.717608 0.0282068
3517 0.717608 0.0282068
3520 0.717608 0.0282068
3523 0.717608 0.0282068
3526 0.717608 0.0282068
3529 0.725051 0.041508
3532 0.725051 0.041508
3535 0.725051 0.041508
3538 0.725051 0.041508
3541 0.725051 0.041508
3544 0.725051 0.041508
3547 0.725051 0.041508
3550 0.725051 0.041508
3553 0.716222 0.0620655
3556 0.716222 0.0620655
3559 0.716222 0.0620655
3562 0.716222 0.0620655
3565 0.716222 0.0620655
3568 0.716222 0.0620655
3571 0.716222 0.0620655
3574 0.716222 0.0620655
3577 0.71147 0.0352241
3580 0.71147 0.0352241
3583 0.71147 0.0352241
3586 0.71147 0.0352241
3589 0.71147 0.0352241
3592 0.71147 0.0352241
3595 0.71147 0.0352241
3598 0.71147 0.0352241
3601 0.7072 0.0484523
3604 0.7072 0.0484523
3607 0.7072 0.0484523
3610 0.7072 0.0484523
3613 0.7072 0.0484523
3616 0.7072 0.0484523
3619 0.7072 0.0484523
3622 0.7072 0.0484523
3625 0.704364 0.0560408
3628 0.704364 0.0560408
3631 0.704364 0.0560408
3634 0.704364 0.0560408
3637 0.704364 0.0560408
3640 0.704364 0.0560408
3643 0.704364 0.0560408
3646 0.704364 0.0560408
3649 0.713593 0.066587
3652 0.713593 0.066587
3655 0.713593 0.066587
3658 0.713593 0.066587
3661 0.713593 0.066587
3664 0.713593 0.066587
3667 0.713593 0.066587
3670 0.713593 0.066587
3673 0.715444 0.0581922
3676 0.715444 0.0581922
3679 0.715444 0.0581922
3682 0.715444 0.0581922
3685 0.715444 0.0581922
3688 0.715444 0.0581922
3691 0.715444 0.0581922
3694 0.715444 0.0581922
3697 0.708654 0.0208938
3700 0.708654 0.0208938
3703 0.708654 0.0208938
3706 0.708654 0.0208938
3709 0.708654 0.0208938
3712 0.708654 0.0208938
3715 0.708654 0.0208938
3718 0.708654 0.0208938
3721 0.694056 0.0815736
3724 0.694056 0.0815736
3727 0.694056 0.0815736
3730 0.694056 0.0815736
3733 0.694056 0.0815736
3736 0.694056 0.0815736
3739 0.694056 0.0815736
3742 0.694056 0.0815736
3745 0.684365 0.0645936
3748 0.684365 0.0645936
3751 0.684365 0.0645936
3754 0.684365 0.0645936
3757 0.684365 0.0645936
3760 0.684365 0.0645936
3763 0.684365 0.0645936
3766 0.684365 0.0645936
3769 0.67834 0.0910826
3772 0.67834 0.0910826
3775 0.67834 0.0910826
3778 0.67834 0.0910826
3781 0.67834 0.0910826
3784 0.67834 0.0910826
3787 0.67834 0.0910826
3790 0.67834 0.0910826
3793 0.678956 0.0310591
3796 0.678956 0.0310591
3799 0.678956 0.0310591
3802 0.678956 0.0310591
3805 0.678956 0.0310591
3808 0.678956 0.0310591
3811 0.678956 0.0310591
3814 0.678956 0.0310591
3817 0.744482 0.081209
3820 0.744482 0.081209
3823 0.744482 0.081209
3826 0.744482 0.081209
3829 0.744482 0.081209
3832 0.744482 0.081209
3835 0.744482 0.081209
3838 0.744482 0.081209
3841 0.797435 0.0251884
3844 0.797435 0.0251884
3847 0.797435 0.0251884
3850 0.797435 0.0251884
3853 0.797435 0.0251884
3856 0.797435 0.0251884
3859 0.797435 0.0251884
3862 0.797435 0.0251884
3865 0.794863 0.0406207
3868 0.794863 0.0406207
3871 0.794863 0.0406207
3874 0.794863 0.0406207
3877 0.794863 0.0406207
3880 0.794863 0.0406207
3883 0.794863 0.0406207
3886 0.794863 0.0406207
3889 0.794697 0.0609108
3892 0.794697 0.0609108
3895 0.794697 0.0609108
3898 0.794697 0.0609108
3901 0.794697 0.0609108
3904 0.794697 0.0609108
3907 0.794697 0.0609108
3910 0.794697 0.0609108
3913 0.791297 0.0455393
3916 0.791297 0.0455393
3919 0.791297 0.0455393
3922 0.791297 0.0455393
3925 0.791297 0.0455393
3928 0.791297 0.0455393
3931 0.791297 0.0455393
3934 0.791297 0.0455393
3937 0.791792 0.0401021
3940 0.791792 0.0401021
3943 0.791792 0.0401021
3946 0.791792 0.0401021
3949 0.791792 0.0401021
3952 0.791792 0.0401021
3955 0.791792 0.0401021
3958 0.791792 0.0401021
3961 0.793473 0.0270724
3964 0.793473 0.0270724
3967 0.793473 0.0270724
3970 0.793473 0.0270724
3973 0.793473 0.0270724
3976 0.793473 0.0270724
3979 0.793473 0.0270724
3982 0.793473 0.0270724
3985 0.792225 0.0325703
3988 0.792225 0.0325703
3991 0.792225 0.0325703
3994 0.792225 0.0325703
3997 0.792225 0.0325703
4000 0.792225 0.0325703
4003 0.792225 0.0325703
4006 0.792225 0.0325703
4009 0.792962 0.0144437
4012 0.792962 0.0144437
4015 0.792962 0.0144437
4018 0.792962 0.0144437
4021 0.792962 0.0144437
4024 0.792962 0.0144437
4027 0.792962 0.0144437
4030 0.792962 0.0144437
4033 0.795264 0.0357102
4036 0.795264 0.0357102
4039 0.795264 0.0357102
4042 0.795264 0.0357102
4045 0.795264 0.0357102
4048 0.795264 0.0357102
4051 0.795264 0.0357102
4054 0.795264 0.0357102
4057 0.782323 0.04355
4060 0.782323 0.04355
4063 0.782323 0.04355
4066 0.782323 0.04355
4069 0.782323 0.04355
4072 0.782323 0.04355
4075 0.782323 0.04355
4078 0.782323 0.04355
4081 0.79389 0.0455636
4084 0.79389 0.0455636
4087 0.79389 0.0455636
4090 0.79389 0.0455636
4093 0.79389 0.0455636
4096 0.79389 0.0455636
4099 0.79389 0.0455636
4102 0.79389 0.0455636
4105 0.79184 0.0951746
4108 0.79184 0.0951746
4111 0.79184 0.0951746
4114 0.79184 0.0951746
4117 0.79184 0.0951746
4120 0.79184 0.0951746
4123 0.79184 0.0951746
4126 0.79184 0.0951746
4129 0.792829 0.07877
4132 0.792829 0.07877
4135 0.792829 0.07877
4138 0.792829 0.07877
4141 0.792829 0.07877
4144 0.792829 0.07877
4147 0.792829 0.07877
4150 0.792829 0.07877
4153 0.784932 0.32266
4156 0.784932 0.32266
4159 0.784932 0.32266
4162 0.784932 0.32266
4165 0.784932 0.32266
4168 0.784932 0.32266
4171 0.784932 0.32266
4174 0.784932 0.32266
4177 0.792719 0.346832
4180 0.792719 0.346832
4183 0.792719 0.346832
4186 0.792719 0.346832
4189 0.792719 0.346832
4192 0.792719 0.346832
4195 0.792719 0.346832
4198 0.792719 0.346832
4201 0.806616 0.325387
4204 0.806616 0.325387
4207 0.806616 0.325387
4210 0.806616 0.325387
4213 0.806616 0.325387
4216 0.806616 0.325387
4219 0.806616 0.325387
4222 0.806616 0.325387
4225 0.820087 0.541666
4228 0.820087 0.541666
4231 0.820087 0.541666
4234 0.820087 0.541666
4237 0.820087 0.541666
4240 0.820087 0.541666
4243 0.820087 0.541666
4246 0.820087 0.541666
4249 0.817215 0.368536
4252 0.817215 0.368536
4255 0.817215 0.368536
4258 0.817215 0.368536
4261 0.817215 0.368536
4264 0.817215 0.368536
4267 0.817215 0.368536
4270 0.817215 0.368536
4273 0.746925 0.509266
4276 0.746925 0.509266
4279 0.746925 0.509266
4282 0.746925 0.509266
4285 0.746925 0.509266
4288 0.746925 0.509266
4291 0.746925 0.509266
4294 0.746925 0.509266
4297 0.709716 0.348071
4300 0.709716 0.348071
4303 0.709716 0.348071
4306 0.709716 0.348071
4309 0.709716 0.348071
4312 0.709716 0.348071
4315 0.709716 0.348071
4318 0.709716 0.348071
4321 0.659331 0.500575
4324 0.659331 0.500575
4327 0.659331 0.500575
4330 0.659331 0.500575
4333 0.659331 0.500575
4336 0.659331 0.500575
4339 0.659331 0.500575
4342 0.659331 0.500575
4345 0.604935 0.534001
4348 0.604935 0.534001
4351 0.604935 0.534001
4354 0.604935 0.534001
4357 0.604935 0.534001
4360 0.604935 0.534001
4363 0.604935 0.534001
4366 0.604935 0.534001
4369 0.596824 0.617369
4372 0.596824 0.617369
4375 0.596824 0.617369
4378 0.596824 0.617369
4381 0.596824 0.617369
4384 0.596824 0.617369
4387 0.596824 0.617369
4390 0.596824 0.617369
4393 0.5723 0.630662
4396 0.5723 0.630662
4399 0.5723 0.630662
4402 0.5723 0.630662
4405 0.5723 0.630662
4408 0.5723 0.630662
4411 0.5723 0.630662
4414 0.5723 0.630662
4417 0.475788 0.722085
4420 0.475788 0.722085
4423 0.475788 0.722085
4426 0.475788 0.722085
4429 0.475788 0.722085
4432 0.475788 0.722085
4435 0.475788 0.722085
4438 0.475788 0.722085
4441 0.459294 0.681193
4444 0.459294 0.681193
4447 0.459294 0.681193
4450 0.459294 0.681193
4453 0.459294 0.681193
4456 0.459294 0.681193
4459 0.459294 0.681193
4462 0.459294 0.681193
4465 0.47685 0.552893
4468 0.47685 0.552893
4471 0.47685 0.552893
4474 0.47685 0.552893
4477 0.47685 0.552893
4480 0.47685 0.552893
4483 0.47685 0.552893
4486 0.47685 0.552893
4489 0.442266 0.605125
4492 0.442266 0.605125
4495 0.442266 0.605125
4498 0.442266 0.605125
4501 0.442266 0.605125
4504 0.442266 0.605125
4507 0.442266 0.605125
4510 0.442266 0.605125
4513 0.63428 0.512616
4516 0.63428 0.512616
4519 0.63428 0.512616
4522 0.63428 0.512616
4525 0.63428 0.512616
4528 0.63428 0.512616
4531 0.63428 0.512616
4534 0.63428 0.512616
4537 0.779345 0.651941
4540 0.779345 0.651941
4543 0.779345 0.651941
4546 0.779345 0.651941
4549 0.779345 0.651941
4552 0.779345 0.651941
4555 0.779345 0.651941
4558 0.779345 0.651941
4561 0.598695 0.64968
4564 0.598695 0.64968
4567 0.598695 0.64968
4570 0.598695 0.64968
4573 0.598695 0.64968
4576 0.598695 0.64968
4579 0.598695 0.64968
4582 0.598695 0.64968
4585 0.479337 0.523612
4588 0.479337 0.523612
4591 0.479337 0.523612
4594 0.479337 0.523612
4597 0.479337 0.523612
4600 0.479337 0.523612
4603 0.479337 0.523612
4606 0.479337 0.523612
4609 0.481882 0.334082
4612 0.481882 0.334082
4615 0.481882 0.334082
4618 0.481882 0.334082
4621 0.481882 0.334082
4624 0.481882 0.334082
4627 0.481882 0.334082
4630 0.481882 0.334082
4633 0.372255 0.497099
4636 0.372255 0.497099
4639 0.372255 0.497099
4642 0.372255 0.497099
4645 0.372255 0.497099
4648 0.372255 0.497099
4651 0.372255 0.497099
4654 0.372255 0.497099
4657 0.459436 0.494802
4660 0.459436 0.494802
4663 0.459436 0.494802
4666 0.459436 0.494802
4669 0.459436 0.494802
4672 0.459436 0.494802
4675 0.459436 0.494802
4678 0.459436 0.494802
4681 0.273864 0.448144
4684 0.273864 0.448144
4687 0.273864 0.448144
4690 0.273864 0.448144
4693 0.273864 0.448144
4696 0.273864 0.448144
4699 0.273864 0.448144
4702 0.273864 0.448144
4705 0.296305 0.47796
4708 0.296305 0.47796
4711 0.296305 0.47796
4714 0.296305 0.47796
4717 0.296305 0.47796
4720 0.296305 0.47796
4723 0.296305 0.47796
4726 0.296305 0.47796
4729 0.426939 0.558075
4732 0.426939 0.558075
4735 0.426939 0.558075
4738 0.426939 0.558075
4741 0.426939 0.558075
4744 0.426939 0.558075
4747 0.426939 0.558075
4750 0.426939 0.558075
4753 0.286598 0.526955
4756 0.286598 0.526955
4759 0.286598 0.526955
4762 0.286598 0.526955
4765 0.286598 0.526955
4768 0.286598 0.526955
4771 0.286598 0.526955
4774 0.286598 0.526955
4777 0.105186 0.360445
4780 0.105186 0.360445
4783 0.105186 0.360445
4786 0.105186 0.360445
4789 0.105186 0.360445
4792 0.105186 0.360445
4795 0.105186 0.360445
4798 0.105186 0.360445
4801 0.000299814 0.146856
4804 0.000299814 0.146856
4807 0.000299814 0.146856
4810 0.000299814 0.146856
4813 0.000299814 0.146856
4816 0.000299814 0.146856
4819 0.000299814 0.146856
4822 0.000299814 0.146856
4825 0.000125598 0.0838344
4828 0.000125598 0.0838344
4831 0.000125598 0.0838344
4834 0.000125598 0.0838344
4837 0.000125598 0.0838344
4840 0.000125598 0.0838344
4843 0.000125598 0.0838344
4846 0.000125598 0.0838344
4849 0.00135726 0.0416538
4852 0.00135726 0.0416538
4855 0.00135726 0.0416538
4858 0.00135726 0.0416538
4861 0.00135726 0.0416538
4864 0.00135726 0.0416538
4867 0.00135726 0.0416538
4870 0.00135726 0.0416538
4873 0.000478081 0.0186816
4876 0.000478081 0.0186816
4879 0.000478081 0.0186816
4882 0.000478081 0.0186816
4885 0.000478081 0.0186816
4888 0.000478081 0.0186816
4891 0.000478081 0.0186816
4894 0.000478081 0.0186816
4897 0.00183535 0.0159387
4900 0.00183535 0.0159387
4903 0.00183535 0.0159387
4906 0.00183535 0.0159387
4909 0.00183535 0.0159387
4912 0.00183535 0.0159387
4915 0.00183535 0.0159387
4918 0.00183535 0.0159387
4921 0.0275545 0.0429301
4924 0.0275545 0.0429301
4927 0.0275545 0.0429301
4930 0.0275545 0.0429301
4933 0.0275545 0.0429301
4936 0.0275545 0.0429301
4939 0.0275545 0.0429301
4942 0.0275545 0.0429301
4945 0.111717 0.155915
4948 0.111717 0.155915
4951 0.111717 0.155915
4954 0.111717 0.155915
4957 0.111717 0.155915
4960 0.111717 0.155915
4963 0.111717 0.155915
4966 0.111717 0.155915
4969 0.0644518 0.127202
4972 0.0644518 0.127202
4975 0.0644518 0.127202
4978 0.0644518 0.127202
4981 0.0644518 0.127202
4984 0.0644518 0.127202
4987 0.0644518 0.127202
4990 0.0644518 0.127202
4993 0.0884005 0.164711
4996 0.0884005 0.164711
4999 0.0884005 0.164711
5002 0.0884005 0.164711
5005 0.0884005 0.164711
5008 0.0884005 0.164711
5011 0.0884005 0.164711
5014 0.0884005 0.164711
5017 0.0409853 0.186545
5020 0.0409853 0.186545
5023 0.0409853 0.186545
5026 0.0409853 0.186545
5029 0.0409853 0.186545
5032 0.0409853 0.186545
5035 0.0409853 0.186545
5038 0.0409853 0.186545
5041 0.0148853 0.0604611
5044 0.0148853 0.0604611
5047 0.0148853 0.0604611
5050 0.0148853 0.0604611
5053 0.0148853 0.0604611
5056 0.0148853 0.0604611
5059 0.0148853 0.0604611
5062 0.0148853 0.0604611
5065 0.168374 0.207017
5068 0.168374 0.207017
5071 0.168374 0.207017
5074 0.168374 0.207017
5077 0.168374 0.207017
5080 0.168374 0.207017
5083 0.168374 0.207017
5086 0.168374 0.207017
5089 0.179714 0.285123
5092 0.179714 0.285123
5095 0.179714 0.285123
5098 0.179714 0.285123
5101 0.179714 0.285123
5104 0.179714 0.285123
5107 0.179714 0.285123
5110 0.179714 0.285123
5113 0.0694109 0.249931
5116 0.0694109 0.249931
5119 0.0694109 0.249931
5122 0.0694109 0.249931
5125 0.0694109 0.249931
5128 0.0694109 0.249931
5131 0.0694109 0.249931
5134 0.0694109 0.249931
5137 0.000174216 0.0758569
5140 0.000174216 0.0758569
5143 0.000174216 0.0758569
5146 0.000174216 0.0758569
5149 0.000174216 0.0758569
5152 0.000174216 0.0758569
5155 0.000174216 0.0758569
5158 0.000174216 0.0758569
5161 0.000234989 0.0785674
5164 0.000234989 0.0785674
5167 0.000234989 0.0785674
5170 0.000234989 0.0785674
5173 0.000234989 0.0785674
5176 0.000234989 0.0785674
5179 0.000234989 0.0785674
5182 0.000234989 0.0785674
5185 0.000113443 0.0819383
5188 0.000113443 0.0819383
5191 0.000113443 0.0819383
5194 0.000113443 0.0819383
5197 0.000113443 0.0819383
5200 0.000113443 0.0819383
5203 0.000113443 0.0819383
5206 0.000113443 0.0819383
5209 0 0.105182
5212 0 0.105182
5215 0 0.105182
5218 0 0.105182
5221 0 0.105182
5224 0 0.105182
5227 0 0.105182
5230 0 0.105182
5233 5.267e-05 0.0949234
5236 5.267e-05 0.0949234
5239 5.267e-05 0.0949234
5242 5.267e-05 0.0949234
5245 5.267e-05 0.0949234
5248 5.267e-05 0.0949234
5251 5.267e-05 0.0949234
5254 5.267e-05 0.0949234
5257 0.0122194 0.0131067
5260 0.0122194 0.0131067
5263 0.0122194 0.0131067
5266 0.0122194 0.0131067
5269 0.0122194 0.0131067
5272 0.0122194 0.0131067
5275 0.0122194 0.0131067
5278 0.0122194 0.0131067
5281 0.0620898 0.0595009
5284 0.0620898 0.0595009
5287 0.0620898 0.0595009
5290 0.0620898 0.0595009
5293 0.0620898 0.0595009
5296 0.0620898 0.0595009
5299 0.0620898 0.0595009
5302 0.0620898 0.0595009
5305 0.160959 0.178928
5308 0.160959 0.178928
5311 0.160959 0.178928
5314 0.160959 0.178928
5317 0.160959 0.178928
5320 0.160959 0.178928
5323 0.160959 0.178928
5326 0.160959 0.178928
5329 0.160651 0.318536
5332 0.160651 0.318536
5335 0.160651 0.318536
5338 0.160651 0.318536
5341 0.160651 0.318536
5344 0.160651 0.318536
5347 0.160651 0.318536
5350 0.160651 0.318536
5353 0.208358 0.15487
5356 0.208358 0.15487
5359 0.208358 0.15487
5362 0.208358 0.15487
5365 0.208358 0.15487
5368 0.208358 0.15487
5371 0.208358 0.15487
5374 0.208358 0.15487
5377 0.251398 0.239567
5380 0.251398 0.239567
5383 0.251398 0.239567
5386 0.251398 0.239567
5389 0.251398 0.239567
5392 0.251398 0.239567
5395 0.251398 0.239567
5398 0.251398 0.239567
5401 0.296706 0.286683
5404 0.296706 0.286683
5407 0.296706 0.286683
5410 0.296706 0.286683
5413 0.296706 0.286683
5416 0.296706 0.286683
5419 0.296706 0.286683
5422 0.296706 0.286683
5425 0.342424 0.318228
5428 0.342424 0.318228
5431 0.342424 0.318228
5434 0.342424 0.318228
5437 0.342424 0.318228
5440 0.342424 0.318228
5443 0.342424 0.318228
5446 0.342424 0.318228
5449 0.411263 0.32928
5452 0.411263 0.32928
5455 0.411263 0.32928
5458 0.411263 0.32928
5461 0.411263 0.32928
5464 0.411263 0.32928
5467 0.411263 0.32928
5470 0.411263 0.32928
5473 0.401086 0.322142
5476 0.401086 0.322142
5479 0.401086 0.322142
5482 0.401086 0.322142
5485 0.401086 0.322142
5488 0.401086 0.322142
5491 0.401086 0.322142
5494 0.401086 0.322142
5497 0.492403 0.155231
5500 0.492403 0.155231
5503 0.492403 0.155231
5506 0.492403 0.155231
5509 0.492403 0.155231
5512 0.492403 0.155231
5515 0.492403 0.155231
5518 0.492403 0.155231
5521 0.552609 0.118933
5524 0.552609 0.118933
5527 0.552609 0.118933
5530 0.552609 0.118933
5533 0.552609 0.118933
5536 0.552609 0.118933
5539 0.552609 0.118933
5542 0.552609 0.118933
5545 0.65282 0.193404
5548 0.65282 0.193404
5551 0.65282 0.193404
5554 0.65282 0.193404
5557 0.65282 0.193404
5560 0.65282 0.193404
5563 0.65282 0.193404
5566 0.65282 0.193404
5569 0.69184 0.102917
5572 0.69184 0.102917
5575 0.69184 0.102917
5578 0.69184 0.102917
5581 0.69184 0.102917
5584 0.69184 0.102917
5587 0.69184 0.102917
5590 0.69184 0.102917
5593 0.695572 0.155628
5596 0.695572 0.155628
5599 0.695572 0.155628
5602 0.695572 0.155628
5605 0.695572 0.155628
5608 0.695572 0.155628
5611 0.695572 0.155628
5614 0.695572 0.155628
5617 0.69983 0.140305
5620 0.69983 0.140305
5623 0.69983 0.140305
5626 0.69983 0.140305
5629 0.69983 0.140305
5632 0.69983 0.140305
5635 0.69983 0.140305
5638 0.69983 0.140305
5641 0.714529 0.106122
5644 0.714529 0.106122
5647 0.714529 0.106122
5650 0.714529 0.106122
5653 0.714529 0.106122
5656 0.714529 0.106122
5659 0.714529 0.106122
5662 0.714529 0.106122
5665 0.784215 0.0871121
5668 0.784215 0.0871121
5671 0.784215 0.0871121
5674 0.784215 0.0871121
5677 0.784215 0.0871121
5680 0.784215 0.0871121
5683 0.784215 0.0871121
5686 0.784215 0.0871121
5689 0.784122 0.0764606
5692 0.784122 0.0764606
5695 0.784122 0.0764606
5698 0.784122 0.0764606
5701 0.784122 0.0764606
5704 0.784122 0.0764606
5707 0.784122 0.0764606
5710 0.784122 0.0764606
5713 0.774905 0.0469492
5716 0.774905 0.0469492
5719 0.774905 0.0469492
5722 0.774905 0.0469492
5725 0.774905 0.0469492
5728 0.774905 0.0469492
5731 0.774905 0.0469492
5734 0.774905 0.0469492
5737 0.769913 0.071461
