frame_number static_density dynamic_density
1 0.0700998 0.120687
4 0.068872 0.0853256
7 0.077502 0.0949233
10 0.0860465 0.112722
13 0.0905153 0.122697
16 0.0944048 0.126922
19 0.0970911 0.096143
22 0.0997893 0.133668
25 0.102824 0.0903007
28 0.107649 0.129791
31 0.110684 0.124402
34 0.112333 0.0949396
37 0.113642 0.0921765
40 0.11493 0.0892595
43 0.116304 0.0787699
46 0.117381 0.0915728
49 0.118208 0.0811279
52 0.120926 0.0817195
55 0.12766 0.0739445
58 0.132603 0.0816424
61 0.135078 0.073665
64 0.130646 0.0558059
67 0.126692 0.0579897
70 0.121364 0.0794627
73 0.123385 0.0610647
76 0.125885 0.0536139
79 0.129686 0.0416052
82 0.136869 0.0543028
85 0.148805 0.0665019
88 0.160611 0.0798315
91 0.173544 0.0976137
94 0.179511 0.108605
97 0.185532 0.21034
100 0.185718 0.121218
103 0.184381 0.0963089
106 0.179102 0.10876
109 0.180439 0.098679
112 0.186646 0.102143
115 0.192586 0.123094
118 0.196759 0.129163
121 0.197354 0.15421
124 0.198335 0.13394
127 0.199575 0.142023
130 0.202759 0.140564
133 0.20583 0.137773
136 0.210554 0.143651
139 0.214772 0.149648
142 0.216385 0.147152
145 0.218276 0.154335
148 0.216632 0.128936
151 0.215347 0.125784
154 0.212762 0.110769
157 0.208865 0.137217
160 0.206316 0.126598
163 0.204331 0.127749
166 0.202224 0.123219
169 0.201155 0.120262
172 0.199319 0.163216
175 0.198367 0.116243
178 0.197488 0.130602
181 0.197982 0.129787
184 0.197561 0.106008
187 0.196147 0.114646
190 0.196439 0.109359
193 0.195782 0.105226
196 0.196346 0.0607568
199 0.196168 0.0527551
202 0.196094 0.0373835
205 0.196803 0.0552872
208 0.196467 0.0257678
211 0.196637 0.0511101
214 0.196297 0.0443157
217 0.195705 0.0432582
220 0.197824 0.142983
223 0.197306 0.0448424
226 0.197022 0.048582
229 0.196799 0.0555911
232 0.197156 0.0597804
235 0.198242 0.0697431
238 0.19729 0.0707235
241 0.195713 0.060919
244 0.196957 0.0280245
247 0.195187 0.0690382
250 0.194834 0.0765295
253 0.194194 0.07736
256 0.194312 0.0728505
259 0.194502 0.0725185
262 0.194328 0.0699335
265 0.194595 0.0851551
268 0.194336 0.0697471
271 0.192991 0.134227
274 0.192768 0.110266
277 0.196731 0.0942024
280 0.201426 0.0553562
283 0.207244 0.0704034
286 0.213273 0.0347419
289 0.212548 0.0574305
292 0.210299 0.085378
295 0.207657 0.171676
298 0.203095 0.0750466
301 0.199955 0.0878617
304 0.197922 0.0715258
307 0.197261 0.0777329
310 0.197508 0.061397
313 0.196512 0.0634834
316 0.197059 0.0634308
319 0.195146 0.0634187
322 0.195543 0.111685
325 0.195973 0.0947534
328 0.196188 0.0937199
331 0.196216 0.0887529
334 0.196321 0.0784377
337 0.196115 0.0741268
340 0.196803 0.0400616
343 0.199259 0.0301839
346 0.201564 0.0963049
349 0.202492 0.0612471
352 0.201272 0.0335508
355 0.200932 0.036241
358 0.20098 0.0458107
361 0.200912 0.0596266
364 0.20064 0.0580261
367 0.199935 0.0501377
370 0.198197 0.10679
373 0.19767 0.051244
376 0.197107 0.0358115
379 0.196479 0.0615145
382 0.197492 0.0360911
385 0.201037 0.0474799
388 0.203428 0.0538489
391 0.2072 0.0623045
394 0.208942 0.0586054
397 0.212268 0.12277
400 0.21303 0.100413
403 0.214934 0.0676808
406 0.221554 0.0785147
409 0.231553 0.0782798
412 0.241832 0.0953042
415 0.254023 0.101455
418 0.264902 0.134078
421 0.271668 0.219695
424 0.284021 0.177133
427 0.296775 0.198574
430 0.306608 0.205105
433 0.31677 0.212702
436 0.327145 0.204817
439 0.331784 0.224621
442 0.334053 0.242914
445 0.338409 0.270331
448 0.344855 0.257812
451 0.351613 0.269869
454 0.356527 0.276615
457 0.361652 0.274127
460 0.364302 0.279426
463 0.367336 0.281736
466 0.367434 0.277019
469 0.367017 0.27672
472 0.37042 0.309655
475 0.370152 0.288676
478 0.368499 0.281456
481 0.369168 0.272397
484 0.369788 0.263054
487 0.371007 0.25177
490 0.370914 0.260056
493 0.370987 0.287951
496 0.371951 0.255952
499 0.373807 0.23539
502 0.382384 0.195896
505 0.392865 0.165923
508 0.405863 0.184284
511 0.414987 0.103816
514 0.420975 0.144717
517 0.428568 0.158561
520 0.443749 0.252532
523 0.452078 0.167762
526 0.461133 0.0962686
529 0.466449 0.115039
532 0.469869 0.140463
535 0.47217 0.12828
538 0.474856 0.104769
541 0.477761 0.0879143
544 0.479033 0.104716
547 0.478405 0.140211
550 0.475808 0.113366
553 0.474576 0.108853
556 0.473426 0.133656
559 0.47121 0.162029
562 0.46965 0.204777
565 0.466182 0.256061
568 0.464667 0.292371
571 0.466842 0.244713
574 0.469159 0.226684
577 0.473693 0.219537
580 0.479382 0.131679
583 0.484839 0.208779
586 0.4896 0.0733571
589 0.494798 0.104473
592 0.500454 0.130431
595 0.517774 0.215724
598 0.532663 0.149976
601 0.544166 0.110032
604 0.55188 0.124268
607 0.564817 0.138182
610 0.578021 0.115599
613 0.58554 0.116498
616 0.591715 0.13078
619 0.595179 0.116267
622 0.608196 0.197046
625 0.610299 0.138822
628 0.610676 0.131505
631 0.615149 0.146325
634 0.617503 0.13659
637 0.618183 0.15681
640 0.618208 0.123843
643 0.618037 0.0966981
646 0.618232 0.185536
649 0.619228 0.118114
652 0.621056 0.118135
655 0.622121 0.114654
658 0.623276 0.0904952
661 0.623418 0.134766
664 0.625026 0.123608
667 0.625537 0.101961
670 0.624516 0.152998
673 0.625812 0.11762
676 0.626237 0.135455
679 0.627246 0.148416
682 0.629487 0.153723
685 0.629961 0.109363
688 0.629661 0.129524
691 0.629738 0.12644
694 0.630233 0.103577
697 0.633453 0.137104
700 0.633474 0.157824
703 0.634033 0.126286
706 0.6349 0.11918
709 0.635852 0.121765
712 0.63821 0.121586
715 0.638421 0.0731139
718 0.63981 0.0394903
721 0.642711 0.239632
724 0.643328 0.104408
727 0.643797 0.143724
730 0.64372 0.12815
733 0.644547 0.120237
736 0.645292 0.0962482
739 0.646528 0.0544769
742 0.647249 0.0830929
745 0.650802 0.228798
748 0.653869 0.121935
751 0.653561 0.179645
754 0.654278 0.137882
757 0.654278 0.100604
760 0.654923 0.162009
763 0.656005 0.0738715
766 0.65664 0.118795
769 0.656633 0.132283
772 0.663119 0.210793
775 0.662904 0.161377
778 0.662973 0.0958187
781 0.662037 0.0554777
784 0.661701 0.0355644
787 0.662649 0.0463576
790 0.661709 0.0419212
793 0.6616 0.0829551
796 0.657362 0.154291
799 0.656596 0.141739
802 0.654185 0.0594401
805 0.652674 0.0837939
808 0.652042 0.0835711
811 0.653675 0.0835994
814 0.661146 0.0978487
817 0.669301 0.106288
820 0.696677 0.179305
823 0.713082 0.103646
826 0.739033 0.0595576
829 0.750908 0.0704845
832 0.757973 0.0656836
835 0.760979 0.0476015
838 0.761794 0.0605178
841 0.763318 0.0714123
844 0.76371 0.0786485
847 0.777494 0.215838
850 0.777202 0.0953367
853 0.77721 0.047954
856 0.775444 0.0658537
859 0.774994 0.0707721
862 0.775306 0.0495179
865 0.774386 0.0761
868 0.772859 0.0533344
871 0.777636 0.148448
874 0.778515 0.110445
877 0.778231 0.076647
880 0.780082 0.118281
883 0.779791 0.0874321
886 0.779512 0.0481768
889 0.779333 0.0433757
892 0.77657 0.0417187
895 0.779738 0.142347
898 0.773102 0.100968
901 0.772429 0.0482983
904 0.772588 0.0395105
907 0.766247 0.216174
910 0.766851 0.0532453
913 0.768102 0.0316263
916 0.77029 0.028928
919 0.770464 0.0267077
922 0.771003 0.0473989
925 0.770946 0.0612714
928 0.771578 0.0529213
931 0.771899 0.177887
934 0.772117 0.132356
937 0.771797 0.054951
940 0.771084 0.0466859
943 0.769715 0.0345717
946 0.767101 0.0467425
949 0.767535 0.0357872
952 0.766713 0.0477068
955 0.779236 0.177773
958 0.778592 0.0930517
961 0.776132 0.0974397
964 0.773252 0.0778137
967 0.773483 0.0745969
970 0.772482 0.0364557
973 0.770857 0.0396564
976 0.770112 0.0642695
979 0.768349 0.0559071
982 0.758832 0.108877
985 0.756045 0.0612187
988 0.755712 0.0529941
991 0.761426 0.0563609
994 0.762989 0.0642168
997 0.761806 0.0669315
1000 0.762398 0.0383195
1003 0.761948 0.061948
1006 0.759387 0.180767
1009 0.759805 0.109355
1012 0.752986 0.115817
1015 0.752411 0.0516733
1018 0.753926 0.0530954
1021 0.753189 0.0541407
1024 0.752646 0.0450976
1027 0.752536 0.0500243
1030 0.752504 0.102034
1033 0.752354 0.0850662
1036 0.758233 0.153906
1039 0.757366 0.103476
1042 0.756248 0.0648367
1045 0.756713 0.0619075
1048 0.757139 0.0587716
1051 0.758156 0.0680698
1054 0.758208 0.0495219
1057 0.757921 0.0498299
1060 0.758545 0.0385625
1063 0.752455 0.16087
1066 0.752265 0.0919251
1069 0.751017 0.0421967
1072 0.752208 0.0820475
1075 0.751082 0.0819382
1078 0.751925 0.0645409
1081 0.752212 0.0729681
1084 0.753448 0.0827443
1087 0.75737 0.129321
1090 0.75671 0.0795601
1093 0.757856 0.0397455
1096 0.758257 0.0532615
1099 0.757957 0.065959
1102 0.756438 0.0364841
1105 0.756138 0.0627785
1108 0.755279 0.0691031
1111 0.757673 0.143676
1114 0.755409 0.0610202
1117 0.756373 0.0586176
1120 0.754614 0.0758611
1123 0.755554 0.0740258
1126 0.755466 0.0289442
1129 0.756069 0.0338425
1132 0.759675 0.0415607
1135 0.757102 0.0504457
1138 0.763617 0.0962848
1141 0.76525 0.0525606
1144 0.762552 0.0479215
1147 0.76151 0.0524876
1150 0.760352 0.0447816
1153 0.758095 0.0458229
1156 0.75615 0.0523661
1159 0.757033 0.045446
1162 0.756252 0.0927515
1165 0.754744 0.0383883
1168 0.754412 0.0351633
1171 0.755737 0.0345677
1174 0.754663 0.0429949
1177 0.754116 0.038603
1180 0.756 0.0376833
1183 0.758816 0.0377076
1186 0.766226 0.124253
1189 0.766555 0.0563245
1192 0.765614 0.0766591
1195 0.766733 0.0566525
1198 0.76922 0.0788226
1201 0.76935 0.0492423
1204 0.77025 0.0558829
1207 0.768439 0.043789
1210 0.767183 0.0328418
1213 0.770776 0.178239
1216 0.770068 0.0832025
1219 0.768236 0.137651
1222 0.768264 0.12078
1225 0.767648 0.086719
1228 0.765996 0.03082
1231 0.766846 0.025395
1234 0.766644 0.0346366
1237 0.756904 0.125638
1240 0.754226 0.0423264
1243 0.759339 0.0337696
1246 0.761976 0.0373957
1249 0.761397 0.0331497
1252 0.75786 0.030192
1255 0.754971 0.0387408
1258 0.754193 0.0375415
1261 0.755077 0.129442
1264 0.753261 0.0999555
1267 0.753582 0.0972085
1270 0.753768 0.107738
1273 0.751815 0.0766956
1276 0.752796 0.0497407
1279 0.75265 0.0412001
1282 0.75286 0.0423021
1285 0.751154 0.0321125
1288 0.750851 0.119172
1291 0.749019 0.110797
1294 0.75079 0.0685156
1297 0.752131 0.0760919
1300 0.750879 0.0710435
1303 0.752447 0.0687749
1306 0.752431 0.0470707
1309 0.748638 0.0380561
1312 0.742562 0.14543
1315 0.738198 0.0992382
1318 0.734154 0.0753424
1321 0.732721 0.0595697
1324 0.728337 0.0856128
1327 0.727895 0.115072
1330 0.726745 0.0900614
1333 0.723831 0.0765658
1336 0.72896 0.206029
1339 0.726108 0.121105
1342 0.726683 0.0625437
1345 0.727611 0.0658091
1348 0.727992 0.0786078
1351 0.727437 0.0511466
1354 0.728551 0.0628434
1357 0.730686 0.0664653
1360 0.731343 0.0538125
1363 0.727789 0.179216
1366 0.727636 0.099295
1369 0.731375 0.0990479
1372 0.733713 0.0859614
1375 0.731789 0.108853
1378 0.730845 0.061004
1381 0.731622 0.0557613
1384 0.731468 0.0386435
1387 0.730208 0.1579
1390 0.731327 0.125184
1393 0.732445 0.0846326
1396 0.733737 0.122891
1399 0.734458 0.110534
1402 0.735755 0.052581
1405 0.736841 0.102552
1408 0.73917 0.0886557
1411 0.755336 0.195256
1414 0.754748 0.161146
1417 0.754801 0.120318
1420 0.756037 0.116194
1423 0.756649 0.156799
1426 0.755109 0.136358
1429 0.755222 0.146062
1432 0.754805 0.208302
1435 0.756657 0.170857
1438 0.761016 0.259878
1441 0.760242 0.224394
1444 0.761713 0.290005
1447 0.764014 0.341544
1450 0.766943 0.21262
1453 0.767268 0.337708
1456 0.771712 0.343878
1459 0.778101 0.398558
1462 0.792841 0.403549
1465 0.793591 0.337205
1468 0.796471 0.458909
1471 0.798776 0.348274
1474 0.803395 0.243068
1477 0.804801 0.320954
1480 0.808042 0.252155
1483 0.809493 0.219079
1486 0.823653 0.249457
1489 0.828264 0.374844
1492 0.830123 0.394555
1495 0.829491 0.420039
1498 0.831254 0.371619
1501 0.834957 0.533356
1504 0.837124 0.4748
1507 0.839624 0.643753
1510 0.843834 0.64494
1513 0.849072 0.662989
1516 0.844899 0.613893
1519 0.846317 0.545377
1522 0.836067 0.495313
1525 0.829605 0.625837
1528 0.827798 0.605421
1531 0.822923 0.531197
1534 0.816939 0.597018
1537 0.807333 0.613735
1540 0.803334 0.581614
1543 0.798744 0.43424
1546 0.79432 0.610388
1549 0.79229 0.616749
1552 0.766733 0.570525
1555 0.761113 0.620525
1558 0.759857 0.632242
1561 0.752123 0.615193
1564 0.756734 0.634025
1567 0.754992 0.628393
1570 0.755486 0.631537
1573 0.753318 0.649194
1576 0.755166 0.636193
1579 0.767369 0.630006
1582 0.772936 0.647974
1585 0.770987 0.626821
1588 0.769743 0.583534
1591 0.759407 0.547338
1594 0.75617 0.633494
1597 0.756065 0.638956
1600 0.75034 0.635066
1603 0.750433 0.686103
1606 0.74654 0.699109
1609 0.752431 0.703703
1612 0.752763 0.653509
1615 0.73772 0.650251
1618 0.722519 0.63727
1621 0.707499 0.637286
1624 0.703339 0.632477
1627 0.706005 0.593688
1630 0.715858 0.637805
1633 0.725107 0.647808
1636 0.716162 0.647841
1639 0.723856 0.644648
1642 0.724062 0.649485
1645 0.721647 0.641577
1648 0.709383 0.608229
1651 0.706146 0.588826
1654 0.710084 0.387777
1657 0.716397 0.445527
1660 0.723945 0.525743
1663 0.730379 0.544247
1666 0.735058 0.587124
1669 0.74654 0.567977
1672 0.754967 0.503545
1675 0.748821 0.58535
1678 0.740216 0.554688
1681 0.724483 0.449915
1684 0.715153 0.474394
1687 0.703768 0.577076
1690 0.707463 0.48676
1693 0.714897 0.40963
1696 0.715218 0.601511
1699 0.716385 0.615878
1702 0.723709 0.616968
1705 0.723632 0.611442
1708 0.71072 0.613637
1711 0.69419 0.589985
1714 0.683304 0.582096
1717 0.676339 0.582396
1720 0.662689 0.581517
1723 0.655474 0.56431
1726 0.650466 0.535074
1729 0.646066 0.530824
1732 0.582574 0.541885
1735 0.545612 0.535832
1738 0.512361 0.447411
1741 0.486152 0.550843
1744 0.461134 0.514541
1747 0.445515 0.532137
1750 0.403561 0.5384
1753 0.383344 0.462337
1756 0.37676 0.517981
1759 0.368872 0.534811
1762 0.369188 0.486974
1765 0.366328 0.482461
1768 0.377036 0.512049
1771 0.375063 0.500588
1774 0.381278 0.411535
1777 0.38238 0.511466
1780 0.373742 0.47943
1783 0.370671 0.447537
1786 0.362933 0.261454
1789 0.348136 0.421193
1792 0.333685 0.411032
1795 0.319622 0.396783
1798 0.320161 0.405976
1801 0.323138 0.398752
1804 0.322271 0.415023
1807 0.320529 0.419176
1810 0.316319 0.456543
1813 0.307795 0.430796
1816 0.298635 0.404842
1819 0.292606 0.416295
1822 0.288319 0.419974
1825 0.279422 0.43052
1828 0.27025 0.428223
1831 0.262961 0.444608
1834 0.25673 0.426979
1837 0.249643 0.412385
1840 0.236731 0.39906
1843 0.22371 0.390924
1846 0.210291 0.35912
1849 0.194162 0.339871
1852 0.173301 0.33067
1855 0.161822 0.281739
1858 0.159327 0.267227
1861 0.151754 0.227389
1864 0.141917 0.232125
1867 0.143902 0.21224
1870 0.160117 0.231261
1873 0.170801 0.240706
1876 0.185386 0.270148
1879 0.207824 0.28351
1882 0.219439 0.262479
1885 0.231785 0.334952
1888 0.24731 0.385638
1891 0.272028 0.395442
1894 0.292719 0.436055
1897 0.290073 0.43176
1900 0.298704 0.486363
1903 0.328936 0.429548
1906 0.371117 0.565566
1909 0.3824 0.558156
1912 0.374662 0.533056
1915 0.373527 0.466563
1918 0.358431 0.445944
1921 0.357669 0.468491
1924 0.352844 0.427575
1927 0.335467 0.408533
1930 0.317794 0.395284
1933 0.287541 0.373718
1936 0.272126 0.358751
1939 0.260206 0.291589
1942 0.253189 0.31352
1945 0.243258 0.311445
1948 0.221587 0.299895
1951 0.188672 0.246629
1954 0.159574 0.197561
1957 0.127336 0.231744
1960 0.111 0.126355
1963 0.0894618 0.0999716
1966 0.0671948 0.0872539
1969 0.0443602 0.055344
1972 0.0193826 0.0421562
1975 0.00716718 0.0377887
1978 0.00716718 0.0464103
1981 0.00737381 0.0698605
1984 0.00707397 0.062102
1987 0.00685116 0.0410016
1990 0.00696054 0.0328215
1993 0.00641764 0.0294992
1996 0.00654729 0.0436269
1999 0.00768578 0.0315777
2002 0.0289928 0.0416944
2005 0.0687668 0.0547687
2008 0.10726 0.0734745
2011 0.148023 0.120323
2014 0.187825 0.164164
2017 0.222575 0.186156
2020 0.244891 0.208699
2023 0.25865 0.29658
2026 0.289969 0.341091
2029 0.318317 0.363512
2032 0.310895 0.391099
2035 0.294834 0.371359
2038 0.282048 0.363216
2041 0.279556 0.310461
2044 0.248339 0.277939
2047 0.229524 0.294826
2050 0.222765 0.287104
2053 0.199781 0.233044
2056 0.169034 0.205445
2059 0.138303 0.144551
2062 0.105494 0.215931
2065 0.0804514 0.173633
2068 0.0698404 0.16275
2071 0.0625882 0.138858
2074 0.0504904 0.100377
2077 0.0328539 0.0727656
2080 0.0174864 0.0466575
2083 0.0124787 0.0620778
2086 0.0122924 0.10239
2089 0.0110445 0.055587
2092 0.00999108 0.0619967
2095 0.00958997 0.0603842
2098 0.0144235 0.0406409
2101 0.0270805 0.0603598
2104 0.0460296 0.0771776
2107 0.0691922 0.0910057
2110 0.0969209 0.0945507
2113 0.128847 0.130516
2116 0.161677 0.152172
2119 0.194202 0.190908
2122 0.227218 0.216668
2125 0.265696 0.236124
2128 0.301722 0.259853
2131 0.325986 0.291164
2134 0.340527 0.300053
2137 0.34154 0.283964
2140 0.338932 0.301973
2143 0.338121 0.298951
2146 0.332744 0.308613
2149 0.32294 0.294372
2152 0.299384 0.2921
2155 0.293542 0.288935
2158 0.292812 0.293659
2161 0.287355 0.302135
2164 0.282975 0.282664
2167 0.274103 0.284726
2170 0.260234 0.116611
2173 0.243364 0.218604
2176 0.212162 0.270116
2179 0.178113 0.26653
2182 0.142347 0.259562
2185 0.118358 0.176222
2188 0.0945749 0.151807
2191 0.0735353 0.153594
2194 0.054153 0.131221
2197 0.0365125 0.124581
2200 0.0219877 0.0908883
2203 0.0165586 0.143765
2206 0.0124747 0.074921
2209 0.00872294 0.0570172
2212 0.00348432 0.116632
2215 0.0014545 0.0805445
2218 0.0018394 0.0805931
2221 0.00116279 0.072794
2224 0.00156794 0.0930191
2227 0.00134511 0.054955
2230 0.00200956 0.0653756
2233 0.00192853 0.0659995
2236 0.00166923 0.0652134
2239 0.00173811 0.0776234
2242 0.00188801 0.0808081
2245 0.00179888 0.0793695
2248 0.00195689 0.0792277
2251 0.00290495 0.100498
2254 0.00358968 0.0746537
2257 0.00292521 0.0713069
2260 0.00426223 0.0608297
2263 0.0058342 0.10487
2266 0.00962643 0.0490357
2269 0.0292561 0.0563609
2272 0.0464589 0.0882059
2275 0.0603516 0.13695
2278 0.0683454 0.118098
2281 0.0752288 0.142197
2284 0.0799084 0.132279
2287 0.0850824 0.169986
2290 0.0879751 0.175221
2293 0.0891785 0.169269
2296 0.0895918 0.160072
2299 0.0959402 0.184515
2302 0.102261 0.230103
2305 0.104769 0.232506
2308 0.102281 0.220363
2311 0.0915931 0.197204
2314 0.0782474 0.161689
2317 0.0688762 0.174508
2320 0.0568957 0.202147
2323 0.0531482 0.175561
2326 0.0486306 0.139786
2329 0.0462686 0.143526
2332 0.041119 0.129742
2335 0.0319828 0.127154
2338 0.0276112 0.116956
2341 0.0245158 0.115906
2344 0.0204927 0.125038
2347 0.015882 0.102459
2350 0.0132809 0.112223
2353 0.0136496 0.0807024
2356 0.0114051 0.0901385
2359 0.0100964 0.0399967
2362 0.0104611 0.0598128
2365 0.0130905 0.0714043
2368 0.0136861 0.10737
2371 0.0137307 0.0580668
2374 0.0159468 0.0765457
2377 0.0140305 0.0875859
2380 0.0129082 0.0715784
2383 0.0138157 0.0897456
2386 0.0376671 0.142894
2389 0.0567821 0.120582
2392 0.0633377 0.146305
2395 0.0675228 0.0877805
2398 0.0687665 0.186549
2401 0.0686615 0.16837
2404 0.0708532 0.140807
2407 0.0757799 0.169905
2410 0.0781622 0.167981
2413 0.07217 0.137683
2416 0.0599467 0.161348
2419 0.0519245 0.203355
2422 0.0362897 0.208541
2425 0.0215136 0.154712
2428 0.0102747 0.0748682
2431 0.00369096 0.0292359
2434 0.0189895 0.086792
2437 0.0310267 0.160485
2440 0.0361357 0.118038
2443 0.0409691 0.113017
2446 0.0449518 0.109562
2449 0.0488454 0.117956
2452 0.0505711 0.115108
2455 0.0511709 0.11241
2458 0.0504941 0.122243
2461 0.0584395 0.121157
2464 0.0472289 0.0912122
2467 0.0339598 0.163119
2470 0.0225711 0.128012
2473 0.0160157 0.116486
2476 0.0112552 0.0611782
2479 0.00760067 0.0788062
2482 0.00911596 0.0906815
2485 0.0104813 0.0535856
2488 0.0120736 0.0990155
2491 0.013366 0.0856536
2494 0.0145207 0.0732194
2497 0.0151446 0.0491775
2500 0.0164898 0.0787173
2503 0.016899 0.0540718
2506 0.0182967 0.0999715
2509 0.0254923 0.0782272
2512 0.0417835 0.129017
2515 0.0541203 0.172916
2518 0.0548173 0.162993
2521 0.0587636 0.127984
2524 0.0633052 0.112009
2527 0.0673082 0.190361
2530 0.0716636 0.158338
2533 0.0744064 0.163228
2536 0.0784337 0.193453
2539 0.0815574 0.203586
2542 0.082692 0.228341
2545 0.0857021 0.241941
2548 0.0851228 0.271263
2551 0.0743172 0.231963
2554 0.068629 0.233624
2557 0.0515719 0.219877
2560 0.035706 0.176238
2563 0.0219877 0.139944
2566 0.00939147 0.0779556
2569 0.00155984 0.057074
2572 0.000534803 0.0362936
2575 0.000530752 0.0966334
2578 0.000538855 0.0677417
2581 0.000542907 0.0893324
2584 0.000514545 0.0783608
2587 0.000704969 0.120043
2590 0.000603679 0.0976621
2593 0.000615834 0.0936474
2596 0.000660401 0.0524877
2599 0.000555059 0.0806742
2602 0.0005267 0.0703186
2605 0.000530752 0.102913
2608 0.000591525 0.0933271
2611 0.000822462 0.156847
2614 0.000704966 0.102549
2617 0.000709017 0.127247
2620 0.000656348 0.0807349
2623 0.000688762 0.0856616
2626 0.0123329 0.0711896
2629 0.0250182 0.0915646
2632 0.032388 0.0838141
2635 0.0375497 0.102856
2638 0.0495016 0.116931
2641 0.0710276 0.127741
2644 0.095847 0.150227
2647 0.120813 0.206709
2650 0.138542 0.256985
2653 0.150984 0.280641
2656 0.1582 0.29859
2659 0.16984 0.308848
2662 0.178021 0.350498
2665 0.169508 0.350053
2668 0.161766 0.305457
2671 0.154744 0.304084
2674 0.159391 0.336658
2677 0.16239 0.31982
2680 0.154732 0.296463
2683 0.138842 0.245458
2686 0.13142 0.25551
2689 0.119447 0.223624
2692 0.11102 0.215238
2695 0.0971841 0.188218
2698 0.0780894 0.157868
2701 0.0647922 0.121599
2704 0.0500123 0.0884451
2707 0.0420428 0.0761364
2710 0.0425006 0.118625
2713 0.0432098 0.161069
2716 0.0452518 0.115307
2719 0.0459888 0.0907463
2722 0.0446845 0.0908355
2725 0.0459929 0.0938133
2728 0.0522203 0.0767807
2731 0.0655213 0.0887082
2734 0.0751683 0.104631
2737 0.0808442 0.134888
2740 0.0845435 0.126379
2743 0.0862857 0.139231
2746 0.0884208 0.135605
2749 0.0944049 0.11382
2752 0.0962846 0.121951
2755 0.0986712 0.132279
2758 0.100587 0.144401
2761 0.102281 0.177344
2764 0.104242 0.145576
2767 0.106624 0.15233
2770 0.107694 0.1302
2773 0.109704 0.147743
2776 0.10991 0.178734
2779 0.111697 0.154809
2782 0.115327 0.159193
2785 0.116907 0.15224
2788 0.117029 0.176303
2791 0.118978 0.182704
2794 0.119322 0.169443
2797 0.119212 0.19167
2800 0.120189 0.160975
2803 0.120477 0.149907
2806 0.121789 0.171453
2809 0.12247 0.125699
2812 0.121558 0.151633
2815 0.123017 0.107139
2818 0.123211 0.0925168
2821 0.124086 0.0990074
2824 0.124159 0.106126
2827 0.123831 0.125885
2830 0.123361 0.0612673
2833 0.123973 0.0554372
2836 0.124641 0.173758
2839 0.12484 0.109622
2842 0.124974 0.0965685
2845 0.123957 0.0956285
2848 0.12439 0.100308
2851 0.130998 0.0669719
2854 0.136448 0.0502796
2857 0.132578 0.0833117
2860 0.128502 0.0509846
2863 0.123795 0.0940847
2866 0.125488 0.0623937
2869 0.126857 0.0603801
2872 0.12815 0.0687384
2875 0.127425 0.0564906
2878 0.126704 0.0461998
2881 0.13016 0.0442104
2884 0.133838 0.0726278
2887 0.135236 0.124386
2890 0.13759 0.0739365
2893 0.137189 0.0626853
2896 0.135601 0.0532575
2899 0.13663 0.0556316
2902 0.13729 0.0614456
2905 0.136346 0.0490317
2908 0.137995 0.054485
2911 0.137979 0.0952354
2914 0.138364 0.0840651
2917 0.138182 0.0847745
2920 0.136982 0.0846081
2923 0.138235 0.0870795
2926 0.137643 0.0952314
2929 0.137963 0.068171
2932 0.141674 0.0857142
2935 0.143444 0.107037
2938 0.143558 0.091427
2941 0.148866 0.0682118
2944 0.158399 0.0775424
2947 0.171883 0.0987077
2950 0.185434 0.0976662
2953 0.198594 0.113346
2956 0.211709 0.124694
2959 0.227327 0.122028
2962 0.246901 0.133567
2965 0.261993 0.126335
2968 0.277846 0.176497
2971 0.295892 0.158561
2974 0.314857 0.172413
2977 0.329916 0.227542
2980 0.340491 0.236411
2983 0.355883 0.202646
2986 0.378219 0.2506
2989 0.385528 0.217049
2992 0.403359 0.229588
2995 0.420712 0.258253
2998 0.441403 0.274398
3001 0.466737 0.289604
3004 0.490543 0.294705
3007 0.512466 0.308674
3010 0.531026 0.324605
3013 0.561717 0.34368
3016 0.590758 0.309663
3019 0.613091 0.252791
3022 0.626489 0.268034
3025 0.639956 0.209006
3028 0.647273 0.157479
3031 0.663755 0.181116
3034 0.673118 0.18866
3037 0.694441 0.211652
3040 0.680642 0.168945
3043 0.656547 0.190058
3046 0.651657 0.146115
3049 0.648979 0.149992
3052 0.644802 0.157078
3055 0.641561 0.148473
3058 0.643818 0.123762
3061 0.649983 0.18524
3064 0.654173 0.153691
3067 0.657228 0.167891
3070 0.662102 0.192428
3073 0.661928 0.203793
3076 0.658614 0.193303
3079 0.657204 0.185325
3082 0.663787 0.170671
3085 0.66999 0.121015
3088 0.685269 0.168645
3091 0.681808 0.139138
3094 0.677769 0.160595
3097 0.673321 0.146309
3100 0.669755 0.14575
3103 0.668605 0.157763
3106 0.665931 0.144308
3109 0.66397 0.109339
3112 0.660396 0.155753
3115 0.659278 0.149801
3118 0.655117 0.138919
3121 0.655692 0.13648
3124 0.656138 0.125496
3127 0.660441 0.132984
3130 0.664865 0.104825
3133 0.664662 0.0877239
3136 0.671096 0.117166
3139 0.67016 0.0798395
3142 0.670311 0.11277
3145 0.666907 0.0763875
3148 0.664825 0.0756099
3151 0.663508 0.0857103
3154 0.662929 0.0744549
3157 0.663034 0.0827039
3160 0.662333 0.0810346
3163 0.661486 0.148307
3166 0.660858 0.0966819
3169 0.658055 0.0925289
3172 0.658261 0.13757
3175 0.656896 0.117377
3178 0.657957 0.102046
3181 0.661247 0.0922168
3184 0.662997 0.106446
3187 0.669472 0.185018
3190 0.666392 0.129394
3193 0.666303 0.121173
3196 0.665813 0.114095
3199 0.664176 0.106632
3202 0.663528 0.0800056
3205 0.663338 0.0820639
3208 0.661624 0.11303
3211 0.658399 0.150583
3214 0.661287 0.0934042
3217 0.661186 0.092999
3220 0.660664 0.0781175
3223 0.659359 0.0373714
3226 0.658691 0.037578
3229 0.658079 0.0377036
3232 0.655635 0.0525524
3235 0.654943 0.0481444
3238 0.655036 0.131541
3241 0.653602 0.0316425
3244 0.652994 0.0420023
3247 0.652115 0.0322502
3250 0.651657 0.0279151
3253 0.651215 0.0463658
3256 0.649959 0.0363544
3259 0.651187 0.03648
3262 0.65047 0.14308
3265 0.652528 0.0339033
3268 0.651588 0.0515923
3271 0.653407 0.044733
3274 0.654797 0.0381776
3277 0.658346 0.0457864
3280 0.658941 0.0738472
3283 0.659181 0.0301961
3286 0.675622 0.145333
3289 0.673941 0.0227899
3292 0.674078 0.021935
3295 0.675184 0.0233733
3298 0.673009 0.0485536
3301 0.671011 0.0561138
3304 0.670723 0.0345758
3307 0.670525 0.0390041
3310 0.67033 0.0474516
3313 0.668455 0.167879
3316 0.667191 0.0893324
3319 0.665234 0.0713111
3322 0.664561 0.0659185
3325 0.664282 0.108715
3328 0.663512 0.0459201
3331 0.661786 0.0483591
3334 0.660574 0.05235
3337 0.650434 0.0780244
3340 0.649469 0.0701927
3343 0.649295 0.0741999
3346 0.647767 0.0588446
3349 0.645446 0.063532
3352 0.645426 0.0526861
3355 0.646208 0.0627299
3358 0.648505 0.0707399
3361 0.654489 0.129232
3364 0.654282 0.0591442
3367 0.652006 0.0559558
3370 0.649088 0.0559639
3373 0.649129 0.0501459
3376 0.649716 0.0370067
3379 0.65043 0.0403857
3382 0.650511 0.0328458
3385 0.650685 0.0251479
3388 0.65107 0.0714125
3391 0.65188 0.0679929
3394 0.653043 0.0348594
3397 0.653662 0.0360992
3400 0.655899 0.0263147
3403 0.65756 0.0255449
3406 0.657585 0.0279556
3409 0.6563 0.0339357
3412 0.651568 0.170906
3415 0.65 0.0529657
3418 0.648566 0.049688
3421 0.647853 0.0408152
3424 0.647346 0.0680131
3427 0.647488 0.0376428
3430 0.647731 0.0491127
3433 0.651333 0.0633255
3436 0.688178 0.232546
3439 0.688842 0.1069
3442 0.690556 0.0412325
3445 0.697881 0.031055
3448 0.706012 0.0234341
3451 0.709128 0.0916537
3454 0.710003 0.070132
3457 0.710595 0.0178308
3460 0.710761 0.0462361
3463 0.706944 0.13537
3466 0.706726 0.0549996
3469 0.706418 0.0348594
3472 0.704829 0.0358237
3475 0.705794 0.0358196
3478 0.70743 0.0668827
3481 0.709197 0.025079
3484 0.710627 0.0415242
3487 0.706215 0.160518
3490 0.709817 0.0957622
3493 0.711413 0.0778706
3496 0.715732 0.112219
3499 0.716263 0.0875981
3502 0.717122 0.0973666
3505 0.717608 0.0583948
3508 0.717515 0.0380723
3511 0.722469 0.16681
3514 0.723697 0.0636132
3517 0.72497 0.11591
3520 0.724386 0.100701
3523 0.725095 0.0968032
3526 0.72557 0.0896605
3529 0.725051 0.0508346
3532 0.725265 0.0534803
3535 0.725298 0.0464995
3538 0.716437 0.198347
3541 0.717223 0.141249
3544 0.717774 0.0235232
3547 0.717162 0.0252613
3550 0.717397 0.0293493
3553 0.716222 0.0425776
3556 0.718357 0.0352281
3559 0.71747 0.0395228
3562 0.705939 0.0949884
3565 0.705822 0.0399522
3568 0.70643 0.051653
3571 0.709148 0.0917187
3574 0.708585 0.0838102
3577 0.71147 0.0528036
3580 0.711778 0.0409853
3583 0.71288 0.034742
3586 0.709821 0.150369
3589 0.709472 0.066826
3592 0.712778 0.0754193
3595 0.706341 0.113787
3598 0.705344 0.0273114
3601 0.707199 0.016826
3604 0.706401 0.0205048
3607 0.706276 0.0978446
3610 0.705737 0.0564459
3613 0.706697 0.0346123
3616 0.707094 0.0463374
3619 0.708605 0.0325825
3622 0.702395 0.116566
3625 0.704363 0.114715
3628 0.703569 0.0423507
3631 0.702362 0.0907665
3634 0.703801 0.0652824
3637 0.708925 0.0380277
3640 0.713476 0.0519042
3643 0.713812 0.0520257
3646 0.71089 0.186185
3649 0.713593 0.0546957
3652 0.712933 0.0888785
3655 0.713755 0.0837493
3658 0.716842 0.0910464
3661 0.716842 0.083948
3664 0.718795 0.0570699
3667 0.720995 0.0473017
3670 0.71286 0.195673
3673 0.715444 0.0482983
3676 0.71662 0.117333
3679 0.717114 0.0745402
3682 0.717199 0.030662
3685 0.716737 0.0277773
3688 0.71606 0.0397577
3691 0.715651 0.0248319
3694 0.715619 0.0250587
3697 0.708654 0.11841
3700 0.70679 0.0885099
3703 0.705664 0.123454
3706 0.703991 0.123049
3709 0.703298 0.0770844
3712 0.703221 0.0694596
3715 0.703654 0.0633985
3718 0.703614 0.0937443
3721 0.694056 0.213026
3724 0.692464 0.108638
3727 0.69024 0.0866665
3730 0.689932 0.112916
3733 0.689604 0.100109
3736 0.689425 0.0723968
3739 0.692448 0.0778704
3742 0.693116 0.112847
3745 0.684365 0.181391
3748 0.68503 0.0836684
3751 0.684819 0.0903087
3754 0.684624 0.0978363
3757 0.684665 0.101592
3760 0.683012 0.0902357
3763 0.681995 0.0344056
3766 0.680565 0.0524066
3769 0.678341 0.0609797
3772 0.679414 0.190985
3775 0.682684 0.0431367
3778 0.682485 0.0496921
3781 0.682578 0.0490519
3784 0.678964 0.0637145
3787 0.679418 0.0401831
3790 0.679102 0.0440605
3793 0.678956 0.0543311
3796 0.671218 0.179325
3799 0.670136 0.104323
3802 0.667701 0.140807
3805 0.665979 0.127875
3808 0.66478 0.0907667
3811 0.699441 0.104967
3814 0.719302 0.111725
3817 0.744482 0.125107
3820 0.787919 0.203817
3823 0.790147 0.0868327
3826 0.791674 0.0462767
3829 0.793793 0.0326351
3832 0.795608 0.0505346
3835 0.796751 0.0524189
3838 0.797371 0.0496272
3841 0.797436 0.0541569
3844 0.797739 0.0363382
3847 0.798335 0.150162
3850 0.798035 0.0987441
3853 0.796795 0.07076
3856 0.795482 0.0539867
3859 0.794547 0.0580545
3862 0.794546 0.0554088
3865 0.794863 0.0810795
3868 0.794843 0.0676485
3871 0.793979 0.0750426
3874 0.794668 0.0734706
3877 0.795102 0.0525646
3880 0.795069 0.040252
3883 0.794741 0.0435824
3886 0.794936 0.0515801
3889 0.794697 0.0426911
3892 0.794393 0.0335589
3895 0.792184 0.0650677
3898 0.792257 0.0545337
3901 0.792375 0.0520663
3904 0.792237 0.0582854
3907 0.792201 0.0444129
3910 0.791456 0.039466
3913 0.791297 0.0331254
3916 0.791265 0.0450247
3919 0.789089 0.0384855
3922 0.790726 0.120967
3925 0.79167 0.0430881
3928 0.791553 0.0349486
3931 0.790807 0.0297869
3934 0.790321 0.0343084
3937 0.791792 0.0259906
3940 0.792525 0.0237663
3943 0.792793 0.0302852
3946 0.792999 0.150936
3949 0.792821 0.0768375
3952 0.792509 0.0397537
3955 0.792748 0.0569889
3958 0.793149 0.0315574
3961 0.793473 0.0373228
3964 0.792699 0.0321854
3967 0.79321 0.0225104
3970 0.797083 0.135953
3973 0.79703 0.1179
3976 0.79652 0.0708736
3979 0.796171 0.0396524
3982 0.793339 0.0576817
3985 0.792225 0.0774977
3988 0.791698 0.0657199
3991 0.794352 0.066891
3994 0.794303 0.0428815
3997 0.795381 0.152249
4000 0.795329 0.122308
4003 0.793874 0.0677619
4006 0.793226 0.0557775
4009 0.792963 0.0748886
4012 0.793173 0.0431569
4015 0.793728 0.0190706
4018 0.794494 0.0260109
4021 0.79573 0.0632971
4024 0.795507 0.046305
4027 0.795575 0.0280609
4030 0.79526 0.0331942
4033 0.795264 0.0469046
4036 0.795345 0.0311361
4039 0.795341 0.0339883
4042 0.793927 0.0463941
4045 0.782858 0.247245
4048 0.781035 0.101252
4051 0.783158 0.0568795
4054 0.784782 0.0831659
4057 0.782323 0.0668584
4060 0.780723 0.0533992
4063 0.785504 0.0523662
4066 0.788684 0.0250749
4069 0.79056 0.034908
4072 0.793837 0.183761
4075 0.794178 0.0493234
4078 0.794093 0.0744915
4081 0.79389 0.0644316
4084 0.793866 0.0412041
4087 0.793979 0.0518029
4090 0.793664 0.0527346
4093 0.795414 0.155935
4096 0.795174 0.118094
4099 0.794903 0.0983874
4102 0.793538 0.117126
4105 0.79184 0.126574
4108 0.791512 0.0902156
4111 0.793262 0.0759012
4114 0.793635 0.0857224
4117 0.794304 0.0589256
4120 0.793963 0.155231
4123 0.793862 0.0973504
4126 0.792991 0.0779271
4129 0.792829 0.08272
4132 0.792225 0.140078
4135 0.79103 0.147893
4138 0.789851 0.199643
4141 0.789474 0.215842
4144 0.788769 0.263953
4147 0.787165 0.226201
4150 0.786423 0.159703
4153 0.784933 0.154744
4156 0.784041 0.240536
4159 0.782639 0.215841
4162 0.783263 0.253273
4165 0.784774 0.273487
4168 0.784511 0.31371
4171 0.794186 0.349603
4174 0.788486 0.315748
4177 0.792719 0.273118
4180 0.79338 0.257422
4183 0.797382 0.234422
4186 0.800952 0.166858
4189 0.804145 0.232704
4192 0.807325 0.262114
4195 0.805121 0.220237
4198 0.807167 0.246192
4201 0.806616 0.306855
4204 0.806122 0.337772
4207 0.808334 0.370501
4210 0.808095 0.4846
4213 0.810501 0.406819
4216 0.815424 0.586901
4219 0.81935 0.52546
4222 0.818775 0.591958
4225 0.820087 0.539065
4228 0.826416 0.57659
4231 0.833543 0.533802
4234 0.840746 0.550843
4237 0.845507 0.445604
4240 0.849842 0.375897
4243 0.841022 0.504963
4246 0.834709 0.590791
4249 0.817215 0.53178
4252 0.79902 0.578669
4255 0.76002 0.598489
4258 0.753038 0.60032
4261 0.721113 0.609343
4264 0.72266 0.585824
4267 0.726278 0.603148
4270 0.728584 0.575225
4273 0.746925 0.354056
4276 0.754359 0.572879
4279 0.759566 0.559598
4282 0.766907 0.55908
4285 0.760587 0.611324
4288 0.758124 0.631246
4291 0.75645 0.630305
4294 0.72108 0.595223
4297 0.709715 0.607313
4300 0.710672 0.633988
4303 0.705555 0.662544
4306 0.694733 0.666469
4309 0.691577 0.649761
4312 0.695401 0.710384
4315 0.698513 0.709683
4318 0.677704 0.735804
4321 0.659331 0.717916
4324 0.641074 0.693919
4327 0.635293 0.701025
4330 0.61414 0.477275
4333 0.608075 0.70459
4336 0.607301 0.691921
4339 0.604724 0.678657
4342 0.608217 0.685646
4345 0.604935 0.64562
4348 0.611012 0.65722
4351 0.616575 0.688396
4354 0.616518 0.662057
4357 0.614468 0.643749
4360 0.611656 0.636646
4363 0.607665 0.622782
4366 0.607001 0.584779
4369 0.596824 0.558468
4372 0.601402 0.593088
4375 0.597314 0.599449
4378 0.594032 0.607102
4381 0.589762 0.565157
4384 0.590673 0.480747
4387 0.590374 0.530585
4390 0.58182 0.514063
4393 0.572299 0.570298
4396 0.55081 0.574422
4399 0.52625 0.520294
4402 0.510639 0.494097
4405 0.494611 0.569991
4408 0.472612 0.558273
4411 0.459934 0.5752
4414 0.461669 0.576258
4417 0.475788 0.596102
4420 0.485463 0.568366
4423 0.501207 0.550413
4426 0.508622 0.556713
4429 0.494473 0.566684
4432 0.481987 0.367158
4435 0.473098 0.415274
4438 0.462872 0.553756
4441 0.459294 0.622948
4444 0.466141 0.645385
4447 0.479743 0.640232
4450 0.485613 0.624013
4453 0.483741 0.663475
4456 0.486496 0.649417
4459 0.48409 0.603744
4462 0.478527 0.661292
4465 0.47685 0.629386
4468 0.481719 0.59545
4471 0.496889 0.608318
4474 0.516846 0.622324
4477 0.512519 0.625772
4480 0.490317 0.568422
4483 0.467864 0.554647
4486 0.458204 0.561194
4489 0.442266 0.578126
4492 0.444158 0.562896
4495 0.441893 0.522259
4498 0.460368 0.39295
4501 0.482254 0.525816
4504 0.523118 0.531529
4507 0.557929 0.547731
4510 0.597217 0.553452
4513 0.63428 0.562657
4516 0.660895 0.572713
4519 0.672429 0.55378
4522 0.673758 0.516457
4525 0.70867 0.530731
4528 0.721408 0.557625
4531 0.766636 0.562183
4534 0.777522 0.559071
4537 0.779345 0.534406
4540 0.765558 0.55942
4543 0.757758 0.560465
4546 0.733113 0.535536
4549 0.718285 0.538069
4552 0.704675 0.565963
4555 0.697407 0.570809
4558 0.615546 0.591504
4561 0.598695 0.615975
4564 0.596775 0.603095
4567 0.555988 0.595632
4570 0.564918 0.604594
4573 0.532149 0.607872
4576 0.523134 0.571749
4579 0.507807 0.582153
4582 0.483838 0.598955
4585 0.479337 0.561761
4588 0.472964 0.555348
4591 0.471121 0.548526
4594 0.494425 0.564845
4597 0.501479 0.561296
4600 0.497727 0.512912
4603 0.489778 0.4569
4606 0.488935 0.500964
4609 0.481882 0.505859
4612 0.47704 0.493655
4615 0.45564 0.485722
4618 0.442622 0.47787
4621 0.430038 0.473568
4624 0.383518 0.462993
4627 0.360789 0.439596
4630 0.357005 0.437772
4633 0.372255 0.464716
4636 0.381699 0.458208
4639 0.397707 0.455611
4642 0.412187 0.4522
4645 0.425043 0.474512
4648 0.431351 0.460149
4651 0.446962 0.495705
4654 0.455016 0.521437
4657 0.459436 0.49684
4660 0.436322 0.485706
4663 0.427753 0.454347
4666 0.416652 0.408601
4669 0.405737 0.424281
4672 0.386018 0.376841
4675 0.361867 0.353517
4678 0.311835 0.379471
4681 0.273864 0.395008
4684 0.261466 0.399445
4687 0.253209 0.400624
4690 0.269946 0.372794
4693 0.278717 0.37841
4696 0.280277 0.358905
4699 0.286099 0.359351
4702 0.293068 0.430257
4705 0.296305 0.418722
4708 0.296119 0.422275
4711 0.313362 0.431675
4714 0.34026 0.432185
4717 0.357459 0.447986
4720 0.40329 0.50502
4723 0.408666 0.48911
4726 0.417369 0.457017
4729 0.426938 0.49387
4732 0.412187 0.395835
4735 0.404286 0.453213
4738 0.39011 0.454007
4741 0.371011 0.455858
4744 0.360173 0.454514
4747 0.337955 0.460076
4750 0.313641 0.467519
4753 0.286597 0.458678
4756 0.25737 0.397184
4759 0.234661 0.420359
4762 0.208245 0.393339
4765 0.186743 0.389016
4768 0.164488 0.370436
4771 0.149153 0.301438
4774 0.1308 0.270189
4777 0.105186 0.303561
4780 0.0874524 0.252459
4783 0.0698687 0.241378
4786 0.0494977 0.180172
4789 0.0316101 0.145316
4792 0.0166721 0.112872
4795 0.00711856 0.121206
4798 0.000320071 0.0772707
4801 0.000299814 0.108034
4804 0.000251195 0.145393
4807 0.000194474 0.118491
4810 0.000153958 0.119212
4813 0.000117495 0.123799
4816 9.31854e-05 0.14624
4819 8.91336e-05 0.0943481
4822 0.000174216 0.152759
4825 0.000125598 0.0645126
4828 0.00010534 0.0740378
4831 4.86183e-05 0.12405
4834 0.00076979 0.144916
4837 0.000704968 0.0454501
4840 0.000960213 0.0622032
4843 0.00122356 0.102435
4846 0.00134106 0.0984442
4849 0.00135726 0.0552629
4852 0.00137752 0.0556153
4855 0.00175837 0.0636861
4858 0.00164898 0.112779
4861 0.00174621 0.0467669
4864 0.00121951 0.0843329
4867 0.000846772 0.0604894
4870 0.000858924 0.0473868
4873 0.000478083 0.0956165
4876 0.000700917 0.107483
4879 0.000575317 0.081456
4882 0.000522647 0.166802
4885 0.000559113 0.110412
4888 0.000433513 0.0416944
4891 0.000506441 0.061166
4894 0.000583419 0.0364112
4897 0.00183535 0.0406085
4900 0.00408801 0.0441942
4903 0.00721172 0.0548132
4906 0.00827324 0.0585893
4909 0.00617452 0.122831
4912 0.00364639 0.0731141
4915 0.00144235 0.0599181
4918 0.0152216 0.0684548
4921 0.0275545 0.140086
4924 0.0337291 0.132348
4927 0.0492424 0.110015
4930 0.0719553 0.143173
4933 0.0845233 0.165578
4936 0.0918889 0.167186
4939 0.0975368 0.161563
4942 0.102427 0.18221
4945 0.111717 0.169026
4948 0.116486 0.183227
4951 0.10707 0.219419
4954 0.0986992 0.219638
4957 0.0903289 0.189677
4960 0.0865123 0.204538
4963 0.076015 0.199635
4966 0.06335 0.199627
4969 0.0644519 0.197938
4972 0.0668017 0.186744
4975 0.0748036 0.18663
4978 0.0782271 0.15598
4981 0.0745565 0.165019
4984 0.0771169 0.248039
4987 0.0819829 0.17896
4990 0.0853618 0.192189
4993 0.0884004 0.188478
4996 0.0919943 0.233036
4999 0.0974517 0.232047
5002 0.0899277 0.272206
5005 0.0869054 0.220399
5008 0.0854713 0.206701
5011 0.0724657 0.220829
5014 0.0556317 0.227482
5017 0.0409855 0.187898
5020 0.0271574 0.13885
5023 0.0231667 0.11363
5026 0.0163723 0.102917
5029 0.00980876 0.0782757
5032 0.011166 0.0615955
5035 0.012422 0.114736
5038 0.0138319 0.0876995
5041 0.0148853 0.0698729
5044 0.0176931 0.0682239
5047 0.0304554 0.0551576
5050 0.0488656 0.081197
5053 0.0716797 0.133202
5056 0.0916742 0.124969
5059 0.117928 0.111417
5062 0.141848 0.150923
5065 0.168374 0.14799
5068 0.190025 0.196358
5071 0.208293 0.184536
5074 0.223106 0.225585
5077 0.230796 0.227777
5080 0.223637 0.233761
5083 0.213686 0.2239
5086 0.199895 0.232011
5089 0.179714 0.254554
5092 0.158715 0.282627
5095 0.154882 0.2799
5098 0.14669 0.266044
5101 0.127518 0.213609
5104 0.109959 0.228839
5107 0.090896 0.193465
5110 0.0796208 0.178798
5113 0.069411 0.163561
5116 0.0607202 0.203837
5119 0.0462079 0.121793
5122 0.0277409 0.0895148
5125 0.00824083 0.10833
5128 0.000283608 0.121773
5131 0.00167733 0.103334
5134 0.0010615 0.115785
5137 0.000174216 0.154306
5140 0.000121546 0.0998662
5143 8.50823e-05 0.120124
5146 7.69791e-05 0.125265
5149 6.88762e-05 0.0627502
5152 5.67214e-05 0.0849646
5155 5.267e-05 0.0886881
5158 5.67214e-05 0.0772466
5161 0.000234989 0.133774
5164 0.000121546 0.102561
5167 8.50822e-05 0.0847623
5170 5.67214e-05 0.0958227
5173 5.267e-05 0.127846
5176 5.267e-05 0.0942388
5179 6.48245e-05 0.132343
5182 4.45669e-05 0.115149
5185 0.000113443 0.154331
5188 9.72369e-05 0.132202
5191 4.45669e-05 0.116279
5194 8.10307e-06 0.0803582
5197 1.21546e-05 0.165489
5200 0 0.110307
5203 0 0.109468
5206 0 0.121068
5209 0 0.120683
5212 0 0.108796
5215 0 0.0799084
5218 0.000206628 0.168208
5221 0.000133701 0.0997003
5224 6.8876e-05 0.0975568
5227 6.8876e-05 0.101677
5230 4.86184e-05 0.129681
5233 5.26698e-05 0.117333
5236 4.05154e-05 0.121769
5239 3.64638e-05 0.112398
5242 3.64638e-05 0.101005
5245 8.10308e-05 0.157443
5248 5.67214e-05 0.0987604
5251 9.72369e-05 0.121907
5254 3.64638e-05 0.0963495
5257 0.0122194 0.0966536
5260 0.0289887 0.0983592
5263 0.0402113 0.098971
5266 0.0457499 0.135196
5269 0.0507657 0.108322
5272 0.0535411 0.117782
5275 0.0570983 0.121563
5278 0.0598655 0.121145
5281 0.0620897 0.138976
5284 3.64638e-05 0.147444
5287 0.0673323 0.175541
5290 0.0828499 0.127777
5293 0.105879 0.17482
5296 0.125075 0.196836
5299 0.138858 0.195539
5302 0.149327 0.208994
5305 0.160959 0.211697
5308 0.168532 0.208873
5311 0.173049 0.202147
5314 0.173645 0.188526
5317 0.171218 0.155851
5320 0.167608 0.196272
5323 0.162686 0.174856
5326 0.158439 0.150332
5329 0.160652 0.107516
5332 0.168277 0.110429
5335 0.173872 0.122555
5338 0.179199 0.136184
5341 0.182979 0.135382
5344 0.188364 0.136006
5347 0.192553 0.150369
5350 0.195021 0.140082
5353 0.208358 0.154201
5356 0.225679 0.149615
5359 0.240123 0.18219
5362 0.249959 0.189028
5365 0.247954 0.203918
5368 0.245438 0.210019
5371 0.245653 0.208836
5374 0.247391 0.196131
5377 0.251398 0.178292
5380 0.254837 0.17954
5383 0.256231 0.178417
5386 0.26732 0.189048
5389 0.281517 0.193534
5392 0.291196 0.209404
5395 0.29733 0.247488
5398 0.29981 0.224901
5401 0.296706 0.22033
5404 0.29289 0.212442
5407 0.292638 0.192379
5410 0.296621 0.128859
5413 0.298335 0.123912
5416 0.302229 0.129884
5419 0.317774 0.145304
5422 0.332372 0.157633
5425 0.342424 0.160481
5428 0.347865 0.1692
5431 0.356896 0.176756
5434 0.362766 0.205393
5437 0.372077 0.181213
5440 0.385893 0.205741
5443 0.396418 0.203809
5446 0.402808 0.270606
5449 0.411263 0.192403
5452 0.414525 0.201301
5455 0.412612 0.192387
5458 0.410955 0.193404
5461 0.407832 0.197589
5464 0.404797 0.201337
5467 0.401345 0.188749
5470 0.403857 0.235326
5473 0.401086 0.175642
5476 0.4003 0.164484
5479 0.409104 0.160992
5482 0.423718 0.146641
5485 0.438242 0.134924
5488 0.452265 0.138858
5491 0.467057 0.136067
5494 0.478948 0.157548
5497 0.492403 0.200486
5500 0.50045 0.187627
5503 0.514314 0.114071
5506 0.522697 0.142428
5509 0.532817 0.144822
5512 0.538218 0.144429
5515 0.539259 0.149036
5518 0.540831 0.156025
5521 0.552609 0.230573
5524 0.560878 0.157175
5527 0.570497 0.140037
5530 0.594206 0.125233
5533 0.609809 0.0857954
5536 0.621392 0.168341
5539 0.632441 0.117171
5542 0.639446 0.126947
5545 0.65282 0.184321
5548 0.657114 0.270938
5551 0.661717 0.15186
5554 0.669156 0.155097
5557 0.675857 0.15173
5560 0.682177 0.103087
5563 0.687456 0.122839
5566 0.691135 0.172117
5569 0.69184 0.150494
5572 0.690471 0.204639
5575 0.690114 0.170748
5578 0.690151 0.185937
5581 0.691625 0.190422
5584 0.690686 0.194802
5587 0.692233 0.185905
5590 0.695418 0.194859
5593 0.695572 0.192391
5596 0.703314 0.161065
5599 0.701045 0.176554
5602 0.699388 0.0751519
5605 0.699684 0.0630417
5608 0.700527 0.078223
5611 0.69987 0.0737096
5614 0.699684 0.0650069
5617 0.69983 0.0770561
5620 0.71002 0.124321
5623 0.709351 0.112398
5626 0.70957 0.157965
5629 0.70675 0.131962
5632 0.703436 0.127299
5635 0.70156 0.135528
5638 0.707512 0.0934245
5641 0.714529 0.109764
5644 0.74509 0.144105
5647 0.787837 0.191743
5650 0.790123 0.110133
5653 0.787675 0.168933
5656 0.786249 0.175905
5659 0.78304 0.135686
5662 0.784479 0.130054
5665 0.784215 0.118236
5668 0.784305 0.0951626
5671 0.78445 0.201592
5674 0.785682 0.0731261
5677 0.785191 0.117186
5680 0.786192 0.0836276
5683 0.785868 0.068398
5686 0.784179 0.0640264
5689 0.784122 0.0795682
5692 0.784434 0.0906653
5695 0.78507 0.144725
5698 0.785852 0.140317
5701 0.783932 0.119877
5704 0.78208 0.0702658
5707 0.782108 0.0743943
5710 0.779665 0.0423061
5713 0.774905 0.0518678
5716 0.774354 0.0702619
5719 0.773823 0.0956323
5722 0.770557 0.194607
5725 0.770197 0.1613
5728 0.770533 0.0762134
5731 0.770327 0.0683818
5734 0.769925 0.0800947
5737 0.769913 0.0747874
