frame_number static_density dynamic_density
1 0.0700997 0.0987319
4 0.0700997 0.0987319
7 0.0700997 0.0987319
10 0.0860465 0.153472
13 0.0860465 0.153472
16 0.0860465 0.153472
19 0.097091 0.0823677
22 0.097091 0.0823677
25 0.097091 0.0823677
28 0.107649 0.0878089
31 0.107649 0.0878089
34 0.107649 0.0878089
37 0.113642 0.101669
40 0.113642 0.101669
43 0.113642 0.101669
46 0.117381 0.0891419
49 0.117381 0.0891419
52 0.117381 0.0891419
55 0.12766 0.109266
58 0.12766 0.109266
61 0.12766 0.109266
64 0.130646 0.0622073
67 0.130646 0.0622073
70 0.130646 0.0622073
73 0.123385 0.0235394
76 0.123385 0.0235394
79 0.123385 0.0235394
82 0.136869 0.0352484
85 0.136869 0.0352484
88 0.136869 0.0352484
91 0.173543 0.0936674
94 0.173543 0.0936674
97 0.173543 0.0936674
100 0.185718 0.119771
103 0.185718 0.119771
106 0.185718 0.119771
109 0.180439 0.123065
112 0.180439 0.123065
115 0.180439 0.123065
118 0.196759 0.135062
121 0.196759 0.135062
124 0.196759 0.135062
127 0.199575 0.116652
130 0.199575 0.116652
133 0.199575 0.116652
136 0.210554 0.133336
139 0.210554 0.133336
142 0.210554 0.133336
145 0.218276 0.167328
148 0.218276 0.167328
151 0.218276 0.167328
154 0.212762 0.138311
157 0.212762 0.138311
160 0.212762 0.138311
163 0.204331 0.133259
166 0.204331 0.133259
169 0.204331 0.133259
172 0.199319 0.153987
175 0.199319 0.153987
178 0.199319 0.153987
181 0.197982 0.121915
184 0.197982 0.121915
187 0.197982 0.121915
190 0.196439 0.0940199
193 0.196439 0.0940199
196 0.196439 0.0940199
199 0.196167 0.0745077
202 0.196167 0.0745077
205 0.196167 0.0745077
208 0.196467 0.0128798
211 0.196467 0.0128798
214 0.196467 0.0128798
217 0.195705 0.0380642
220 0.195705 0.0380642
223 0.195705 0.0380642
226 0.197022 0.0791022
229 0.197022 0.0791022
232 0.197022 0.0791022
235 0.198242 0.0205008
238 0.198242 0.0205008
241 0.198242 0.0205008
244 0.196957 0.0146706
247 0.196957 0.0146706
250 0.196957 0.0146706
253 0.194194 0.00896605
256 0.194194 0.00896605
259 0.194194 0.00896605
262 0.194328 0.0155174
265 0.194328 0.0155174
268 0.194328 0.0155174
271 0.192991 0.0383761
274 0.192991 0.0383761
277 0.192991 0.0383761
280 0.201426 0.0206993
283 0.201426 0.0206993
286 0.201426 0.0206993
289 0.212548 0.0352119
292 0.212548 0.0352119
295 0.212548 0.0352119
298 0.203095 0.056053
301 0.203095 0.056053
304 0.203095 0.056053
307 0.197261 0.0386557
310 0.197261 0.0386557
313 0.197261 0.0386557
316 0.197059 0.0423588
319 0.197059 0.0423588
322 0.197059 0.0423588
325 0.195973 0.0903128
328 0.195973 0.0903128
331 0.195973 0.0903128
334 0.196321 0.0600113
337 0.196321 0.0600113
340 0.196321 0.0600113
343 0.199259 0.0199295
346 0.199259 0.0199295
349 0.199259 0.0199295
352 0.201272 0.0258488
355 0.201272 0.0258488
358 0.201272 0.0258488
361 0.200912 0.0297261
364 0.200912 0.0297261
367 0.200912 0.0297261
370 0.198197 0.0317195
373 0.198197 0.0317195
376 0.198197 0.0317195
379 0.196479 0.0278584
382 0.196479 0.0278584
385 0.196479 0.0278584
388 0.203428 0.032781
391 0.203428 0.032781
394 0.203428 0.032781
397 0.212268 0.0705899
400 0.212268 0.0705899
403 0.212268 0.0705899
406 0.221554 0.0755328
409 0.221554 0.0755328
412 0.221554 0.0755328
415 0.254023 0.107131
418 0.254023 0.107131
421 0.254023 0.107131
424 0.284021 0.126781
427 0.284021 0.126781
430 0.284021 0.126781
433 0.316769 0.180079
436 0.316769 0.180079
439 0.316769 0.180079
442 0.334053 0.213038
445 0.334053 0.213038
448 0.334053 0.213038
451 0.351613 0.173499
454 0.351613 0.173499
457 0.351613 0.173499
460 0.364302 0.266202
463 0.364302 0.266202
466 0.364302 0.266202
469 0.367016 0.292027
472 0.367016 0.292027
475 0.367016 0.292027
478 0.368499 0.298063
481 0.368499 0.298063
484 0.368499 0.298063
487 0.371007 0.248659
490 0.371007 0.248659
493 0.371007 0.248659
496 0.371951 0.265785
499 0.371951 0.265785
502 0.371951 0.265785
505 0.392865 0.0330443
508 0.392865 0.0330443
511 0.392865 0.0330443
514 0.420975 0.0799327
517 0.420975 0.0799327
520 0.420975 0.0799327
523 0.452078 0.104752
526 0.452078 0.104752
529 0.452078 0.104752
532 0.469869 0.120541
535 0.469869 0.120541
538 0.469869 0.120541
541 0.477761 0.0948789
544 0.477761 0.0948789
547 0.477761 0.0948789
550 0.475808 0.135872
553 0.475808 0.135872
556 0.475808 0.135872
559 0.47121 0.13618
562 0.47121 0.13618
565 0.47121 0.13618
568 0.464667 0.208589
571 0.464667 0.208589
574 0.464667 0.208589
577 0.473693 0.0439065
580 0.473693 0.0439065
583 0.473693 0.0439065
586 0.4896 0.057309
589 0.4896 0.057309
592 0.4896 0.057309
595 0.517774 0.0737906
598 0.517774 0.0737906
601 0.517774 0.0737906
604 0.55188 0.0901953
607 0.55188 0.0901953
610 0.55188 0.0901953
613 0.58554 0.0863585
616 0.58554 0.0863585
619 0.58554 0.0863585
622 0.608196 0.093554
625 0.608196 0.093554
628 0.608196 0.093554
631 0.615149 0.107151
634 0.615149 0.107151
637 0.615149 0.107151
640 0.618208 0.119557
643 0.618208 0.119557
646 0.618208 0.119557
649 0.619229 0.0731869
652 0.619229 0.0731869
655 0.619229 0.0731869
658 0.623276 0.0693542
661 0.623276 0.0693542
664 0.623276 0.0693542
667 0.625537 0.0831173
670 0.625537 0.0831173
673 0.625537 0.0831173
676 0.626238 0.0935459
679 0.626238 0.0935459
682 0.626238 0.0935459
685 0.629961 0.0865408
688 0.629961 0.0865408
691 0.629961 0.0865408
694 0.630233 0.0968398
697 0.630233 0.0968398
700 0.630233 0.0968398
703 0.634033 0.0950328
706 0.634033 0.0950328
709 0.634033 0.0950328
712 0.63821 0.130099
715 0.63821 0.130099
718 0.63821 0.130099
721 0.642711 0.0922535
724 0.642711 0.0922535
727 0.642711 0.0922535
730 0.64372 0.11905
733 0.64372 0.11905
736 0.64372 0.11905
739 0.646528 0.0223118
742 0.646528 0.0223118
745 0.646528 0.0223118
748 0.653869 0.108127
751 0.653869 0.108127
754 0.653869 0.108127
757 0.654278 0.0408395
760 0.654278 0.0408395
763 0.654278 0.0408395
766 0.65664 0.0297585
769 0.65664 0.0297585
772 0.65664 0.0297585
775 0.662904 0.0687586
778 0.662904 0.0687586
781 0.662904 0.0687586
784 0.661701 0.0192732
787 0.661701 0.0192732
790 0.661701 0.0192732
793 0.6616 0.0193258
796 0.6616 0.0193258
799 0.6616 0.0193258
802 0.654185 0.0211085
805 0.654185 0.0211085
808 0.654185 0.0211085
811 0.653675 0.0337574
814 0.653675 0.0337574
817 0.653675 0.0337574
820 0.696678 0.103525
823 0.696678 0.103525
826 0.696678 0.103525
829 0.750908 0.0333644
832 0.750908 0.0333644
835 0.750908 0.0333644
838 0.761794 0.0371364
841 0.761794 0.0371364
844 0.761794 0.0371364
847 0.777494 0.0524836
850 0.777494 0.0524836
853 0.777494 0.0524836
856 0.775444 0.0343449
859 0.775444 0.0343449
862 0.775444 0.0343449
865 0.774386 0.0373511
868 0.774386 0.0373511
871 0.774386 0.0373511
874 0.778515 0.0598047
877 0.778515 0.0598047
880 0.778515 0.0598047
883 0.779791 0.0455919
886 0.779791 0.0455919
889 0.779791 0.0455919
892 0.77657 0.0282838
895 0.77657 0.0282838
898 0.77657 0.0282838
901 0.772429 0.0155579
904 0.772429 0.0155579
907 0.772429 0.0155579
910 0.76685 0.0260554
913 0.76685 0.0260554
916 0.76685 0.0260554
919 0.770464 0.0261081
922 0.770464 0.0261081
925 0.770464 0.0261081
928 0.771578 0.0161211
931 0.771578 0.0161211
934 0.771578 0.0161211
937 0.771797 0.0453731
940 0.771797 0.0453731
943 0.771797 0.0453731
946 0.767102 0.032704
949 0.767102 0.032704
952 0.767102 0.032704
955 0.779236 0.0384288
958 0.779236 0.0384288
961 0.779236 0.0384288
964 0.773252 0.0266834
967 0.773252 0.0266834
970 0.773252 0.0266834
973 0.770857 0.0281987
976 0.770857 0.0281987
979 0.770857 0.0281987
982 0.758832 0.0162548
985 0.758832 0.0162548
988 0.758832 0.0162548
991 0.761425 0.0329673
994 0.761425 0.0329673
997 0.761425 0.0329673
1000 0.762398 0.0271372
1003 0.762398 0.0271372
1006 0.762398 0.0271372
1009 0.759805 0.0275748
1012 0.759805 0.0275748
1015 0.759805 0.0275748
1018 0.753926 0.0307593
1021 0.753926 0.0307593
1024 0.753926 0.0307593
1027 0.752536 0.0373673
1030 0.752536 0.0373673
1033 0.752536 0.0373673
1036 0.758233 0.0453124
1039 0.758233 0.0453124
1042 0.758233 0.0453124
1045 0.756713 0.0359979
1048 0.756713 0.0359979
1051 0.756713 0.0359979
1054 0.758208 0.034827
1057 0.758208 0.034827
1060 0.758208 0.034827
1063 0.752455 0.0515274
1066 0.752455 0.0515274
1069 0.752455 0.0515274
1072 0.752208 0.0318977
1075 0.752208 0.0318977
1078 0.752208 0.0318977
1081 0.752212 0.0239324
1084 0.752212 0.0239324
1087 0.752212 0.0239324
1090 0.756709 0.0478608
1093 0.756709 0.0478608
1096 0.756709 0.0478608
1099 0.757957 0.0271453
1102 0.757957 0.0271453
1105 0.757957 0.0271453
1108 0.755279 0.027279
1111 0.755279 0.027279
1114 0.755279 0.027279
1117 0.756373 0.0796937
1120 0.756373 0.0796937
1123 0.756373 0.0796937
1126 0.755466 0.0330079
1129 0.755466 0.0330079
1132 0.755466 0.0330079
1135 0.757102 0.0462523
1138 0.757102 0.0462523
1141 0.757102 0.0462523
1144 0.762552 0.0483267
1147 0.762552 0.0483267
1150 0.762552 0.0483267
1153 0.758095 0.0426789
1156 0.758095 0.0426789
1159 0.758095 0.0426789
1162 0.756252 0.0560408
1165 0.756252 0.0560408
1168 0.756252 0.0560408
1171 0.755737 0.0560489
1174 0.755737 0.0560489
1177 0.755737 0.0560489
1180 0.756 0.0444251
1183 0.756 0.0444251
1186 0.756 0.0444251
1189 0.766555 0.0427559
1192 0.766555 0.0427559
1195 0.766555 0.0427559
1198 0.76922 0.0183332
1201 0.76922 0.0183332
1204 0.76922 0.0183332
1207 0.768439 0.0209586
1210 0.768439 0.0209586
1213 0.768439 0.0209586
1216 0.770067 0.0714731
1219 0.770067 0.0714731
1222 0.770067 0.0714731
1225 0.767649 0.0744186
1228 0.767649 0.0744186
1231 0.767649 0.0744186
1234 0.766644 0.0309861
1237 0.766644 0.0309861
1240 0.766644 0.0309861
1243 0.759339 0.0478486
1246 0.759339 0.0478486
1249 0.759339 0.0478486
1252 0.75786 0.0360546
1255 0.75786 0.0360546
1258 0.75786 0.0360546
1261 0.755077 0.0445304
1264 0.755077 0.0445304
1267 0.755077 0.0445304
1270 0.753768 0.0268495
1273 0.753768 0.0268495
1276 0.753768 0.0268495
1279 0.75265 0.0275059
1282 0.75265 0.0275059
1285 0.75265 0.0275059
1288 0.750851 0.0382343
1291 0.750851 0.0382343
1294 0.750851 0.0382343
1297 0.752131 0.0332793
1300 0.752131 0.0332793
1303 0.752131 0.0332793
1306 0.752431 0.0361762
1309 0.752431 0.0361762
1312 0.752431 0.0361762
1315 0.738198 0.0374159
1318 0.738198 0.0374159
1321 0.738198 0.0374159
1324 0.728336 0.0294709
1327 0.728336 0.0294709
1330 0.728336 0.0294709
1333 0.723831 0.0122073
1336 0.723831 0.0122073
1339 0.723831 0.0122073
1342 0.726683 0.0494571
1345 0.726683 0.0494571
1348 0.726683 0.0494571
1351 0.727437 0.0535451
1354 0.727437 0.0535451
1357 0.727437 0.0535451
1360 0.731343 0.0547079
1363 0.731343 0.0547079
1366 0.731343 0.0547079
1369 0.731375 0.0545701
1372 0.731375 0.0545701
1375 0.731375 0.0545701
1378 0.730844 0.0283486
1381 0.730844 0.0283486
1384 0.730844 0.0283486
1387 0.730208 0.0514018
1390 0.730208 0.0514018
1393 0.730208 0.0514018
1396 0.733737 0.0305324
1399 0.733737 0.0305324
1402 0.733737 0.0305324
1405 0.736841 0.0127502
1408 0.736841 0.0127502
1411 0.736841 0.0127502
1414 0.754748 0.0283729
1417 0.754748 0.0283729
1420 0.754748 0.0283729
1423 0.756649 0.0947168
1426 0.756649 0.0947168
1429 0.756649 0.0947168
1432 0.754805 0.176878
1435 0.754805 0.176878
1438 0.754805 0.176878
1441 0.760242 0.275419
1444 0.760242 0.275419
1447 0.760242 0.275419
1450 0.766944 0.382392
1453 0.766944 0.382392
1456 0.766944 0.382392
1459 0.778101 0.406
1462 0.778101 0.406
1465 0.778101 0.406
1468 0.796471 0.386638
1471 0.796471 0.386638
1474 0.796471 0.386638
1477 0.804801 0.467713
1480 0.804801 0.467713
1483 0.804801 0.467713
1486 0.823653 0.352451
1489 0.823653 0.352451
1492 0.823653 0.352451
1495 0.829491 0.385078
1498 0.829491 0.385078
1501 0.829491 0.385078
1504 0.837124 0.373341
1507 0.837124 0.373341
1510 0.837124 0.373341
1513 0.849072 0.704084
1516 0.849072 0.704084
1519 0.849072 0.704084
1522 0.836067 0.678733
1525 0.836067 0.678733
1528 0.836067 0.678733
1531 0.822924 0.712714
1534 0.822924 0.712714
1537 0.822924 0.712714
1540 0.803334 0.654035
1543 0.803334 0.654035
1546 0.803334 0.654035
1549 0.79229 0.661814
1552 0.79229 0.661814
1555 0.79229 0.661814
1558 0.759857 0.629613
1561 0.759857 0.629613
1564 0.759857 0.629613
1567 0.754991 0.582821
1570 0.754991 0.582821
1573 0.754991 0.582821
1576 0.755166 0.611891
1579 0.755166 0.611891
1582 0.755166 0.611891
1585 0.770987 0.613605
1588 0.770987 0.613605
1591 0.770987 0.613605
1594 0.756171 0.518281
1597 0.756171 0.518281
1600 0.756171 0.518281
1603 0.750434 0.616713
1606 0.750434 0.616713
1609 0.750434 0.616713
1612 0.752763 0.702435
1615 0.752763 0.702435
1618 0.752763 0.702435
1621 0.707499 0.688591
1624 0.707499 0.688591
1627 0.707499 0.688591
1630 0.715858 0.666425
1633 0.715858 0.666425
1636 0.715858 0.666425
1639 0.723855 0.659359
1642 0.723855 0.659359
1645 0.723855 0.659359
1648 0.709383 0.644036
1651 0.709383 0.644036
1654 0.709383 0.644036
1657 0.716397 0.701718
1660 0.716397 0.701718
1663 0.716397 0.701718
1666 0.735058 0.611506
1669 0.735058 0.611506
1672 0.735058 0.611506
1675 0.748821 0.580779
1678 0.748821 0.580779
1681 0.748821 0.580779
1684 0.715153 0.652374
1687 0.715153 0.652374
1690 0.715153 0.652374
1693 0.714898 0.667815
1696 0.714898 0.667815
1699 0.714898 0.667815
1702 0.72371 0.543671
1705 0.72371 0.543671
1708 0.72371 0.543671
1711 0.69419 0.572429
1714 0.69419 0.572429
1717 0.69419 0.572429
1720 0.662689 0.436699
1723 0.662689 0.436699
1726 0.662689 0.436699
1729 0.646066 0.420695
1732 0.646066 0.420695
1735 0.646066 0.420695
1738 0.512361 0.427668
1741 0.512361 0.427668
1744 0.512361 0.427668
1747 0.445515 0.486124
1750 0.445515 0.486124
1753 0.445515 0.486124
1756 0.37676 0.496775
1759 0.37676 0.496775
1762 0.37676 0.496775
1765 0.366328 0.4616
1768 0.366328 0.4616
1771 0.366328 0.4616
1774 0.381278 0.507787
1777 0.381278 0.507787
1780 0.381278 0.507787
1783 0.370671 0.481326
1786 0.370671 0.481326
1789 0.370671 0.481326
1792 0.333684 0.445584
1795 0.333684 0.445584
1798 0.333684 0.445584
1801 0.323138 0.43665
1804 0.323138 0.43665
1807 0.323138 0.43665
1810 0.31632 0.500122
1813 0.31632 0.500122
1816 0.31632 0.500122
1819 0.292606 0.469699
1822 0.292606 0.469699
1825 0.292606 0.469699
1828 0.27025 0.451868
1831 0.27025 0.451868
1834 0.27025 0.451868
1837 0.249643 0.444004
1840 0.249643 0.444004
1843 0.249643 0.444004
1846 0.210291 0.384823
1849 0.210291 0.384823
1852 0.210291 0.384823
1855 0.161822 0.286476
1858 0.161822 0.286476
1861 0.161822 0.286476
1864 0.141917 0.255312
1867 0.141917 0.255312
1870 0.141917 0.255312
1873 0.170801 0.275399
1876 0.170801 0.275399
1879 0.170801 0.275399
1882 0.219439 0.33238
1885 0.219439 0.33238
1888 0.219439 0.33238
1891 0.272028 0.406462
1894 0.272028 0.406462
1897 0.272028 0.406462
1900 0.298704 0.459772
1903 0.298704 0.459772
1906 0.298704 0.459772
1909 0.3824 0.529398
1912 0.3824 0.529398
1915 0.3824 0.529398
1918 0.358431 0.438631
1921 0.358431 0.438631
1924 0.358431 0.438631
1927 0.335467 0.358249
1930 0.335467 0.358249
1933 0.335467 0.358249
1936 0.272125 0.337015
1939 0.272125 0.337015
1942 0.272125 0.337015
1945 0.243258 0.326797
1948 0.243258 0.326797
1951 0.243258 0.326797
1954 0.159574 0.242772
1957 0.159574 0.242772
1960 0.159574 0.242772
1963 0.089462 0.157969
1966 0.089462 0.157969
1969 0.089462 0.157969
1972 0.0193825 0.0735961
1975 0.0193825 0.0735961
1978 0.0193825 0.0735961
1981 0.00737379 0.0235718
1984 0.00737379 0.0235718
1987 0.00737379 0.0235718
1990 0.00696054 0.0265902
1993 0.00696054 0.0265902
1996 0.00696054 0.0265902
1999 0.00768576 0.0184588
2002 0.00768576 0.0184588
2005 0.00768576 0.0184588
2008 0.10726 0.100604
2011 0.10726 0.100604
2014 0.10726 0.100604
2017 0.222575 0.149676
2020 0.222575 0.149676
2023 0.222575 0.149676
2026 0.289968 0.305008
2029 0.289968 0.305008
2032 0.289968 0.305008
2035 0.294834 0.404935
2038 0.294834 0.404935
2041 0.294834 0.404935
2044 0.248339 0.404404
2047 0.248339 0.404404
2050 0.248339 0.404404
2053 0.199781 0.311134
2056 0.199781 0.311134
2059 0.199781 0.311134
2062 0.105494 0.236229
2065 0.105494 0.236229
2068 0.105494 0.236229
2071 0.0625881 0.178243
2074 0.0625881 0.178243
2077 0.0625881 0.178243
2080 0.0174864 0.0690098
2083 0.0174864 0.0690098
2086 0.0174864 0.0690098
2089 0.0110445 0.0317033
2092 0.0110445 0.0317033
2095 0.0110445 0.0317033
2098 0.0144235 0.0329957
2101 0.0144235 0.0329957
2104 0.0144235 0.0329957
2107 0.0691921 0.0802812
2110 0.0691921 0.0802812
2113 0.0691921 0.0802812
2116 0.161677 0.136395
2119 0.161677 0.136395
2122 0.161677 0.136395
2125 0.265696 0.19998
2128 0.265696 0.19998
2131 0.265696 0.19998
2134 0.340528 0.321343
2137 0.340528 0.321343
2140 0.340528 0.321343
2143 0.338121 0.307451
2146 0.338121 0.307451
2149 0.338121 0.307451
2152 0.299384 0.225342
2155 0.299384 0.225342
2158 0.299384 0.225342
2161 0.287355 0.214735
2164 0.287355 0.214735
2167 0.287355 0.214735
2170 0.260234 0.272129
2173 0.260234 0.272129
2176 0.260234 0.272129
2179 0.178114 0.318819
2182 0.178114 0.318819
2185 0.178114 0.318819
2188 0.094575 0.204663
2191 0.094575 0.204663
2194 0.094575 0.204663
2197 0.0365124 0.117774
2200 0.0365124 0.117774
2203 0.0365124 0.117774
2206 0.0124747 0.0137631
2209 0.0124747 0.0137631
2212 0.0124747 0.0137631
2215 0.0014545 0.0276193
2218 0.0014545 0.0276193
2221 0.0014545 0.0276193
2224 0.00156794 0.0142776
2227 0.00156794 0.0142776
2230 0.00156794 0.0142776
2233 0.00192853 0.00945628
2236 0.00192853 0.00945628
2239 0.00192853 0.00945628
2242 0.00188802 0.0141237
2245 0.00188802 0.0141237
2248 0.00188802 0.0141237
2251 0.00290495 0.0111174
2254 0.00290495 0.0111174
2257 0.00290495 0.0111174
2260 0.00426222 0.0315777
2263 0.00426222 0.0315777
2266 0.00426222 0.0315777
2269 0.0292561 0.0562556
2272 0.0292561 0.0562556
2275 0.0292561 0.0562556
2278 0.0683454 0.137777
2281 0.0683454 0.137777
2284 0.0683454 0.137777
2287 0.0850822 0.178592
2290 0.0850822 0.178592
2293 0.0850822 0.178592
2296 0.0895916 0.199161
2299 0.0895916 0.199161
2302 0.0895916 0.199161
2305 0.104769 0.244413
2308 0.104769 0.244413
2311 0.104769 0.244413
2314 0.0782473 0.249907
2317 0.0782473 0.249907
2320 0.0782473 0.249907
2323 0.053148 0.14921
2326 0.053148 0.14921
2329 0.053148 0.14921
2332 0.041119 0.117871
2335 0.041119 0.117871
2338 0.041119 0.117871
2341 0.0245158 0.14765
2344 0.0245158 0.14765
2347 0.0245158 0.14765
2350 0.0132809 0.0589579
2353 0.0132809 0.0589579
2356 0.0132809 0.0589579
2359 0.0100964 0.0473787
2362 0.0100964 0.0473787
2365 0.0100964 0.0473787
2368 0.0136861 0.0556073
2371 0.0136861 0.0556073
2374 0.0136861 0.0556073
2377 0.0140305 0.0892877
2380 0.0140305 0.0892877
2383 0.0140305 0.0892877
2386 0.0376671 0.0719715
2389 0.0376671 0.0719715
2392 0.0376671 0.0719715
2395 0.0675229 0.0352767
2398 0.0675229 0.0352767
2401 0.0675229 0.0352767
2404 0.0708533 0.137785
2407 0.0708533 0.137785
2410 0.0708533 0.137785
2413 0.07217 0.132315
2416 0.07217 0.132315
2419 0.07217 0.132315
2422 0.0362896 0.138449
2425 0.0362896 0.138449
2428 0.0362896 0.138449
2431 0.00369095 0.0265538
2434 0.00369095 0.0265538
2437 0.00369095 0.0265538
2440 0.0361356 0.0424074
2443 0.0361356 0.0424074
2446 0.0361356 0.0424074
2449 0.0488453 0.078069
2452 0.0488453 0.078069
2455 0.0488453 0.078069
2458 0.0504943 0.0873714
2461 0.0504943 0.0873714
2464 0.0504943 0.0873714
2467 0.03396 0.13742
2470 0.03396 0.13742
2473 0.03396 0.13742
2476 0.0112552 0.0492505
2479 0.0112552 0.0492505
2482 0.0112552 0.0492505
2485 0.0104813 0.0260676
2488 0.0104813 0.0260676
2491 0.0104813 0.0260676
2494 0.0145207 0.0530994
2497 0.0145207 0.0530994
2500 0.0145207 0.0530994
2503 0.016899 0.0758974
2506 0.016899 0.0758974
2509 0.016899 0.0758974
2512 0.0417835 0.0698728
2515 0.0417835 0.0698728
2518 0.0417835 0.0698728
2521 0.0587635 0.14148
2524 0.0587635 0.14148
2527 0.0587635 0.14148
2530 0.0716636 0.161365
2533 0.0716636 0.161365
2536 0.0716636 0.161365
2539 0.0815574 0.161932
2542 0.0815574 0.161932
2545 0.0815574 0.161932
2548 0.0851228 0.256843
2551 0.0851228 0.256843
2554 0.0851228 0.256843
2557 0.051572 0.180411
2560 0.051572 0.180411
2563 0.051572 0.180411
2566 0.00939146 0.063443
2569 0.00939146 0.063443
2572 0.00939146 0.063443
2575 0.000530751 0.0102342
2578 0.000530751 0.0102342
2581 0.000530751 0.0102342
2584 0.000514545 0.0845029
2587 0.000514545 0.0845029
2590 0.000514545 0.0845029
2593 0.000615833 0.087655
2596 0.000615833 0.087655
2599 0.000615833 0.087655
2602 0.0005267 0.0796046
2605 0.0005267 0.0796046
2608 0.0005267 0.0796046
2611 0.000822462 0.118195
2614 0.000822462 0.118195
2617 0.000822462 0.118195
2620 0.000656349 0.0105056
2623 0.000656349 0.0105056
2626 0.000656349 0.0105056
2629 0.0250182 0.0217973
2632 0.0250182 0.0217973
2635 0.0250182 0.0217973
2638 0.0495017 0.0688032
2641 0.0495017 0.0688032
2644 0.0495017 0.0688032
2647 0.120813 0.161851
2650 0.120813 0.161851
2653 0.120813 0.161851
2656 0.1582 0.315825
2659 0.1582 0.315825
2662 0.1582 0.315825
2665 0.169508 0.338255
2668 0.169508 0.338255
2671 0.169508 0.338255
2674 0.159391 0.336229
2677 0.159391 0.336229
2680 0.159391 0.336229
2683 0.138842 0.298959
2686 0.138842 0.298959
2689 0.138842 0.298959
2692 0.11102 0.243489
2695 0.11102 0.243489
2698 0.11102 0.243489
2701 0.0647922 0.10882
2704 0.0647922 0.10882
2707 0.0647922 0.10882
2710 0.0425006 0.0888137
2713 0.0425006 0.0888137
2716 0.0425006 0.0888137
2719 0.045989 0.0573252
2722 0.045989 0.0573252
2725 0.045989 0.0573252
2728 0.0522202 0.0854307
2731 0.0522202 0.0854307
2734 0.0522202 0.0854307
2737 0.0808443 0.112288
2740 0.0808443 0.112288
2743 0.0808443 0.112288
2746 0.0884207 0.149903
2749 0.0884207 0.149903
2752 0.0884207 0.149903
2755 0.0986711 0.170813
2758 0.0986711 0.170813
2761 0.0986711 0.170813
2764 0.104242 0.125371
2767 0.104242 0.125371
2770 0.104242 0.125371
2773 0.109703 0.149964
2776 0.109703 0.149964
2779 0.109703 0.149964
2782 0.115327 0.148683
2785 0.115327 0.148683
2788 0.115327 0.148683
2791 0.118977 0.184491
2794 0.118977 0.184491
2797 0.118977 0.184491
2800 0.120189 0.198035
2803 0.120189 0.198035
2806 0.120189 0.198035
2809 0.12247 0.141646
2812 0.12247 0.141646
2815 0.12247 0.141646
2818 0.123211 0.0614132
2821 0.123211 0.0614132
2824 0.123211 0.0614132
2827 0.123831 0.0345393
2830 0.123831 0.0345393
2833 0.123831 0.0345393
2836 0.124641 0.0342233
2839 0.124641 0.0342233
2842 0.124641 0.0342233
2845 0.123957 0.0318167
2848 0.123957 0.0318167
2851 0.123957 0.0318167
2854 0.136448 0.0445507
2857 0.136448 0.0445507
2860 0.136448 0.0445507
2863 0.123795 0.0444494
2866 0.123795 0.0444494
2869 0.123795 0.0444494
2872 0.12815 0.0394052
2875 0.12815 0.0394052
2878 0.12815 0.0394052
2881 0.13016 0.0460822
2884 0.13016 0.0460822
2887 0.13016 0.0460822
2890 0.13759 0.0732356
2893 0.13759 0.0732356
2896 0.13759 0.0732356
2899 0.13663 0.0623248
2902 0.13663 0.0623248
2905 0.13663 0.0623248
2908 0.137995 0.0693177
2911 0.137995 0.0693177
2914 0.137995 0.0693177
2917 0.138182 0.0733612
2920 0.138182 0.0733612
2923 0.138182 0.0733612
2926 0.137643 0.0656957
2929 0.137643 0.0656957
2932 0.137643 0.0656957
2935 0.143445 0.0713759
2938 0.143445 0.0713759
2941 0.143445 0.0713759
2944 0.158399 0.100077
2947 0.158399 0.100077
2950 0.158399 0.100077
2953 0.198594 0.0939875
2956 0.198594 0.0939875
2959 0.198594 0.0939875
2962 0.246901 0.11916
2965 0.246901 0.11916
2968 0.246901 0.11916
2971 0.295892 0.121554
2974 0.295892 0.121554
2977 0.295892 0.121554
2980 0.340491 0.158496
2983 0.340491 0.158496
2986 0.340491 0.158496
2989 0.385528 0.214999
2992 0.385528 0.214999
2995 0.385528 0.214999
2998 0.441403 0.248205
3001 0.441403 0.248205
3004 0.441403 0.248205
3007 0.512467 0.303736
3010 0.512467 0.303736
3013 0.512467 0.303736
3016 0.590758 0.359456
3019 0.590758 0.359456
3022 0.590758 0.359456
3025 0.639956 0.355988
3028 0.639956 0.355988
3031 0.639956 0.355988
3034 0.673118 0.168661
3037 0.673118 0.168661
3040 0.673118 0.168661
3043 0.656547 0.30075
3046 0.656547 0.30075
3049 0.656547 0.30075
3052 0.644802 0.149502
3055 0.644802 0.149502
3058 0.644802 0.149502
3061 0.649984 0.169897
3064 0.649984 0.169897
3067 0.649984 0.169897
3070 0.662102 0.183466
3073 0.662102 0.183466
3076 0.662102 0.183466
3079 0.657204 0.22467
3082 0.657204 0.22467
3085 0.657204 0.22467
3088 0.685269 0.174962
3091 0.685269 0.174962
3094 0.685269 0.174962
3097 0.673321 0.148995
3100 0.673321 0.148995
3103 0.673321 0.148995
3106 0.665931 0.140803
3109 0.665931 0.140803
3112 0.665931 0.140803
3115 0.659278 0.114063
3118 0.659278 0.114063
3121 0.659278 0.114063
3124 0.656138 0.118848
3127 0.656138 0.118848
3130 0.656138 0.118848
3133 0.664662 0.122875
3136 0.664662 0.122875
3139 0.664662 0.122875
3142 0.67031 0.0609675
3145 0.67031 0.0609675
3148 0.67031 0.0609675
3151 0.663508 0.0651487
3154 0.663508 0.0651487
3157 0.663508 0.0651487
3160 0.662333 0.0748886
3163 0.662333 0.0748886
3166 0.662333 0.0748886
3169 0.658054 0.0912608
3172 0.658054 0.0912608
3175 0.658054 0.0912608
3178 0.657957 0.0853375
3181 0.657957 0.0853375
3184 0.657957 0.0853375
3187 0.669472 0.107759
3190 0.669472 0.107759
3193 0.669472 0.107759
3196 0.665813 0.130751
3199 0.665813 0.130751
3202 0.665813 0.130751
3205 0.663338 0.105814
3208 0.663338 0.105814
3211 0.663338 0.105814
3214 0.661288 0.125865
3217 0.661288 0.125865
3220 0.661288 0.125865
3223 0.659359 0.0613484
3226 0.659359 0.0613484
3229 0.659359 0.0613484
3232 0.655636 0.0325662
3235 0.655636 0.0325662
3238 0.655636 0.0325662
3241 0.653602 0.0665262
3244 0.653602 0.0665262
3247 0.653602 0.0665262
3250 0.651657 0.0266834
3253 0.651657 0.0266834
3256 0.651657 0.0266834
3259 0.651187 0.0426465
3262 0.651187 0.0426465
3265 0.651187 0.0426465
3268 0.651588 0.0217892
3271 0.651588 0.0217892
3274 0.651588 0.0217892
3277 0.658346 0.0174338
3280 0.658346 0.0174338
3283 0.658346 0.0174338
3286 0.675622 0.0570983
3289 0.675622 0.0570983
3292 0.675622 0.0570983
3295 0.675184 0.0286038
3298 0.675184 0.0286038
3301 0.675184 0.0286038
3304 0.670724 0.0154728
3307 0.670724 0.0154728
3310 0.670724 0.0154728
3313 0.668455 0.0496516
3316 0.668455 0.0496516
3319 0.668455 0.0496516
3322 0.664561 0.0448748
3325 0.664561 0.0448748
3328 0.664561 0.0448748
3331 0.661786 0.0602018
3334 0.661786 0.0602018
3337 0.661786 0.0602018
3340 0.649469 0.072717
3343 0.649469 0.072717
3346 0.649469 0.072717
3349 0.645446 0.0452962
3352 0.645446 0.0452962
3355 0.645446 0.0452962
3358 0.648505 0.0512479
3361 0.648505 0.0512479
3364 0.648505 0.0512479
3367 0.652005 0.0627866
3370 0.652005 0.0627866
3373 0.652005 0.0627866
3376 0.649716 0.040645
3379 0.649716 0.040645
3382 0.649716 0.040645
3385 0.650685 0.0242606
3388 0.650685 0.0242606
3391 0.650685 0.0242606
3394 0.653043 0.0358763
3397 0.653043 0.0358763
3400 0.653043 0.0358763
3403 0.65756 0.0289199
3406 0.65756 0.0289199
3409 0.65756 0.0289199
3412 0.651568 0.0810793
3415 0.651568 0.0810793
3418 0.651568 0.0810793
3421 0.647853 0.0246739
3424 0.647853 0.0246739
3427 0.647853 0.0246739
3430 0.647731 0.041273
3433 0.647731 0.041273
3436 0.647731 0.041273
3439 0.688842 0.0853294
3442 0.688842 0.0853294
3445 0.688842 0.0853294
3448 0.706012 0.0197553
3451 0.706012 0.0197553
3454 0.706012 0.0197553
3457 0.710595 0.0473098
3460 0.710595 0.0473098
3463 0.710595 0.0473098
3466 0.706726 0.0281339
3469 0.706726 0.0281339
3472 0.706726 0.0281339
3475 0.705794 0.0439956
3478 0.705794 0.0439956
3481 0.705794 0.0439956
3484 0.710627 0.0304838
3487 0.710627 0.0304838
3490 0.710627 0.0304838
3493 0.711413 0.0923507
3496 0.711413 0.0923507
3499 0.711413 0.0923507
3502 0.717122 0.025707
3505 0.717122 0.025707
3508 0.717122 0.025707
3511 0.72247 0.140738
3514 0.72247 0.140738
3517 0.72247 0.140738
3520 0.724386 0.0162548
3523 0.724386 0.0162548
3526 0.724386 0.0162548
3529 0.725051 0.0942266
3532 0.725051 0.0942266
3535 0.725051 0.0942266
3538 0.716437 0.152006
3541 0.716437 0.152006
3544 0.716437 0.152006
3547 0.717162 0.0123936
3550 0.717162 0.0123936
3553 0.717162 0.0123936
3556 0.718358 0.0195973
3559 0.718358 0.0195973
3562 0.718358 0.0195973
3565 0.705822 0.0371404
3568 0.705822 0.0371404
3571 0.705822 0.0371404
3574 0.708585 0.0391297
3577 0.708585 0.0391297
3580 0.708585 0.0391297
3583 0.71288 0.0348594
3586 0.71288 0.0348594
3589 0.71288 0.0348594
3592 0.712779 0.0227858
3595 0.712779 0.0227858
3598 0.712779 0.0227858
3601 0.7072 0.0503525
3604 0.7072 0.0503525
3607 0.7072 0.0503525
3610 0.705737 0.0237744
3613 0.705737 0.0237744
3616 0.705737 0.0237744
3619 0.708605 0.0106474
3622 0.708605 0.0106474
3625 0.708605 0.0106474
3628 0.703569 0.032153
3631 0.703569 0.032153
3634 0.703569 0.032153
3637 0.708926 0.0204035
3640 0.708926 0.0204035
3643 0.708926 0.0204035
3646 0.710891 0.0393526
3649 0.710891 0.0393526
3652 0.710891 0.0393526
3655 0.713755 0.0305405
3658 0.713755 0.0305405
3661 0.713755 0.0305405
3664 0.718795 0.0157848
3667 0.718795 0.0157848
3670 0.718795 0.0157848
3673 0.715444 0.0320314
3676 0.715444 0.0320314
3679 0.715444 0.0320314
3682 0.717199 0.0253099
3685 0.717199 0.0253099
3688 0.717199 0.0253099
3691 0.715651 0.0229438
3694 0.715651 0.0229438
3697 0.715651 0.0229438
3700 0.70679 0.0670408
3703 0.70679 0.0670408
3706 0.70679 0.0670408
3709 0.703298 0.0749048
3712 0.703298 0.0749048
3715 0.703298 0.0749048
3718 0.703614 0.0662426
3721 0.703614 0.0662426
3724 0.703614 0.0662426
3727 0.69024 0.0751276
3730 0.69024 0.0751276
3733 0.69024 0.0751276
3736 0.689425 0.0743173
3739 0.689425 0.0743173
3742 0.689425 0.0743173
3745 0.684365 0.0954866
3748 0.684365 0.0954866
3751 0.684365 0.0954866
3754 0.684624 0.0913095
3757 0.684624 0.0913095
3760 0.684624 0.0913095
3763 0.681995 0.00823677
3766 0.681995 0.00823677
3769 0.681995 0.00823677
3772 0.679414 0.0298639
3775 0.679414 0.0298639
3778 0.679414 0.0298639
3781 0.682578 0.0335143
3784 0.682578 0.0335143
3787 0.682578 0.0335143
3790 0.679102 0.0370797
3793 0.679102 0.0370797
3796 0.679102 0.0370797
3799 0.670136 0.0354226
3802 0.670136 0.0354226
3805 0.670136 0.0354226
3808 0.66478 0.0747225
3811 0.66478 0.0747225
3814 0.66478 0.0747225
3817 0.744482 0.0799733
3820 0.744482 0.0799733
3823 0.744482 0.0799733
3826 0.791674 0.026809
3829 0.791674 0.026809
3832 0.791674 0.026809
3835 0.796751 0.0105137
3838 0.796751 0.0105137
3841 0.796751 0.0105137
3844 0.797739 0.0226845
3847 0.797739 0.0226845
3850 0.797739 0.0226845
3853 0.796795 0.0251479
3856 0.796795 0.0251479
3859 0.796795 0.0251479
3862 0.794547 0.0300867
3865 0.794547 0.0300867
3868 0.794547 0.0300867
3871 0.793979 0.0589458
3874 0.793979 0.0589458
3877 0.793979 0.0589458
3880 0.795069 0.0513897
3883 0.795069 0.0513897
3886 0.795069 0.0513897
3889 0.794697 0.03475
3892 0.794697 0.03475
3895 0.794697 0.03475
3898 0.792257 0.0752573
3901 0.792257 0.0752573
3904 0.792257 0.0752573
3907 0.792201 0.0494895
3910 0.792201 0.0494895
3913 0.792201 0.0494895
3916 0.791265 0.0284215
3919 0.791265 0.0284215
3922 0.791265 0.0284215
3925 0.79167 0.0331942
3928 0.79167 0.0331942
3931 0.79167 0.0331942
3934 0.790321 0.0271331
3937 0.790321 0.0271331
3940 0.790321 0.0271331
3943 0.792792 0.0237866
3946 0.792792 0.0237866
3949 0.792792 0.0237866
3952 0.792509 0.040333
3955 0.792509 0.040333
3958 0.792509 0.040333
3961 0.793473 0.0326594
3964 0.793473 0.0326594
3967 0.793473 0.0326594
3970 0.797083 0.0706021
3973 0.797083 0.0706021
3976 0.797083 0.0706021
3979 0.796171 0.03003
3982 0.796171 0.03003
3985 0.796171 0.03003
3988 0.791698 0.0249818
3991 0.791698 0.0249818
3994 0.791698 0.0249818
3997 0.795381 0.0210558
4000 0.795381 0.0210558
4003 0.795381 0.0210558
4006 0.793226 0.0416174
4009 0.793226 0.0416174
4012 0.793226 0.0416174
4015 0.793728 0.018633
4018 0.793728 0.018633
4021 0.793728 0.018633
4024 0.795507 0.0463334
4027 0.795507 0.0463334
4030 0.795507 0.0463334
4033 0.795264 0.0282392
4036 0.795264 0.0282392
4039 0.795264 0.0282392
4042 0.793927 0.020363
4045 0.793927 0.020363
4048 0.793927 0.020363
4051 0.783158 0.0289563
4054 0.783158 0.0289563
4057 0.783158 0.0289563
4060 0.780723 0.0190017
4063 0.780723 0.0190017
4066 0.780723 0.0190017
4069 0.79056 0.0151689
4072 0.79056 0.0151689
4075 0.79056 0.0151689
4078 0.794093 0.064468
4081 0.794093 0.064468
4084 0.794093 0.064468
4087 0.793979 0.0206588
4090 0.793979 0.0206588
4093 0.793979 0.0206588
4096 0.795175 0.0480066
4099 0.795175 0.0480066
4102 0.795175 0.0480066
4105 0.79184 0.0682724
4108 0.79184 0.0682724
4111 0.79184 0.0682724
4114 0.793635 0.046775
4117 0.793635 0.046775
4120 0.793635 0.046775
4123 0.793862 0.0586379
4126 0.793862 0.0586379
4129 0.793862 0.0586379
4132 0.792225 0.151981
4135 0.792225 0.151981
4138 0.792225 0.151981
4141 0.789474 0.245981
4144 0.789474 0.245981
4147 0.789474 0.245981
4150 0.786423 0.288781
4153 0.786423 0.288781
4156 0.786423 0.288781
4159 0.782639 0.311575
4162 0.782639 0.311575
4165 0.782639 0.311575
4168 0.784511 0.320481
4171 0.784511 0.320481
4174 0.784511 0.320481
4177 0.792719 0.304522
4180 0.792719 0.304522
4183 0.792719 0.304522
4186 0.800952 0.179325
4189 0.800952 0.179325
4192 0.800952 0.179325
4195 0.805121 0.184402
4198 0.805121 0.184402
4201 0.805121 0.184402
4204 0.806122 0.397018
4207 0.806122 0.397018
4210 0.806122 0.397018
4213 0.810502 0.535941
4216 0.810502 0.535941
4219 0.810502 0.535941
4222 0.818775 0.631695
4225 0.818775 0.631695
4228 0.818775 0.631695
4231 0.833543 0.583129
4234 0.833543 0.583129
4237 0.833543 0.583129
4240 0.849842 0.52219
4243 0.849842 0.52219
4246 0.849842 0.52219
4249 0.817215 0.503683
4252 0.817215 0.503683
4255 0.817215 0.503683
4258 0.753039 0.481399
4261 0.753039 0.481399
4264 0.753039 0.481399
4267 0.726278 0.485066
4270 0.726278 0.485066
4273 0.726278 0.485066
4276 0.754359 0.499477
4279 0.754359 0.499477
4282 0.754359 0.499477
4285 0.760587 0.444964
4288 0.760587 0.444964
4291 0.760587 0.444964
4294 0.72108 0.504222
4297 0.72108 0.504222
4300 0.72108 0.504222
4303 0.705555 0.624439
4306 0.705555 0.624439
4309 0.705555 0.624439
4312 0.695401 0.663386
4315 0.695401 0.663386
4318 0.695401 0.663386
4321 0.659331 0.635917
4324 0.659331 0.635917
4327 0.659331 0.635917
4330 0.61414 0.709201
4333 0.61414 0.709201
4336 0.61414 0.709201
4339 0.604724 0.691654
4342 0.604724 0.691654
4345 0.604724 0.691654
4348 0.611012 0.654919
4351 0.611012 0.654919
4354 0.611012 0.654919
4357 0.614468 0.628417
4360 0.614468 0.628417
4363 0.614468 0.628417
4366 0.607001 0.529191
4369 0.607001 0.529191
4372 0.607001 0.529191
4375 0.597314 0.566611
4378 0.597314 0.566611
4381 0.597314 0.566611
4384 0.590673 0.554935
4387 0.590673 0.554935
4390 0.590673 0.554935
4393 0.5723 0.462373
4396 0.5723 0.462373
4399 0.5723 0.462373
4402 0.510639 0.521493
4405 0.510639 0.521493
4408 0.510639 0.521493
4411 0.459934 0.471866
4414 0.459934 0.471866
4417 0.459934 0.471866
4420 0.485463 0.573321
4423 0.485463 0.573321
4426 0.485463 0.573321
4429 0.494474 0.567166
4432 0.494474 0.567166
4435 0.494474 0.567166
4438 0.462872 0.230929
4441 0.462872 0.230929
4444 0.462872 0.230929
4447 0.479742 0.620744
4450 0.479742 0.620744
4453 0.479742 0.620744
4456 0.486496 0.608537
4459 0.486496 0.608537
4462 0.486496 0.608537
4465 0.47685 0.641978
4468 0.47685 0.641978
4471 0.47685 0.641978
4474 0.516846 0.563074
4477 0.516846 0.563074
4480 0.516846 0.563074
4483 0.467863 0.590001
4486 0.467863 0.590001
4489 0.467863 0.590001
4492 0.444158 0.564537
4495 0.444158 0.564537
4498 0.444158 0.564537
4501 0.482254 0.543534
4504 0.482254 0.543534
4507 0.482254 0.543534
4510 0.597217 0.590066
4513 0.597217 0.590066
4516 0.597217 0.590066
4519 0.672429 0.598825
4522 0.672429 0.598825
4525 0.672429 0.598825
4528 0.721408 0.524743
4531 0.721408 0.524743
4534 0.721408 0.524743
4537 0.779345 0.495203
4540 0.779345 0.495203
4543 0.779345 0.495203
4546 0.733113 0.488165
4549 0.733113 0.488165
4552 0.733113 0.488165
4555 0.697407 0.543266
4558 0.697407 0.543266
4561 0.697407 0.543266
4564 0.596775 0.621032
4567 0.596775 0.621032
4570 0.596775 0.621032
4573 0.532149 0.598951
4576 0.532149 0.598951
4579 0.532149 0.598951
4582 0.483838 0.618653
4585 0.483838 0.618653
4588 0.483838 0.618653
4591 0.471121 0.55107
4594 0.471121 0.55107
4597 0.471121 0.55107
4600 0.497727 0.550117
4603 0.497727 0.550117
4606 0.497727 0.550117
4609 0.481882 0.42563
4612 0.481882 0.42563
4615 0.481882 0.42563
4618 0.442622 0.45771
4621 0.442622 0.45771
4624 0.442622 0.45771
4627 0.360789 0.457033
4630 0.360789 0.457033
4633 0.360789 0.457033
4636 0.381699 0.432339
4639 0.381699 0.432339
4642 0.381699 0.432339
4645 0.425043 0.509152
4648 0.425043 0.509152
4651 0.425043 0.509152
4654 0.455016 0.52623
4657 0.455016 0.52623
4660 0.455016 0.52623
4663 0.427753 0.472425
4666 0.427753 0.472425
4669 0.427753 0.472425
4672 0.386018 0.388972
4675 0.386018 0.388972
4678 0.386018 0.388972
4681 0.273864 0.258695
4684 0.273864 0.258695
4687 0.273864 0.258695
4690 0.269946 0.361997
4693 0.269946 0.361997
4696 0.269946 0.361997
4699 0.286099 0.318321
4702 0.286099 0.318321
4705 0.286099 0.318321
4708 0.296119 0.403083
4711 0.296119 0.403083
4714 0.296119 0.403083
4717 0.357459 0.452273
4720 0.357459 0.452273
4723 0.357459 0.452273
4726 0.417369 0.525399
4729 0.417369 0.525399
4732 0.417369 0.525399
4735 0.404287 0.499445
4738 0.404287 0.499445
4741 0.404287 0.499445
4744 0.360173 0.497371
4747 0.360173 0.497371
4750 0.360173 0.497371
4753 0.286598 0.421984
4756 0.286598 0.421984
4759 0.286598 0.421984
4762 0.208245 0.380293
4765 0.208245 0.380293
4768 0.208245 0.380293
4771 0.149153 0.286209
4774 0.149153 0.286209
4777 0.149153 0.286209
4780 0.0874524 0.219318
4783 0.0874524 0.219318
4786 0.0874524 0.219318
4789 0.0316101 0.126068
4792 0.0316101 0.126068
4795 0.0316101 0.126068
4798 0.000320071 0.031444
4801 0.000320071 0.031444
4804 0.000320071 0.031444
4807 0.000194474 0.0754072
4810 0.000194474 0.0754072
4813 0.000194474 0.0754072
4816 9.31853e-05 0.10925
4819 9.31853e-05 0.10925
4822 9.31853e-05 0.10925
4825 0.000125598 0.0791143
4828 0.000125598 0.0791143
4831 0.000125598 0.0791143
4834 0.000769792 0.0824244
4837 0.000769792 0.0824244
4840 0.000769792 0.0824244
4843 0.00122356 0.0361397
4846 0.00122356 0.0361397
4849 0.00122356 0.0361397
4852 0.00137752 0.0138198
4855 0.00137752 0.0138198
4858 0.00137752 0.0138198
4861 0.00174621 0.0122964
4864 0.00174621 0.0122964
4867 0.00174621 0.0122964
4870 0.000858926 0.0068471
4873 0.000858926 0.0068471
4876 0.000858926 0.0068471
4879 0.000575318 0.00492667
4882 0.000575318 0.00492667
4885 0.000575318 0.00492667
4888 0.000433514 0.0137226
4891 0.000433514 0.0137226
4894 0.000433514 0.0137226
4897 0.00183535 0.00483753
4900 0.00183535 0.00483753
4903 0.00183535 0.00483753
4906 0.00827324 0.0104327
4909 0.00827324 0.0104327
4912 0.00827324 0.0104327
4915 0.00144235 0.0126651
4918 0.00144235 0.0126651
4921 0.00144235 0.0126651
4924 0.033729 0.0407422
4927 0.033729 0.0407422
4930 0.033729 0.0407422
4933 0.0845231 0.129139
4936 0.0845231 0.129139
4939 0.0845231 0.129139
4942 0.102427 0.207617
4945 0.102427 0.207617
4948 0.102427 0.207617
4951 0.10707 0.208391
4954 0.10707 0.208391
4957 0.10707 0.208391
4960 0.0865124 0.235301
4963 0.0865124 0.235301
4966 0.0865124 0.235301
4969 0.0644518 0.190645
4972 0.0644518 0.190645
4975 0.0644518 0.190645
4978 0.0782271 0.148558
4981 0.0782271 0.148558
4984 0.0782271 0.148558
4987 0.0819828 0.156288
4990 0.0819828 0.156288
4993 0.0819828 0.156288
4996 0.0919942 0.215339
4999 0.0919942 0.215339
5002 0.0919942 0.215339
5005 0.0869054 0.201086
5008 0.0869054 0.201086
5011 0.0869054 0.201086
5014 0.0556316 0.145572
5017 0.0556316 0.145572
5020 0.0556316 0.145572
5023 0.0231667 0.10626
5026 0.0231667 0.10626
5029 0.0231667 0.10626
5032 0.011166 0.0438336
5035 0.011166 0.0438336
5038 0.011166 0.0438336
5041 0.0148853 0.0375375
5044 0.0148853 0.0375375
5047 0.0148853 0.0375375
5050 0.0488656 0.0855036
5053 0.0488656 0.0855036
5056 0.0488656 0.0855036
5059 0.117928 0.153565
5062 0.117928 0.153565
5065 0.117928 0.153565
5068 0.190025 0.206499
5071 0.190025 0.206499
5074 0.190025 0.206499
5077 0.230796 0.246888
5080 0.230796 0.246888
5083 0.230796 0.246888
5086 0.199895 0.215436
5089 0.199895 0.215436
5092 0.199895 0.215436
5095 0.154882 0.253715
5098 0.154882 0.253715
5101 0.154882 0.253715
5104 0.109959 0.216802
5107 0.109959 0.216802
5110 0.109959 0.216802
5113 0.0694109 0.160866
5116 0.0694109 0.160866
5119 0.0694109 0.160866
5122 0.0277409 0.0761324
5125 0.0277409 0.0761324
5128 0.0277409 0.0761324
5131 0.00167734 0.016749
5134 0.00167734 0.016749
5137 0.00167734 0.016749
5140 0.000121546 0.0177984
5143 0.000121546 0.0177984
5146 0.000121546 0.0177984
5149 6.88761e-05 0.0642655
5152 6.88761e-05 0.0642655
5155 6.88761e-05 0.0642655
5158 5.67215e-05 0.0990033
5161 5.67215e-05 0.0990033
5164 5.67215e-05 0.0990033
5167 8.50822e-05 0.0680415
5170 8.50822e-05 0.0680415
5173 8.50822e-05 0.0680415
5176 5.267e-05 0.0764241
5179 5.267e-05 0.0764241
5182 5.267e-05 0.0764241
5185 0.000113443 0.107666
5188 0.000113443 0.107666
5191 0.000113443 0.107666
5194 8.10307e-06 0.0708249
5197 8.10307e-06 0.0708249
5200 8.10307e-06 0.0708249
5203 0 0.129325
5206 0 0.129325
5209 0 0.129325
5212 0 0.0421562
5215 0 0.0421562
5218 0 0.0421562
5221 0.000133701 0.114355
5224 0.000133701 0.114355
5227 0.000133701 0.114355
5230 4.86184e-05 0.0618953
5233 4.86184e-05 0.0618953
5236 4.86184e-05 0.0618953
5239 3.64638e-05 0.126193
5242 3.64638e-05 0.126193
5245 3.64638e-05 0.126193
5248 5.67215e-05 0.0885544
5251 5.67215e-05 0.0885544
5254 5.67215e-05 0.0885544
5257 0.0122194 0.00999514
5260 0.0122194 0.00999514
5263 0.0122194 0.00999514
5266 0.0457499 0.0555992
5269 0.0457499 0.0555992
5272 0.0457499 0.0555992
5275 0.0570983 0.0964792
5278 0.0570983 0.0964792
5281 0.0570983 0.0964792
5284 3.64638e-05 0.0643384
5287 3.64638e-05 0.0643384
5290 3.64638e-05 0.0643384
5293 0.105879 0.0888623
5296 0.105879 0.0888623
5299 0.105879 0.0888623
5302 0.149327 0.237088
5305 0.149327 0.237088
5308 0.149327 0.237088
5311 0.173049 0.275476
5314 0.173049 0.275476
5317 0.173049 0.275476
5320 0.167608 0.244539
5323 0.167608 0.244539
5326 0.167608 0.244539
5329 0.160651 0.0983875
5332 0.160651 0.0983875
5335 0.160651 0.0983875
5338 0.179199 0.121801
5341 0.179199 0.121801
5344 0.179199 0.121801
5347 0.192553 0.164825
5350 0.192553 0.164825
5353 0.192553 0.164825
5356 0.225679 0.148797
5359 0.225679 0.148797
5362 0.225679 0.148797
5365 0.247954 0.198566
5368 0.247954 0.198566
5371 0.247954 0.198566
5374 0.247391 0.200267
5377 0.247391 0.200267
5380 0.247391 0.200267
5383 0.256231 0.198258
5386 0.256231 0.198258
5389 0.256231 0.198258
5392 0.291196 0.248432
5395 0.291196 0.248432
5398 0.291196 0.248432
5401 0.296706 0.267045
5404 0.296706 0.267045
5407 0.296706 0.267045
5410 0.296621 0.239563
5413 0.296621 0.239563
5416 0.296621 0.239563
5419 0.317774 0.117608
5422 0.317774 0.117608
5425 0.317774 0.117608
5428 0.347865 0.0984361
5431 0.347865 0.0984361
5434 0.347865 0.0984361
5437 0.372077 0.222
5440 0.372077 0.222
5443 0.372077 0.222
5446 0.402808 0.241261
5449 0.402808 0.241261
5452 0.402808 0.241261
5455 0.412612 0.286735
5458 0.412612 0.286735
5461 0.412612 0.286735
5464 0.404797 0.186569
5467 0.404797 0.186569
5470 0.404797 0.186569
5473 0.401086 0.177834
5476 0.401086 0.177834
5479 0.401086 0.177834
5482 0.423718 0.14152
5485 0.423718 0.14152
5488 0.423718 0.14152
5491 0.467057 0.114367
5494 0.467057 0.114367
5497 0.467057 0.114367
5500 0.50045 0.13582
5503 0.50045 0.13582
5506 0.50045 0.13582
5509 0.532817 0.107171
5512 0.532817 0.107171
5515 0.532817 0.107171
5518 0.540831 0.0999959
5521 0.540831 0.0999959
5524 0.540831 0.0999959
5527 0.570497 0.133575
5530 0.570497 0.133575
5533 0.570497 0.133575
5536 0.621392 0.0701766
5539 0.621392 0.0701766
5542 0.621392 0.0701766
5545 0.65282 0.0610404
5548 0.65282 0.0610404
5551 0.65282 0.0610404
5554 0.669156 0.0867231
5557 0.669156 0.0867231
5560 0.669156 0.0867231
5563 0.687456 0.0960295
5566 0.687456 0.0960295
5569 0.687456 0.0960295
5572 0.690471 0.137469
5575 0.690471 0.137469
5578 0.690471 0.137469
5581 0.691625 0.159436
5584 0.691625 0.159436
5587 0.691625 0.159436
5590 0.695418 0.175399
5593 0.695418 0.175399
5596 0.695418 0.175399
5599 0.701045 0.134357
5602 0.701045 0.134357
5605 0.701045 0.134357
5608 0.700527 0.143623
5611 0.700527 0.143623
5614 0.700527 0.143623
5617 0.69983 0.0724982
5620 0.69983 0.0724982
5623 0.69983 0.0724982
5626 0.70957 0.100908
5629 0.70957 0.100908
5632 0.70957 0.100908
5635 0.70156 0.0517138
5638 0.70156 0.0517138
5641 0.70156 0.0517138
5644 0.74509 0.0649178
5647 0.74509 0.0649178
5650 0.74509 0.0649178
5653 0.787675 0.0800745
5656 0.787675 0.0800745
5659 0.787675 0.0800745
5662 0.784479 0.0671907
5665 0.784479 0.0671907
5668 0.784479 0.0671907
5671 0.78445 0.0883721
5674 0.78445 0.0883721
5677 0.78445 0.0883721
5680 0.786192 0.0372134
5683 0.786192 0.0372134
5686 0.786192 0.0372134
5689 0.784122 0.0630054
5692 0.784122 0.0630054
5695 0.784122 0.0630054
5698 0.785852 0.0743092
5701 0.785852 0.0743092
5704 0.785852 0.0743092
5707 0.782108 0.0886922
5710 0.782108 0.0886922
5713 0.782108 0.0886922
5716 0.774354 0.0666883
5719 0.774354 0.0666883
5722 0.774354 0.0666883
5725 0.770197 0.157358
5728 0.770197 0.157358
5731 0.770197 0.157358
5734 0.769925 0.0227453
5737 0.769925 0.0227453
