frame_number static_density dynamic_density
1 0.0700997 0.0987319
4 0.068872 0.0733814
7 0.0775018 0.0259541
10 0.0860465 0.0428409
13 0.0905154 0.0510656
16 0.0944048 0.0572725
19 0.097091 0.0626084
22 0.0997893 0.0614172
25 0.102824 0.0516976
28 0.107649 0.0665343
31 0.110684 0.0725752
34 0.112333 0.0904303
37 0.113642 0.0883316
40 0.11493 0.0866867
43 0.116303 0.0820963
46 0.117381 0.0798477
49 0.118208 0.0716757
52 0.120926 0.0681225
55 0.12766 0.019184
58 0.132603 0.0263917
61 0.135078 0.0308849
64 0.130646 0.0167247
67 0.126692 0.0267685
70 0.121364 0.0208249
73 0.123385 0.0194555
76 0.125885 0.027121
79 0.129686 0.0405842
82 0.136869 0.0460619
85 0.148805 0.0589904
88 0.160611 0.0630865
91 0.173543 0.0712625
94 0.179511 0.0860465
97 0.185532 0.0849607
100 0.185718 0.0821935
103 0.184381 0.0802407
106 0.179102 0.0859088
109 0.180439 0.0781825
112 0.186646 0.0917754
115 0.192586 0.10863
118 0.196759 0.118106
121 0.197354 0.124803
124 0.198335 0.12563
127 0.199575 0.124581
130 0.202759 0.12661
133 0.20583 0.128004
136 0.210554 0.143226
139 0.214772 0.138664
142 0.216384 0.143509
145 0.218276 0.142031
148 0.216632 0.126878
151 0.215347 0.124479
154 0.212762 0.10075
157 0.208865 0.131249
160 0.206316 0.1217
163 0.204331 0.125666
166 0.202224 0.123422
169 0.201155 0.118584
172 0.199319 0.139312
175 0.198367 0.104007
178 0.197488 0.118236
181 0.197982 0.0897496
184 0.197561 0.0889191
187 0.196147 0.0805364
190 0.196439 0.0789118
193 0.195782 0.0358237
196 0.196346 0.0578195
199 0.196167 0.0379953
202 0.196094 0.0210923
205 0.196803 0.0286484
208 0.196467 0.0159671
211 0.196637 0.0397496
214 0.196297 0.0304919
217 0.195705 0.022012
220 0.197824 0.0899522
223 0.197306 0.0299003
226 0.197022 0.0286241
229 0.196799 0.0293331
232 0.197156 0.0275099
235 0.198242 0.0254639
238 0.19729 0.0170448
241 0.195713 0.0226805
244 0.196957 0.0093712
247 0.195187 0.0208168
250 0.194834 0.0180901
253 0.194194 0.0133417
256 0.194312 0.0103557
259 0.194502 0.0098979
262 0.194328 0.0287335
265 0.194595 0.0343975
268 0.194336 0.0178308
271 0.192991 0.072802
274 0.192768 0.0188721
277 0.19673 0.0243943
280 0.201426 0.013597
283 0.207244 0.0160198
286 0.213273 0.0308079
289 0.212548 0.0332347
292 0.210299 0.0279759
295 0.207657 0.0237906
298 0.203095 0.0384248
301 0.199955 0.0132931
304 0.197922 0.030581
307 0.197261 0.0234705
310 0.197508 0.0361762
313 0.196512 0.0182319
316 0.197059 0.033729
319 0.195146 0.0393161
322 0.195543 0.0688558
325 0.195973 0.0472936
328 0.196188 0.0649623
331 0.196216 0.05472
334 0.196321 0.0372579
337 0.196115 0.0200551
340 0.196803 0.0119601
343 0.199259 0.0205696
346 0.201564 0.0189855
349 0.202492 0.020444
352 0.201272 0.0240297
355 0.200932 0.0212787
358 0.20098 0.0194595
361 0.200912 0.0176525
364 0.20064 0.0177336
367 0.199935 0.0171056
370 0.198197 0.0303744
373 0.19767 0.0171947
376 0.197107 0.0166356
379 0.196479 0.0175594
382 0.197492 0.0204481
385 0.201037 0.0186249
388 0.203428 0.0263917
391 0.2072 0.0376023
394 0.208942 0.0403776
397 0.212268 0.0355077
400 0.21303 0.035613
403 0.214934 0.0368285
406 0.221554 0.0456689
409 0.231553 0.0604246
412 0.241832 0.0804108
415 0.254023 0.0897091
418 0.264902 0.116441
421 0.271668 0.145402
424 0.284021 0.166623
427 0.296775 0.184896
430 0.306608 0.1984
433 0.316769 0.211223
436 0.327145 0.22315
439 0.331784 0.223446
442 0.334053 0.240515
445 0.338409 0.263913
448 0.344855 0.266733
451 0.351613 0.270189
454 0.356527 0.280034
457 0.361652 0.275962
460 0.364302 0.284381
463 0.367337 0.288145
466 0.367434 0.275958
469 0.367016 0.275415
472 0.37042 0.302816
475 0.370152 0.277968
478 0.368499 0.278847
481 0.369168 0.262228
484 0.369788 0.256685
487 0.371007 0.236018
490 0.370914 0.249753
493 0.370987 0.261498
496 0.371951 0.170428
499 0.373807 0.0537598
502 0.382384 0.0151649
505 0.392865 0.0334333
508 0.405863 0.0501499
511 0.414987 0.0648043
514 0.420975 0.0657726
517 0.428567 0.0636861
520 0.443748 0.0839843
523 0.452078 0.0654201
526 0.461134 0.0706061
529 0.466449 0.0724658
532 0.469869 0.0762661
535 0.47217 0.0760109
538 0.474856 0.0795519
541 0.477761 0.0830686
544 0.479033 0.0907868
547 0.478405 0.129844
550 0.475808 0.103411
553 0.474577 0.0996435
556 0.473426 0.0903614
559 0.47121 0.104538
562 0.46965 0.127287
565 0.466182 0.189592
568 0.464667 0.242991
571 0.466842 0.0499392
574 0.46916 0.0135159
577 0.473693 0.0309011
580 0.479382 0.0411312
583 0.484839 0.0363787
586 0.4896 0.0549267
589 0.494798 0.0574022
592 0.500454 0.0666356
595 0.517774 0.0663439
598 0.532663 0.0535005
601 0.544166 0.00402317
604 0.55188 0.0789887
607 0.564816 0.0778097
610 0.57802 0.0768657
613 0.58554 0.0961835
616 0.591715 0.0935905
619 0.595179 0.107657
622 0.608196 0.145491
625 0.610299 0.121708
628 0.610676 0.121449
631 0.615149 0.12187
634 0.617503 0.125411
637 0.618183 0.124301
640 0.618208 0.113212
643 0.618037 0.0791386
646 0.618232 0.12377
649 0.619229 0.0693056
652 0.621056 0.0773398
655 0.622121 0.0800138
658 0.623276 0.0833847
661 0.623418 0.0920914
664 0.625026 0.092456
667 0.625537 0.0828863
670 0.624516 0.125338
673 0.625812 0.111721
676 0.626238 0.113058
679 0.627247 0.112677
682 0.629487 0.100867
685 0.629961 0.106746
688 0.629661 0.104578
691 0.629738 0.10929
694 0.630233 0.100932
697 0.633454 0.00919293
700 0.633474 0.148027
703 0.634033 0.102346
706 0.6349 0.0932096
709 0.635852 0.095045
712 0.63821 0.0845758
715 0.638421 0.0196297
718 0.63981 0.0739365
721 0.642711 0.214225
724 0.643327 0.0756665
727 0.643797 0.125748
730 0.64372 0.105328
733 0.644547 0.0578316
736 0.645292 0.0525322
739 0.646528 0.0136253
742 0.647249 0.0233652
745 0.650802 0.183251
748 0.653869 0.0103355
751 0.653561 0.0401831
754 0.654278 0.0532574
757 0.654278 0.089462
760 0.654923 0.0883599
763 0.656004 0.0346892
766 0.65664 0.0272547
769 0.656632 0.0189814
772 0.663119 0.134191
775 0.662904 0.0971923
778 0.662973 0.0674986
781 0.662037 0.0228304
784 0.661701 0.0108176
787 0.662649 0.0245928
790 0.661709 0.0114091
793 0.6616 0.013285
796 0.657362 0.0373268
799 0.656596 0.0249088
802 0.654185 0.0329754
805 0.652674 0.040329
808 0.652042 0.0434811
811 0.653675 0.0607406
814 0.661146 0.0561543
817 0.669302 0.0806985
820 0.696678 0.0603031
823 0.713082 0.0193137
826 0.739033 0.0362369
829 0.750908 0.0510129
832 0.757973 0.0188275
835 0.76098 0.0131553
838 0.761794 0.0440929
841 0.763317 0.0256867
844 0.76371 0.0348229
847 0.777494 0.141139
850 0.777202 0.0200632
853 0.77721 0.0293615
856 0.775444 0.0287497
859 0.774994 0.0238433
862 0.775306 0.0328742
865 0.774386 0.0596994
868 0.772859 0.039701
871 0.777636 0.101734
874 0.778515 0.0545013
877 0.778231 0.0482538
880 0.780083 0.0432866
883 0.779791 0.0547443
886 0.779511 0.0159104
889 0.779333 0.0208249
892 0.77657 0.0206304
895 0.779738 0.0386192
898 0.773102 0.0456527
901 0.772429 0.0171015
904 0.772587 0.0340775
907 0.766247 0.193562
910 0.76685 0.0182198
913 0.768102 0.011166
916 0.77029 0.0147638
919 0.770464 0.0129163
922 0.771003 0.0176039
925 0.770946 0.0187302
928 0.771578 0.0301758
931 0.771899 0.148882
934 0.772117 0.0399198
937 0.771797 0.0109675
940 0.771084 0.0175431
943 0.769715 0.0250952
946 0.767102 0.0186371
949 0.767535 0.0297464
952 0.766713 0.0316141
955 0.779236 0.0864517
958 0.778592 0.0307431
961 0.776132 0.0510291
964 0.773252 0.0550077
967 0.773483 0.0499959
970 0.772482 0.011085
973 0.770857 0.013447
976 0.770112 0.0188964
979 0.768349 0.0143992
982 0.758832 0.0423142
985 0.756045 0.0231221
988 0.755713 0.0224374
991 0.761425 0.0292967
994 0.762989 0.0247387
997 0.761806 0.00701321
1000 0.762398 0.00877157
1003 0.761948 0.0195568
1006 0.759387 0.088287
1009 0.759805 0.0413216
1012 0.752986 0.0373389
1015 0.752411 0.0304311
1018 0.753926 0.0329228
1021 0.753189 0.0314359
1024 0.752646 0.0352159
1027 0.752536 0.031286
1030 0.752504 0.0252289
1033 0.752354 0.0379467
1036 0.758233 0.0857305
1039 0.757366 0.0523256
1042 0.756247 0.0430597
1045 0.756713 0.0313629
1048 0.757139 0.0377806
1051 0.758156 0.034357
1054 0.758208 0.0417389
1057 0.757921 0.033016
1060 0.758545 0.0291022
1063 0.752455 0.128932
1066 0.752265 0.0249413
1069 0.751017 0.0307917
1072 0.752208 0.0262175
1075 0.751082 0.0310388
1078 0.751924 0.0238595
1081 0.752212 0.023896
1084 0.753448 0.0309294
1087 0.75737 0.0732882
1090 0.756709 0.0248157
1093 0.757856 0.0302528
1096 0.758257 0.027125
1099 0.757957 0.0238433
1102 0.756438 0.0299206
1105 0.756138 0.0247994
1108 0.755279 0.0285269
1111 0.757674 0.0835224
1114 0.755409 0.0372377
1117 0.756373 0.0323434
1120 0.754615 0.0349364
1123 0.755555 0.0333158
1126 0.755466 0.0274492
1129 0.756069 0.027911
1132 0.759675 0.0328093
1135 0.757102 0.0436715
1138 0.763617 0.0445142
1141 0.76525 0.0367029
1144 0.762552 0.0286889
1147 0.76151 0.0253099
1150 0.760352 0.03223
1153 0.758095 0.0327161
1156 0.75615 0.0329795
1159 0.757033 0.03742
1162 0.756252 0.0660238
1165 0.754744 0.0380358
1168 0.754412 0.0347136
1171 0.755737 0.0289725
1174 0.754663 0.0399562
1177 0.754116 0.0362126
1180 0.756 0.0353132
1183 0.758816 0.0327567
1186 0.766226 0.0766429
1189 0.766555 0.0298234
1192 0.765615 0.0320233
1195 0.766733 0.016591
1198 0.76922 0.0268657
1201 0.76935 0.0118021
1204 0.77025 0.0528604
1207 0.768439 0.010611
1210 0.767183 0.0112268
1213 0.770776 0.135333
1216 0.770067 0.0206385
1219 0.768236 0.128608
1222 0.768264 0.075784
1225 0.767649 0.0340653
1228 0.765995 0.02123
1231 0.766846 0.0243983
1234 0.766644 0.0307674
1237 0.756904 0.0461591
1240 0.754226 0.0222834
1243 0.759339 0.0272628
1246 0.761976 0.0312171
1249 0.761397 0.0255166
1252 0.75786 0.0272304
1255 0.754971 0.0318127
1258 0.754193 0.0314075
1261 0.755077 0.111782
1264 0.753262 0.0236123
1267 0.753582 0.0226724
1270 0.753768 0.0187505
1273 0.751815 0.0192448
1276 0.752796 0.0349972
1279 0.75265 0.0283162
1282 0.75286 0.0328093
1285 0.751155 0.0237298
1288 0.750851 0.0451057
1291 0.74902 0.0356049
1294 0.75079 0.0260595
1297 0.752131 0.0420752
1300 0.750879 0.0301353
1303 0.752447 0.029479
1306 0.752431 0.027125
1309 0.748639 0.0155701
1312 0.742561 0.0240216
1315 0.738198 0.0278746
1318 0.734154 0.0251641
1321 0.73272 0.0331659
1324 0.728336 0.0458512
1327 0.727895 0.0210072
1330 0.726744 0.025395
1333 0.723831 0.0205777
1336 0.72896 0.125764
1339 0.726108 0.0874402
1342 0.726683 0.0474718
1345 0.727611 0.0519893
1348 0.727992 0.0466656
1351 0.727437 0.0350134
1354 0.728551 0.0435702
1357 0.730686 0.0402723
1360 0.731343 0.0423142
1363 0.727789 0.069496
1366 0.727636 0.0429422
1369 0.731375 0.0436918
1372 0.733713 0.0438376
1375 0.731788 0.0374727
1378 0.730844 0.0236529
1381 0.731622 0.0353456
1384 0.731468 0.0332428
1387 0.730208 0.0394093
1390 0.731326 0.0256584
1393 0.732445 0.02484
1396 0.733737 0.00721173
1399 0.734458 0.0261527
1402 0.735755 0.00239851
1405 0.736841 0.0207074
1408 0.73917 0.0226157
1411 0.755336 0.036873
1414 0.754748 0.0345434
1417 0.754801 0.0586136
1420 0.756037 0.0696094
1423 0.756649 0.112203
1426 0.755109 0.0913743
1429 0.755222 0.0515193
1432 0.754805 0.0782919
1435 0.756657 0.121947
1438 0.761016 0.198047
1441 0.760242 0.193562
1444 0.761713 0.246439
1447 0.764014 0.30991
1450 0.766944 0.0853051
1453 0.767268 0.297253
1456 0.771712 0.331687
1459 0.778101 0.350563
1462 0.792841 0.359602
1465 0.79359 0.302467
1468 0.796471 0.321104
1471 0.798776 0.31053
1474 0.803395 0.105328
1477 0.804801 0.18757
1480 0.808042 0.119164
1483 0.809493 0.0349485
1486 0.823653 0.0358034
1489 0.828264 0.285524
1492 0.830123 0.368827
1495 0.829491 0.416696
1498 0.831254 0.247893
1501 0.834957 0.252212
1504 0.837124 0.189847
1507 0.839624 0.410319
1510 0.843834 0.587521
1513 0.849072 0.491727
1516 0.844899 0.623199
1519 0.846317 0.261591
1522 0.836067 0.177518
1525 0.829605 0.532141
1528 0.827798 0.502593
1531 0.822924 0.340151
1534 0.816939 0.531505
1537 0.807333 0.607609
1540 0.803334 0.532262
1543 0.798744 0.112309
1546 0.79432 0.600762
1549 0.79229 0.603549
1552 0.766733 0.621542
1555 0.761113 0.514614
1558 0.759857 0.650251
1561 0.752123 0.63112
1564 0.756734 0.631326
1567 0.754991 0.642638
1570 0.755486 0.607888
1573 0.753318 0.642091
1576 0.755166 0.614018
1579 0.767369 0.602188
1582 0.772936 0.647476
1585 0.770987 0.598566
1588 0.769743 0.4758
1591 0.759408 0.349153
1594 0.756171 0.601163
1597 0.756065 0.657082
1600 0.75034 0.683016
1603 0.750434 0.679289
1606 0.74654 0.692047
1609 0.752431 0.692954
1612 0.752763 0.641573
1615 0.73772 0.650583
1618 0.722518 0.630087
1621 0.707499 0.642387
1624 0.703338 0.621777
1627 0.706004 0.640633
1630 0.715858 0.64342
1633 0.725107 0.658845
1636 0.716162 0.659242
1639 0.723855 0.643518
1642 0.724062 0.634511
1645 0.721647 0.640706
1648 0.709383 0.614172
1651 0.706146 0.57221
1654 0.710084 0.591228
1657 0.716397 0.565108
1660 0.723945 0.560283
1663 0.730378 0.572093
1666 0.735058 0.597747
1669 0.74654 0.549214
1672 0.754967 0.448327
1675 0.748821 0.597456
1678 0.740216 0.545
1681 0.724483 0.410323
1684 0.715153 0.463565
1687 0.703768 0.592553
1690 0.707463 0.453128
1693 0.714898 0.121234
1696 0.715218 0.597962
1699 0.716384 0.614051
1702 0.72371 0.615704
1705 0.723633 0.605883
1708 0.71072 0.611976
1711 0.69419 0.580686
1714 0.683304 0.589324
1717 0.676339 0.583458
1720 0.662689 0.584689
1723 0.655474 0.566514
1726 0.650466 0.534321
1729 0.646066 0.536484
1732 0.582574 0.545369
1735 0.545612 0.555182
1738 0.512361 0.402427
1741 0.486152 0.552123
1744 0.461134 0.511721
1747 0.445515 0.545454
1750 0.403561 0.545462
1753 0.383344 0.436014
1756 0.37676 0.531294
1759 0.368872 0.521181
1762 0.369188 0.467794
1765 0.366328 0.512345
1768 0.377036 0.509614
1771 0.375063 0.488481
1774 0.381278 0.367709
1777 0.38238 0.507678
1780 0.373742 0.481898
1783 0.370671 0.417754
1786 0.362933 0.140507
1789 0.348136 0.419229
1792 0.333684 0.412377
1795 0.319622 0.386063
1798 0.32016 0.383364
1801 0.323138 0.381091
1804 0.322271 0.411073
1807 0.320529 0.401467
1810 0.31632 0.434507
1813 0.307795 0.413783
1816 0.298635 0.387736
1819 0.292606 0.397853
1822 0.288319 0.419338
1825 0.279422 0.428247
1828 0.27025 0.42497
1831 0.262961 0.446366
1834 0.25673 0.424455
1837 0.249643 0.426663
1840 0.236731 0.417871
1843 0.22371 0.409485
1846 0.210291 0.366992
1849 0.194162 0.324569
1852 0.1733 0.324082
1855 0.161822 0.282797
1858 0.159327 0.240908
1861 0.151754 0.223223
1864 0.141917 0.220436
1867 0.143902 0.20536
1870 0.160117 0.218965
1873 0.170801 0.246495
1876 0.185386 0.263321
1879 0.207824 0.287635
1882 0.219439 0.290649
1885 0.231784 0.30848
1888 0.24731 0.310408
1891 0.272028 0.360072
1894 0.292719 0.394287
1897 0.290074 0.408111
1900 0.298704 0.449789
1903 0.328936 0.34641
1906 0.371117 0.530253
1909 0.3824 0.526927
1912 0.374662 0.486079
1915 0.373527 0.461073
1918 0.358431 0.388417
1921 0.35767 0.448902
1924 0.352844 0.436833
1927 0.335467 0.410226
1930 0.317794 0.381193
1933 0.287542 0.355466
1936 0.272125 0.347213
1939 0.260206 0.307832
1942 0.253189 0.29889
1945 0.243258 0.295604
1948 0.221587 0.304088
1951 0.188672 0.248387
1954 0.159574 0.17909
1957 0.127336 0.170063
1960 0.111 0.120294
1963 0.089462 0.0888016
1966 0.0671947 0.0509359
1969 0.0443603 0.0305486
1972 0.0193825 0.0167896
1975 0.00716717 0.013682
1978 0.00716717 0.0108784
1981 0.00737379 0.0167328
1984 0.00707398 0.0137185
1987 0.00685115 0.0117292
1990 0.00696054 0.00930638
1993 0.00641763 0.00985739
1996 0.00654728 0.011243
1999 0.00768576 0.0113565
2002 0.0289928 0.0301353
2005 0.0687667 0.0371323
2008 0.10726 0.0639373
2011 0.148023 0.107674
2014 0.187825 0.142719
2017 0.222575 0.174933
2020 0.244891 0.172604
2023 0.25865 0.24342
2026 0.289968 0.274532
2029 0.318317 0.270971
2032 0.310895 0.335333
2035 0.294834 0.333146
2038 0.282048 0.335852
2041 0.279556 0.273552
2044 0.248339 0.21743
2047 0.229524 0.276404
2050 0.222766 0.275808
2053 0.199781 0.238222
2056 0.169034 0.17988
2059 0.138303 0.139462
2062 0.105494 0.20222
2065 0.0804513 0.145709
2068 0.0698404 0.112965
2071 0.0625881 0.098351
2074 0.0504902 0.0517219
2077 0.0328539 0.0133984
2080 0.0174864 0.0147071
2083 0.0124787 0.0183535
2086 0.0122924 0.0238473
2089 0.0110445 0.0184953
2092 0.00999109 0.0172474
2095 0.00958999 0.00994247
2098 0.0144235 0.014934
2101 0.0270805 0.0206183
2104 0.0460295 0.0436269
2107 0.0691921 0.0708208
2110 0.0969208 0.0878373
2113 0.128847 0.118224
2116 0.161677 0.146208
2119 0.194202 0.182392
2122 0.227218 0.218216
2125 0.265696 0.232177
2128 0.301722 0.261016
2131 0.325987 0.293181
2134 0.340528 0.300782
2137 0.34154 0.307123
2140 0.338931 0.289097
2143 0.338121 0.290576
2146 0.332745 0.300985
2149 0.32294 0.294048
2152 0.299384 0.284718
2155 0.293542 0.273199
2158 0.292813 0.275415
2161 0.287355 0.283551
2164 0.282975 0.274917
2167 0.274103 0.245657
2170 0.260234 0.0267401
2173 0.243364 0.214942
2176 0.212163 0.274836
2179 0.178114 0.237971
2182 0.142347 0.196451
2185 0.118358 0.145462
2188 0.094575 0.131063
2191 0.0735354 0.124317
2194 0.0541528 0.0566607
2197 0.0365124 0.0546633
2200 0.0219877 0.0386354
2203 0.0165586 0.0530143
2206 0.0124747 0.0276963
2209 0.00872296 0.0204278
2212 0.00348432 0.0161211
2215 0.0014545 0.00901872
2218 0.0018394 0.0137226
2221 0.00116279 0.00512924
2224 0.00156794 0.00999514
2227 0.00134511 0.0112714
2230 0.00200956 0.0123896
2233 0.00192853 0.0101896
2236 0.00166923 0.0125719
2239 0.00173811 0.00839073
2242 0.00188802 0.0110364
2245 0.00179888 0.0153999
2248 0.00195689 0.0167247
2251 0.00290495 0.0125071
2254 0.00358966 0.0153513
2257 0.00292521 0.0138238
2260 0.00426222 0.0160441
2263 0.00583421 0.0253869
2266 0.00962645 0.0263471
2269 0.0292561 0.0483672
2272 0.046459 0.0758326
2275 0.0603517 0.117134
2278 0.0683454 0.109169
2281 0.0752289 0.140673
2284 0.0799084 0.147213
2287 0.0850822 0.157884
2290 0.087975 0.168058
2293 0.0891783 0.184487
2296 0.0895916 0.200259
2299 0.0959404 0.183243
2302 0.102261 0.209396
2305 0.104769 0.219006
2308 0.102281 0.209112
2311 0.0915931 0.205737
2314 0.0782473 0.133194
2317 0.0688761 0.177976
2320 0.0568957 0.169314
2323 0.053148 0.162612
2326 0.0486306 0.109177
2329 0.0462685 0.140053
2332 0.041119 0.117397
2335 0.0319828 0.094891
2338 0.0276112 0.0696621
2341 0.0245158 0.0681428
2344 0.0204927 0.104825
2347 0.015882 0.0765416
2350 0.0132809 0.0635443
2353 0.0136496 0.0555263
2356 0.0114051 0.0487683
2359 0.0100964 0.0373795
2362 0.0104611 0.0393809
2365 0.0130905 0.0385585
2368 0.0136861 0.0416093
2371 0.0137307 0.0587918
2374 0.0159468 0.0454906
2377 0.0140305 0.067454
2380 0.0129082 0.0739932
2383 0.0138157 0.0539057
2386 0.0376671 0.0828904
2389 0.0567823 0.0895754
2392 0.0633377 0.107661
2395 0.0675229 0.120979
2398 0.0687667 0.132623
2401 0.0686614 0.133543
2404 0.0708533 0.156981
2407 0.0757799 0.135617
2410 0.0781622 0.142549
2413 0.07217 0.130557
2416 0.0599465 0.0883073
2419 0.0519245 0.137623
2422 0.0362896 0.0893931
2425 0.0215137 0.0508184
2428 0.0102747 0.0161292
2431 0.00369095 0.00741836
2434 0.0189895 0.0211288
2437 0.0310267 0.0370148
2440 0.0361356 0.0571469
2443 0.0409691 0.0772506
2446 0.0449518 0.0799652
2449 0.0488453 0.101584
2452 0.0505713 0.126732
2455 0.0511709 0.103168
2458 0.0504943 0.0806458
2461 0.0584393 0.0816749
2464 0.0472287 0.0757759
2467 0.03396 0.0717567
2470 0.0225711 0.0649299
2473 0.0160157 0.0388583
2476 0.0112552 0.0298071
2479 0.00760068 0.0311361
2482 0.00911595 0.024921
2485 0.0104813 0.0274613
2488 0.0120736 0.0340775
2491 0.013366 0.0348878
2494 0.0145207 0.0340126
2497 0.0151446 0.0463617
2500 0.0164897 0.0465197
2503 0.016899 0.0370148
2506 0.0182967 0.051649
2509 0.0254923 0.0695649
2512 0.0417835 0.0771817
2515 0.0541204 0.112953
2518 0.0548173 0.128126
2521 0.0587635 0.131679
2524 0.0633052 0.120521
2527 0.0673082 0.11931
2530 0.0716636 0.131902
2533 0.0744065 0.173252
2536 0.0784337 0.182108
2539 0.0815574 0.195726
2542 0.0826918 0.198246
2545 0.0857021 0.219277
2548 0.0851228 0.222032
2551 0.0743173 0.22486
2554 0.068629 0.201775
2557 0.051572 0.147046
2560 0.0357062 0.106555
2563 0.0219877 0.0573738
2566 0.00939146 0.0333847
2569 0.00155984 0.0153432
2572 0.000534803 0.00209464
2575 0.000530751 0.0195284
2578 0.000538854 0.0357508
2581 0.000542906 0.0485293
2584 0.000514545 0.0364962
2587 0.000704967 0.109181
2590 0.000603679 0.0641439
2593 0.000615833 0.0602382
2596 0.0006604 0.0351916
2599 0.00055506 0.0421076
2602 0.0005267 0.0246617
2605 0.000530751 0.057309
2608 0.000591524 0.0230087
2611 0.000822462 0.11506
2614 0.000704967 0.00916862
2617 0.000709019 0.036241
2620 0.000656349 0.0478041
2623 0.000688761 0.0411717
2626 0.0123329 0.0112025
2629 0.0250182 0.0288631
2632 0.032388 0.0516328
2635 0.0375496 0.0615145
2638 0.0495017 0.0749088
2641 0.0710275 0.102698
2644 0.0958472 0.140811
2647 0.120813 0.196119
2650 0.138542 0.264768
2653 0.150985 0.278592
2656 0.1582 0.282988
2659 0.16984 0.312803
2662 0.17802 0.350604
2665 0.169508 0.351758
2668 0.161766 0.305599
2671 0.154744 0.282218
2674 0.159391 0.340929
2677 0.16239 0.320553
2680 0.154732 0.298286
2683 0.138842 0.22896
2686 0.13142 0.265931
2689 0.119447 0.253456
2692 0.11102 0.218479
2695 0.0971842 0.18351
2698 0.0780893 0.151523
2701 0.0647922 0.116802
2704 0.0500122 0.0825622
2707 0.0420428 0.0647719
2710 0.0425006 0.0656146
2713 0.0432096 0.0754072
2716 0.0452516 0.0680536
2719 0.045989 0.0645531
2722 0.0446844 0.0675796
2725 0.045993 0.0678146
2728 0.0522202 0.0758326
2731 0.0655214 0.0699498
2734 0.0751681 0.0688883
2737 0.0808443 0.0549834
2740 0.0845434 0.0699376
2743 0.0862856 0.0637185
2746 0.0884207 0.0649097
2749 0.0944048 0.0853294
2752 0.0962847 0.0822259
2755 0.0986711 0.0895308
2758 0.100587 0.104295
2761 0.102281 0.0961835
2764 0.104242 0.0930759
2767 0.106624 0.106563
2770 0.107694 0.114035
2773 0.109703 0.140552
2776 0.10991 0.137076
2779 0.111697 0.141293
2782 0.115327 0.146005
2785 0.116907 0.151155
2788 0.117029 0.157682
2791 0.118977 0.15444
2794 0.119322 0.14793
2797 0.119212 0.149481
2800 0.120189 0.135151
2803 0.120476 0.142638
2806 0.121789 0.129775
2809 0.12247 0.0963577
2812 0.121558 0.113099
2815 0.123017 0.0408192
2818 0.123211 0.0427802
2821 0.124086 0.0374402
2824 0.124159 0.0303946
2827 0.123831 0.0349891
2830 0.123361 0.0282716
2833 0.123973 0.0241309
2836 0.124641 0.0710437
2839 0.12484 0.0356657
2842 0.124974 0.0214853
2845 0.123957 0.0325865
2848 0.12439 0.0294304
2851 0.130998 0.0355927
2854 0.136448 0.0323394
2857 0.132578 0.0437971
2860 0.128503 0.0353415
2863 0.123795 0.0282149
2866 0.125488 0.0309537
2869 0.125857 0.18362
2872 0.127952 0.0352727
2875 0.12785 0.0373997
2878 0.126282 0.0335346
2881 0.128389 0.0338587
2884 0.132874 0.0477555
2887 0.134073 0.0516571
2890 0.136367 0.0496354
2893 0.137955 0.0529131
2896 0.135645 0.0530103
2899 0.136618 0.0430719
2902 0.137132 0.0556357
2905 0.136776 0.0479823
2908 0.13682 0.0468601
2911 0.138352 0.0491694
2914 0.138016 0.0697107
2917 0.138307 0.0566081
2920 0.137059 0.0580666
2923 0.137732 0.0609999
2926 0.138299 0.0567823
2929 0.137465 0.0535248
2932 0.140673 0.063443
2935 0.143246 0.0643222
2938 0.143315 0.072952
2941 0.14622 0.0698039
2944 0.154359 0.0700429
2947 0.165979 0.0421643
2950 0.179904 0.0470586
2953 0.194125 0.0654688
2956 0.205765 0.101706
2959 0.220772 0.098898
2962 0.241305 0.109116
2965 0.256434 0.112738
2968 0.271185 0.130297
2971 0.290677 0.140787
2974 0.306414 0.154538
2977 0.32452 0.175922
2980 0.336573 0.178948
2983 0.348849 0.180512
2986 0.363982 0.196435
2989 0.382112 0.229831
2992 0.396192 0.238101
2995 0.416194 0.245244
2998 0.429366 0.262171
3001 0.457609 0.263698
3004 0.480978 0.289754
3007 0.503351 0.294644
3010 0.52467 0.316498
3013 0.556272 0.310651
3016 0.578519 0.323669
3019 0.606308 0.268633
3022 0.622263 0.139859
3025 0.634483 0.232712
3028 0.644356 0.170452
3031 0.654226 0.139887
3034 0.669026 0.164071
3037 0.69447 0.175395
3040 0.697634 0.150369
3043 0.66399 0.145944
3046 0.652168 0.143967
3049 0.649157 0.156507
3052 0.64652 0.152771
3055 0.642971 0.157503
3058 0.641476 0.14511
3061 0.647034 0.090171
3064 0.652629 0.0991451
3067 0.653898 0.0966575
3070 0.659112 0.115983
3073 0.661916 0.110396
3076 0.657994 0.132088
3079 0.65756 0.0760149
3082 0.660299 0.0706223
3085 0.669541 0.0928896
3088 0.684479 0.118807
3091 0.683531 0.111259
3094 0.679657 0.10769
3097 0.675711 0.120521
3100 0.669812 0.138109
3103 0.669601 0.139685
3106 0.667397 0.132947
3109 0.663962 0.079637
3112 0.660643 0.0877482
3115 0.660032 0.126367
3118 0.656879 0.0973017
3121 0.655672 0.11557
3124 0.656612 0.1088
3127 0.657734 0.0918929
3130 0.66286 0.107163
3133 0.664549 0.0688396
3136 0.665517 0.071935
3139 0.669849 0.0621181
3142 0.67025 0.0532169
3145 0.668062 0.0735961
3148 0.664695 0.0605948
3151 0.664391 0.0842476
3154 0.662953 0.0634592
3157 0.662406 0.071619
3160 0.663277 0.0673041
3163 0.661324 0.0864962
3166 0.660745 0.0248886
3169 0.659533 0.0187465
3172 0.658298 0.0164573
3175 0.657293 0.0413297
3178 0.657042 0.0365205
3181 0.659282 0.0847662
3184 0.661774 0.0453488
3187 0.670047 0.0512843
3190 0.66681 0.0553116
3193 0.666688 0.0564663
3196 0.666194 0.0598736
3199 0.665862 0.0244024
3202 0.663771 0.0826797
3205 0.662665 0.0888259
3208 0.662831 0.0303176
3211 0.661194 0.0414958
3214 0.658978 0.075942
3217 0.661126 0.0423466
3220 0.660822 0.0690503
3223 0.659173 0.0260716
3226 0.658233 0.0199498
3229 0.658379 0.0285998
3232 0.655944 0.0348797
3235 0.655202 0.0328742
3238 0.655048 0.0575683
3241 0.654388 0.0284944
3244 0.653334 0.0239851
3247 0.652245 0.0454501
3250 0.651523 0.0242768
3253 0.651183 0.0324204
3256 0.650527 0.0293858
3259 0.650105 0.0251276
3262 0.650883 0.0243781
3265 0.652232 0.020833
3268 0.65079 0.0157848
3271 0.652792 0.0168827
3274 0.653995 0.0262296
3277 0.65579 0.0236042
3280 0.658435 0.0232882
3283 0.659144 0.0296815
3286 0.659736 0.0264646
3289 0.675808 0.0528847
3292 0.673815 0.00686735
3295 0.675521 0.00497529
3298 0.673146 0.0108541
3301 0.671647 0.0292967
3304 0.670233 0.0158334
3307 0.670655 0.0303055
3310 0.670436 0.0351592
3313 0.66963 0.0596872
3316 0.668159 0.0391581
3319 0.666271 0.0433109
3322 0.665428 0.0392918
3325 0.664193 0.0432137
3328 0.664792 0.0517746
3331 0.663115 0.0541852
3334 0.661409 0.05
3337 0.650304 0.0764403
3340 0.650409 0.0631229
3343 0.649348 0.0722915
3346 0.648521 0.0652054
3349 0.646208 0.0541083
3352 0.645543 0.0498339
3355 0.646301 0.0512803
3358 0.647646 0.0559882
3361 0.648436 0.0528604
3364 0.654072 0.0594077
3367 0.65203 0.0590916
3370 0.650276 0.0565878
3373 0.649708 0.0425492
3376 0.649951 0.0320314
3379 0.65028 0.0264646
3382 0.650462 0.0257273
3385 0.650628 0.0244064
3388 0.651463 0.0825784
3391 0.651661 0.0327891
3394 0.652394 0.0211774
3397 0.65374 0.0265578
3400 0.654955 0.022093
3403 0.656709 0.020363
3406 0.657661 0.0143586
3409 0.65675 0.0161373
3412 0.651738 0.0881047
3415 0.649348 0.0332469
3418 0.648955 0.0379994
3421 0.647974 0.0427072
3424 0.647731 0.0461024
3427 0.647306 0.025946
3430 0.647375 0.0381493
3433 0.648092 0.0470383
3436 0.658403 0.0714326
3439 0.687914 0.12093
3442 0.690216 0.0132202
3445 0.697006 0.0457702
3448 0.70506 0.0215623
3451 0.709015 0.0149502
3454 0.710583 0.0516652
3457 0.710554 0.0191232
3460 0.710583 0.0393161
3463 0.706843 0.0867758
3466 0.707398 0.0180496
3469 0.705996 0.0265092
3472 0.704574 0.0198647
3475 0.704639 0.0169354
3478 0.707447 0.0173851
3481 0.709213 0.00679443
3484 0.709626 0.00641763
3487 0.707337 0.0749696
3490 0.708184 0.0118467
3493 0.710222 0.0226643
3496 0.714334 0.0410866
3499 0.716862 0.0500891
3502 0.715554 0.00942792
3505 0.716915 0.0322097
3508 0.718499 0.0233044
3511 0.717174 0.0150758
3514 0.722308 0.102362
3517 0.724544 0.0192164
3520 0.724564 0.0754315
3523 0.725075 0.0858439
3526 0.725452 0.0466372
3529 0.725399 0.0360222
3532 0.724836 0.0560084
3535 0.725338 0.099453
3538 0.71606 0.159772
3541 0.716546 0.0780731
3544 0.716684 0.076019
3547 0.71634 0.0092456
3550 0.717462 0.0155052
3553 0.716368 0.017061
3556 0.718564 0.0186654
3559 0.718058 0.0198768
3562 0.705786 0.0665505
3565 0.706211 0.0188518
3568 0.706284 0.0203468
3571 0.70987 0.0619034
3574 0.708759 0.0663196
3577 0.711689 0.0240621
3580 0.711109 0.0362531
3583 0.712568 0.0333928
3586 0.71307 0.0111863
3589 0.712896 0.0114699
3592 0.712965 0.0182967
3595 0.713925 0.0184264
3598 0.706175 0.0428085
3601 0.706855 0.00711044
3604 0.706264 0.0121141
3607 0.706794 0.00807471
3610 0.706442 0.00803825
3613 0.706405 0.010457
3616 0.707277 0.0120006
3619 0.708707 0.0155903
3622 0.701442 0.058881
3625 0.704072 0.0250912
3628 0.703156 0.0283729
3631 0.70248 0.029714
3634 0.703776 0.0262134
3637 0.708144 0.0226521
3640 0.713929 0.0259339
3643 0.712779 0.0220525
3646 0.711356 0.0577141
3649 0.713723 0.0236326
3652 0.713763 0.0243052
3655 0.713621 0.025707
3658 0.716838 0.0219472
3661 0.717073 0.0150515
3664 0.717454 0.0118953
3667 0.720286 0.0137307
3670 0.720205 0.0212179
3673 0.715894 0.0489466
3676 0.717908 0.0262175
3679 0.717324 0.0228304
3682 0.716721 0.014857
3685 0.716773 0.0247873
3688 0.716672 0.0222065
3691 0.715716 0.0275545
3694 0.715679 0.0142168
3697 0.707609 0.0707114
3700 0.708411 0.0256867
3703 0.705757 0.0706061
3706 0.704748 0.056758
3709 0.703906 0.0714812
3712 0.702913 0.0647233
3715 0.703428 0.0681306
3718 0.703679 0.0686654
3721 0.693761 0.145839
3724 0.692468 0.074844
3727 0.690434 0.0695649
3730 0.69007 0.0735718
3733 0.689583 0.0843246
3736 0.689689 0.0716433
3739 0.689466 0.0674176
3742 0.692756 0.0831173
3745 0.692768 0.080585
3748 0.685297 0.139928
3751 0.684045 0.0947857
3754 0.685256 0.0806904
3757 0.684811 0.102974
3760 0.683393 0.0399887
3763 0.682757 0.00698485
3766 0.680658 0.0107406
3769 0.679232 0.0174581
3772 0.678166 0.0283567
3775 0.680459 0.0288874
3778 0.682846 0.0274086
3781 0.683486 0.0331497
3784 0.682477 0.0375294
3787 0.678948 0.0288712
3790 0.679143 0.0356495
3793 0.679114 0.0322664
3796 0.671198 0.08522
3799 0.671076 0.066899
3802 0.668151 0.0823677
3805 0.66619 0.0691678
3808 0.664906 0.083101
3811 0.6921 0.0913581
3814 0.716307 0.0889312
3817 0.737712 0.0888583
3820 0.765817 0.0760676
3823 0.789126 0.0936431
3826 0.791249 0.0155133
3829 0.792667 0.0181023
3832 0.794834 0.0130054
3835 0.796787 0.0134795
3838 0.797326 0.0232923
3841 0.797326 0.0218783
3844 0.797606 0.0205615
3847 0.798238 0.0658131
3850 0.798132 0.0263188
3853 0.797034 0.0248278
3856 0.795794 0.0290049
3859 0.794923 0.0284863
3862 0.794676 0.0360465
3865 0.794859 0.0369581
3868 0.794859 0.0397699
3871 0.794137 0.0699376
3874 0.794433 0.024605
3877 0.794822 0.0567863
3880 0.79509 0.0221173
3883 0.795215 0.0271453
3886 0.794802 0.029086
3889 0.794381 0.02138
3892 0.794344 0.0264849
3895 0.793554 0.0354996
3898 0.792294 0.0484685
3901 0.792476 0.0500162
3904 0.791877 0.0535127
3907 0.792452 0.0249291
3910 0.791617 0.0352889
3913 0.791318 0.0275504
3916 0.791605 0.0315858
3919 0.789057 0.0333847
3922 0.790831 0.094421
3925 0.791188 0.035139
3928 0.791646 0.0176161
3931 0.790629 0.0251884
3934 0.790653 0.0300827
3937 0.791873 0.0204562
3940 0.792578 0.0231788
3943 0.79274 0.0235556
3946 0.792813 0.0273438
3949 0.792857 0.0208208
3952 0.792468 0.0266348
3955 0.792861 0.0508387
3958 0.793064 0.0241066
3961 0.793542 0.0234624
3964 0.792958 0.0252897
3967 0.792663 0.0241147
3970 0.793599 0.0139332
3973 0.797217 0.0884369
3976 0.796743 0.0506199
3979 0.796289 0.0235556
3982 0.794611 0.013054
3985 0.792703 0.031525
3988 0.792018 0.0227534
3991 0.793874 0.0211693
3994 0.794441 0.0148124
3997 0.794972 0.132137
4000 0.795462 0.0712787
4003 0.793712 0.0110972
4006 0.793303 0.0172595
4009 0.792967 0.0314845
4012 0.793246 0.100413
4015 0.793513 0.0142574
4018 0.79436 0.0150028
4021 0.795754 0.0638279
4024 0.795649 0.0203266
4027 0.795794 0.0180617
4030 0.795373 0.0184791
4033 0.795211 0.0182562
4036 0.795361 0.0147233
4039 0.795596 0.0278259
4042 0.795661 0.0233044
4045 0.788615 0.0143708
4048 0.780407 0.0568755
4051 0.783061 0.0365246
4054 0.783863 0.0629933
4057 0.78377 0.015331
4060 0.780759 0.053853
4063 0.784073 0.0135443
4066 0.786837 0.0215339
4069 0.789948 0.0128515
4072 0.793862 0.0576169
4075 0.794101 0.00400697
4078 0.793959 0.0229479
4081 0.794008 0.0122762
4084 0.793785 0.00769792
4087 0.793927 0.0239365
4090 0.793874 0.0168827
4093 0.793092 0.00798963
4096 0.79526 0.0429301
4099 0.79498 0.093003
4102 0.79387 0.0761162
4105 0.791844 0.0935783
4108 0.791488 0.0533344
4111 0.793457 0.0158537
4114 0.793635 0.00601248
4117 0.793846 0.011636
4120 0.794223 0.0956284
4123 0.793975 0.0238757
4126 0.793125 0.0274532
4129 0.792241 0.00539665
4132 0.792788 0.045207
4135 0.791143 0.0126651
4138 0.790564 0.115436
4141 0.789272 0.176064
4144 0.789166 0.259452
4147 0.787315 0.211166
4150 0.786792 0.20641
4153 0.785131 0.139057
4156 0.78458 0.159667
4159 0.78227 0.0855077
4162 0.783474 0.192509
4165 0.784949 0.137537
4168 0.785799 0.0874848
4171 0.794024 0.331671
4174 0.788145 0.299036
4177 0.790973 0.13067
4180 0.7921 0.151588
4183 0.796175 0.11903
4186 0.800304 0.128766
4189 0.802666 0.0995746
4192 0.806324 0.120995
4195 0.807139 0.162949
4198 0.806884 0.183583
4201 0.807106 0.185188
4204 0.806231 0.198323
4207 0.805348 0.20485
4210 0.807272 0.347387
4213 0.808727 0.148246
4216 0.814245 0.383802
4219 0.818029 0.49541
4222 0.816368 0.55331
4225 0.818439 0.304181
4228 0.824305 0.569407
4231 0.830824 0.39022
4234 0.837566 0.467734
4237 0.84336 0.557094
4240 0.849627 0.513763
4243 0.848452 0.561689
4246 0.835961 0.589612
4249 0.83016 0.560931
4252 0.805571 0.581659
4255 0.794996 0.449259
4258 0.753278 0.486318
4261 0.755174 0.498558
4264 0.720075 0.533887
4267 0.726906 0.417365
4270 0.731622 0.569496
4273 0.740447 0.472676
4276 0.753395 0.527409
4279 0.756308 0.372182
4282 0.765351 0.498533
4285 0.762049 0.60301
4288 0.761421 0.629998
4291 0.757779 0.591605
4294 0.726153 0.553148
4297 0.7088 0.549923
4300 0.712742 0.549567
4303 0.707589 0.669869
4306 0.699303 0.660376
4309 0.691014 0.439855
4312 0.691909 0.635807
4315 0.699125 0.718799
4318 0.699619 0.687055
4321 0.65722 0.703898
4324 0.647253 0.713504
4327 0.638546 0.722008
4330 0.617547 0.555417
4333 0.611235 0.569091
4336 0.606106 0.687858
4339 0.604031 0.710822
4342 0.604445 0.660623
4345 0.612884 0.705425
4348 0.610473 0.676902
4351 0.615124 0.678936
4354 0.614407 0.674176
4357 0.613135 0.664367
4360 0.611498 0.650166
4363 0.608687 0.631233
4366 0.60679 0.629443
4369 0.600069 0.337088
4372 0.598781 0.618054
4375 0.599101 0.609396
4378 0.595523 0.604667
4381 0.584515 0.557787
4384 0.589895 0.469618
4387 0.587959 0.547018
4390 0.58524 0.47277
4393 0.576141 0.413917
4396 0.558618 0.553087
4399 0.536144 0.561972
4402 0.516919 0.592035
4405 0.501653 0.574224
4408 0.478357 0.496917
4411 0.463082 0.558674
4414 0.453306 0.577085
4417 0.464452 0.579941
4420 0.48114 0.583992
4423 0.500891 0.561292
4426 0.510858 0.561279
4429 0.498756 0.553399
4432 0.484158 0.0936229
4435 0.478349 0.38742
4438 0.466842 0.488133
4441 0.459991 0.59641
4444 0.464776 0.62943
4447 0.475679 0.597087
4450 0.484823 0.614857
4453 0.484973 0.651199
4456 0.486512 0.641783
4459 0.489296 0.583575
4462 0.47783 0.306555
4465 0.474293 0.621899
4468 0.477465 0.650365
4471 0.486124 0.607192
4474 0.508488 0.595227
4477 0.512985 0.529807
4480 0.495353 0.553197
4483 0.48744 0.504785
4486 0.460461 0.569322
4489 0.442926 0.512309
4492 0.441666 0.526169
4495 0.446876 0.51382
4498 0.450754 0.499619
4501 0.471822 0.49039
4504 0.500721 0.458411
4507 0.537193 0.487477
4510 0.569954 0.550863
4513 0.609801 0.547812
4516 0.64182 0.525391
4519 0.670926 0.570501
4522 0.671716 0.465372
4525 0.676307 0.488214
4528 0.719123 0.500292
4531 0.758277 0.401933
4534 0.773284 0.503898
4537 0.78125 0.570047
4540 0.772198 0.56463
4543 0.762973 0.482874
4546 0.736411 0.549392
4549 0.722757 0.52939
4552 0.711061 0.555101
4555 0.701552 0.583782
4558 0.695859 0.589968
4561 0.601588 0.599011
4564 0.596726 0.596536
4567 0.554696 0.58802
4570 0.565359 0.611944
4573 0.535998 0.610668
4576 0.528365 0.588603
4579 0.514456 0.554007
4582 0.493104 0.599133
4585 0.480759 0.56181
4588 0.476294 0.554809
4591 0.475833 0.552864
4594 0.492663 0.560198
4597 0.504712 0.563646
4600 0.498383 0.412677
4603 0.492488 0.284519
4606 0.492079 0.0781865
4609 0.485313 0.521404
4612 0.480002 0.480962
4615 0.462276 0.446021
4618 0.444543 0.483093
4621 0.435107 0.486184
4624 0.423005 0.450454
4627 0.369265 0.442233
4630 0.353962 0.447772
4633 0.368674 0.42941
4636 0.380836 0.454813
4639 0.380091 0.459383
4642 0.408245 0.460194
4645 0.417916 0.469176
4648 0.428061 0.463674
4651 0.439438 0.459043
4654 0.450543 0.472146
4657 0.45444 0.512584
4660 0.456896 0.51006
4663 0.433182 0.458808
4666 0.421279 0.457216
4669 0.413625 0.430601
4672 0.391354 0.370934
4675 0.369516 0.334754
4678 0.319994 0.442282
4681 0.282449 0.362369
4684 0.264452 0.361361
4687 0.249603 0.39011
4690 0.263909 0.33195
4693 0.278097 0.380593
4696 0.281322 0.31367
4699 0.28366 0.216514
4702 0.290536 0.387683
4705 0.295203 0.422247
4708 0.295462 0.393574
4711 0.301179 0.418487
4714 0.324139 0.435641
4717 0.348959 0.432133
4720 0.384851 0.405231
4723 0.408982 0.43362
4726 0.418062 0.48003
4729 0.424759 0.51068
4732 0.41104 0.312292
4735 0.408326 0.430642
4738 0.396115 0.454303
4741 0.379572 0.413467
4744 0.362758 0.466976
4747 0.343611 0.468528
4750 0.328004 0.419897
4753 0.300284 0.451856
4756 0.269285 0.435856
4759 0.246439 0.382623
4762 0.220092 0.392727
4765 0.195337 0.373159
4768 0.172462 0.349433
4771 0.15519 0.319225
4774 0.13697 0.294129
4777 0.115428 0.271866
4780 0.0947978 0.24103
4783 0.0772304 0.174411
4786 0.0580788 0.154481
4789 0.0379629 0.0992991
4792 0.021303 0.0548821
4795 0.0103193 0.0321084
4798 0.00196499 0.012657
4801 0.00031602 0.0666154
4804 0.000251195 0.0678511
4807 0.000214731 0.0882465
4810 0.000170164 0.0603193
4813 0.000125598 0.092845
4816 8.10307e-05 0.0914877
4819 8.91338e-05 0.0656146
4822 0.000202577 0.0619885
4825 0.000129649 0.0667004
4828 0.000101288 0.0241309
4831 6.88761e-05 0.090098
4834 5.267e-05 0.045203
4837 0.000640143 0.100669
4840 0.000879183 0.0144478
4843 0.00105745 0.00514545
4846 0.00124382 0.00668503
4849 0.0014464 0.00409205
4852 0.00140993 0.00539665
4855 0.00179483 0.00763714
4858 0.00179483 0.0146017
4861 0.00177052 0.0088526
4864 0.00153148 0.00551819
4867 0.000972369 0.00636901
4870 0.000822462 0.0085771
4873 0.000518597 0.00646625
4876 0.000587473 0.00350053
4879 0.000692813 0.00351673
4882 0.000542906 0.00397456
4885 0.000465927 0.091747
4888 0.000380844 0.00430273
4891 0.000457824 0.00206628
4894 0.000486184 0.00675796
4897 0.00136942 0.00340329
4900 0.00292116 0.00524269
4903 0.00610161 0.00728871
4906 0.00829754 0.0103233
4909 0.00700105 0.0124787
4912 0.00468358 0.0100478
4915 0.00224455 0.00886881
4918 0.0077911 0.0104651
4921 0.0243457 0.0291832
4924 0.0313224 0.0519245
4927 0.0406734 0.0651811
4930 0.0633296 0.102111
4933 0.0809861 0.127315
4936 0.0888056 0.171587
4939 0.0947168 0.17108
4942 0.100895 0.176355
4945 0.108387 0.158921
4948 0.116449 0.163589
4951 0.112219 0.212467
4954 0.102131 0.193611
4957 0.093157 0.158476
4960 0.0871242 0.175079
4963 0.0826837 0.163484
4966 0.067061 0.134187
4969 0.062815 0.141427
4972 0.0653877 0.152078
4975 0.0723159 0.152317
4978 0.0784823 0.116445
4981 0.0758974 0.16681
4984 0.0765781 0.169127
4987 0.0804878 0.18964
4990 0.0842841 0.175395
4993 0.0869297 0.149964
4996 0.0897901 0.174573
4999 0.0954461 0.219302
5002 0.0931853 0.202897
5005 0.0878332 0.216786
5008 0.0862531 0.23507
5011 0.0794466 0.233389
5014 0.0613281 0.187161
5017 0.0475731 0.142274
5020 0.0298639 0.112098
5023 0.0251762 0.0878738
5026 0.0193947 0.0534195
5029 0.0114456 0.0318451
5032 0.0107528 0.0369946
5035 0.0119277 0.0349485
5038 0.0130946 0.0295722
5041 0.0148286 0.0599263
5044 0.0156713 0.0632283
5047 0.0242322 0.0541326
5050 0.0418362 0.0711976
5053 0.0627583 0.101418
5056 0.0840896 0.109051
5059 0.104671 0.114018
5062 0.133012 0.122608
5065 0.158893 0.135658
5068 0.180942 0.159558
5071 0.198951 0.149299
5074 0.217543 0.161944
5077 0.231436 0.214168
5080 0.225962 0.218135
5083 0.218884 0.20521
5086 0.208059 0.164302
5089 0.193084 0.220096
5092 0.170476 0.219439
5095 0.154712 0.242497
5098 0.151783 0.223936
5101 0.137436 0.227765
5104 0.115554 0.19658
5107 0.0946317 0.175492
5110 0.0837655 0.184045
5113 0.0730694 0.128353
5116 0.0658577 0.0995422
5119 0.0525282 0.0911312
5122 0.0351268 0.0452516
5125 0.0165667 0.00822057
5128 0.0005267 0.00719148
5131 0.00105745 0.017847
5134 0.00159631 0.00267807
5137 0.000251195 0.0861559
5140 0.000117495 0.112061
5143 9.31853e-05 0.0857913
5146 8.50822e-05 0.0641844
5149 7.29276e-05 0.0319909
5152 5.67215e-05 0.0218135
5155 5.267e-05 0.0453367
5158 5.67215e-05 0.0614618
5161 0.000243092 0.090884
5164 0.000133701 0.0633417
5167 0.000117495 0.0322543
5170 6.88761e-05 0.0686411
5173 5.267e-05 0.0480026
5176 5.67215e-05 0.0572401
5179 5.267e-05 0.0658172
5182 5.67215e-05 0.0661089
5185 0.000109391 0.109132
5188 9.31853e-05 0.0757718
5191 5.67215e-05 0.0707439
5194 8.10307e-06 0.0487035
5197 2.43092e-05 0.0965521
5200 0 0.064071
5203 0 0.0428612
5206 0 0.0385179
5209 0 0.0752208
5212 0 0.031367
5215 0 0.0523661
5218 0 0.0477433
5221 0.000153958 0.105437
5224 8.10307e-05 0.103699
5227 6.88761e-05 0.0446763
5230 4.45669e-05 0.0280366
5233 5.267e-05 0.0819788
5236 4.86184e-05 0.0499797
5239 3.64638e-05 0.0818248
5242 3.64638e-05 0.0625233
5245 0.000101288 0.0944494
5248 5.67215e-05 0.0723078
5251 9.72369e-05 0.0707763
5254 8.91338e-05 0.0368852
5257 0.00876347 0.00925371
5260 0.0260109 0.0279272
5263 0.0391743 0.0428693
5266 0.0448059 0.070444
5269 0.0500041 0.077518
5272 0.0531967 0.0813265
5275 0.056527 0.0768009
5278 0.0596508 0.081367
5281 0.0614375 0.0919537
5284 0.0640264 0.119893
5287 2.02577e-05 0.107487
5290 0.0742363 0.0706304
5293 0.0966008 0.148841
5296 0.117385 0.175083
5299 0.134053 0.182323
5302 0.145483 0.193846
5305 0.157763 0.201653
5308 0.165112 0.208427
5311 0.17202 0.186824
5314 0.174771 0.133543
5317 0.173608 0.114877
5320 0.168325 0.101945
5323 0.164873 0.0978527
5326 0.159185 0.0950369
5329 0.158905 0.0817802
5332 0.167361 0.0978081
5335 0.170456 0.107418
5338 0.17691 0.109809
5341 0.181407 0.114488
5344 0.185662 0.117158
5347 0.19105 0.112811
5350 0.193671 0.121591
5353 0.201661 0.119553
5356 0.218844 0.145312
5359 0.234171 0.130382
5362 0.2472 0.129414
5365 0.24829 0.145256
5368 0.249255 0.162175
5371 0.243971 0.170874
5374 0.246337 0.17418
5377 0.24987 0.169115
5380 0.253642 0.180784
5383 0.256102 0.174244
5386 0.259959 0.176043
5389 0.276623 0.196301
5392 0.287408 0.197666
5395 0.294794 0.154303
5398 0.300012 0.171303
5401 0.297796 0.117892
5404 0.29496 0.132996
5407 0.29137 0.144125
5410 0.294814 0.11356
5413 0.297391 0.100778
5416 0.299801 0.110267
5419 0.311211 0.126347
5422 0.32881 0.107491
5425 0.339081 0.125857
5428 0.346123 0.130536
5431 0.352066 0.136654
5434 0.359801 0.158334
5437 0.36963 0.182522
5440 0.380419 0.179447
5443 0.392209 0.103772
5446 0.399692 0.218661
5449 0.408204 0.193056
5452 0.413658 0.208926
5455 0.414496 0.188234
5458 0.411685 0.195523
5461 0.409355 0.19154
5464 0.406491 0.190293
5467 0.402824 0.186403
5470 0.401536 0.17954
5473 0.401803 0.188518
5476 0.400417 0.162941
5479 0.405364 0.115696
5482 0.417734 0.112669
5485 0.432177 0.115315
5488 0.446876 0.128247
5491 0.462021 0.123025
5494 0.474986 0.13571
5497 0.490297 0.0741553
5500 0.497638 0.157038
5503 0.509878 0.150583
5506 0.519172 0.146621
5509 0.531136 0.137983
5512 0.535978 0.113066
5515 0.539154 0.104027
5518 0.54041 0.123847
5521 0.550381 0.187234
5524 0.557131 0.148691
5527 0.566311 0.13975
5530 0.586403 0.0262256
5533 0.603837 0.0256017
5536 0.618264 0.038206
5539 0.627806 0.0486792
5542 0.637586 0.0584393
5545 0.644178 0.065878
5548 0.65534 0.0821408
5551 0.659878 0.0663966
5554 0.665975 0.0727453
5557 0.672834 0.0796167
5560 0.680492 0.090175
5563 0.686435 0.0945223
5566 0.689746 0.102617
5569 0.69103 0.113897
5572 0.690422 0.13582
5575 0.690374 0.133652
5578 0.689887 0.148614
5581 0.690187 0.13507
5584 0.690102 0.154546
5587 0.69054 0.149854
5590 0.694109 0.0929787
5593 0.696467 0.122219
5596 0.702646 0.141484
5599 0.701629 0.114841
5602 0.699441 0.108281
5605 0.699716 0.0530224
5608 0.699793 0.0742606
5611 0.700227 0.0562272
5614 0.700369 0.0588891
5617 0.699178 0.0595657
5620 0.698679 0.0721133
5623 0.709112 0.0941942
5626 0.710323 0.0794263
5629 0.70799 0.0638765
5632 0.70521 0.0492059
5635 0.702443 0.0456446
5638 0.703711 0.0615671
5641 0.712394 0.0630703
5644 0.735552 0.0693299
5647 0.78644 0.120553
5650 0.788822 0.0489669
5653 0.789243 0.0876023
5656 0.786302 0.070363
5659 0.783786 0.0609756
5662 0.783259 0.0949356
5665 0.784102 0.0750223
5668 0.784033 0.0672231
5671 0.785009 0.191346
5674 0.785585 0.0809983
5677 0.78552 0.0539421
5680 0.785435 0.0393039
5683 0.785986 0.0463091
5686 0.784539 0.0196824
5689 0.78411 0.0248724
5692 0.784811 0.0189004
5695 0.784458 0.00980472
5698 0.785674 0.0116158
5701 0.785224 0.0201645
5704 0.782449 0.0471477
5707 0.781764 0.0548173
5710 0.782153 0.0128515
5713 0.775679 0.0141723
5716 0.774731 0.0350985
5719 0.77388 0.0641155
5722 0.770371 0.159477
5725 0.769966 0.141354
5728 0.770327 0.0369419
5731 0.770464 0.0141601
5734 0.77031 0.0130743
5737 0.769848 0.016668
