frame_number static_density dynamic_density
1 0.284602 0.150829
4 0.294228 0.131366
7 0.308488 0.0449919
10 0.326569 0.0535772
13 0.330846 0.0782602
16 0.329171 0.0928455
19 0.326878 0.091187
22 0.324862 0.092374
25 0.325431 0.0689268
28 0.329138 0.101154
31 0.334715 0.110228
34 0.33665 0.137967
37 0.333496 0.130406
40 0.327512 0.124341
43 0.32413 0.121317
46 0.319821 0.119122
49 0.318797 0.115041
52 0.318406 0.103561
55 0.315886 0.0357886
58 0.31735 0.0323089
61 0.324602 0.0376748
64 0.328033 0.0225366
67 0.329447 0.0411057
70 0.326276 0.0295935
73 0.323122 0.023935
76 0.320228 0.0362927
79 0.318911 0.0568455
82 0.319561 0.0580163
85 0.329106 0.0761301
88 0.345789 0.0750407
91 0.36465 0.0999512
94 0.381902 0.121057
97 0.398033 0.127187
100 0.40665 0.134943
103 0.40361 0.130976
106 0.394081 0.137577
109 0.392374 0.144293
112 0.39922 0.145154
115 0.402634 0.163496
118 0.40652 0.178293
121 0.403659 0.194959
124 0.401236 0.194862
127 0.397382 0.194098
130 0.394878 0.200846
133 0.390309 0.192228
136 0.390569 0.19961
139 0.394228 0.202846
142 0.39439 0.209382
145 0.39 0.198374
148 0.387398 0.187366
151 0.383415 0.186797
154 0.379919 0.187333
157 0.376683 0.187675
160 0.374065 0.18026
163 0.371073 0.191057
166 0.369301 0.177789
169 0.367528 0.156829
172 0.366699 0.18787
175 0.364992 0.170325
178 0.364228 0.182748
181 0.362358 0.178667
184 0.362081 0.159463
187 0.361821 0.113935
190 0.361089 0.10639
193 0.360764 0.0618862
196 0.357333 0.13722
199 0.357642 0.0697561
202 0.358862 0.030439
205 0.36039 0.0510732
208 0.359642 0.0209431
211 0.360488 0.0848943
214 0.36052 0.0616423
217 0.360683 0.0359024
220 0.360114 0.209512
223 0.360732 0.0412358
226 0.360276 0.0585041
229 0.361317 0.0550569
232 0.361382 0.0446179
235 0.362715 0.0548943
238 0.362488 0.0230569
241 0.360341 0.0497073
244 0.361106 0.0129593
247 0.359805 0.0540813
250 0.359642 0.030439
253 0.360602 0.0257561
256 0.360618 0.022439
259 0.360959 0.0228618
262 0.360797 0.0358862
265 0.360894 0.0608618
268 0.360732 0.0296911
271 0.358537 0.153398
274 0.358911 0.051561
277 0.35826 0.0356585
280 0.356634 0.0255285
283 0.362016 0.0129919
286 0.369902 0.0368618
289 0.377382 0.0565041
292 0.383203 0.0484228
295 0.384585 0.0395935
298 0.378309 0.0610244
301 0.369854 0.0243415
304 0.363707 0.0478862
307 0.360325 0.0356748
310 0.362862 0.0586667
313 0.367073 0.0331545
316 0.370764 0.0564065
319 0.370732 0.0587317
322 0.371724 0.172553
325 0.371073 0.100553
328 0.368065 0.122374
331 0.367285 0.0994309
334 0.367187 0.0724553
337 0.366374 0.0478862
340 0.366537 0.0322927
343 0.368976 0.0270732
346 0.369106 0.022748
349 0.375252 0.0221301
352 0.378894 0.0326667
355 0.379772 0.0302927
358 0.378423 0.0258374
361 0.374748 0.0259675
364 0.372992 0.0258862
367 0.370911 0.0252358
370 0.366293 0.0393659
373 0.365967 0.0238211
376 0.365984 0.022878
379 0.365577 0.0300813
382 0.365707 0.0335772
385 0.363577 0.0300325
388 0.369089 0.0378374
391 0.378423 0.0512033
394 0.388049 0.0592358
397 0.398065 0.0570732
400 0.400748 0.0542439
403 0.396163 0.0602927
406 0.390309 0.0765366
409 0.390878 0.093122
412 0.401122 0.119024
415 0.413756 0.133203
418 0.429008 0.151301
421 0.438992 0.185366
424 0.454569 0.215594
427 0.470618 0.23148
430 0.483707 0.245854
433 0.494732 0.256472
436 0.506732 0.269707
439 0.512667 0.255789
442 0.515447 0.278813
445 0.521707 0.305398
448 0.528504 0.306715
451 0.529545 0.310049
454 0.533659 0.315659
457 0.536374 0.32
460 0.539106 0.329285
463 0.54174 0.332293
466 0.542569 0.319967
469 0.542797 0.326276
472 0.544618 0.355691
475 0.54548 0.341447
478 0.544081 0.332585
481 0.545122 0.317659
484 0.546439 0.316276
487 0.546894 0.302293
490 0.545691 0.291268
493 0.546699 0.350472
496 0.537902 0.358472
499 0.536748 0.0442764
502 0.54161 0.0241463
505 0.548114 0.0487967
508 0.55239 0.0682114
511 0.558927 0.0864228
514 0.567187 0.0896423
517 0.574862 0.0862602
520 0.592764 0.0986341
523 0.603073 0.0883415
526 0.614878 0.0909756
529 0.622406 0.0958374
532 0.629496 0.0977724
535 0.63426 0.0990732
538 0.637057 0.108862
541 0.640504 0.103675
544 0.642065 0.119984
547 0.643691 0.165138
550 0.641285 0.131593
553 0.641138 0.140455
556 0.639496 0.107951
559 0.63839 0.12948
562 0.635398 0.164911
565 0.631837 0.303756
568 0.629854 0.283089
571 0.630049 0.0878374
574 0.629642 0.0363577
577 0.631382 0.0500163
580 0.634797 0.0589106
583 0.640423 0.0730894
586 0.648114 0.0889268
589 0.65426 0.0905366
592 0.659431 0.0966829
595 0.673512 0.13839
598 0.682748 0.119789
601 0.690374 0.121398
604 0.696488 0.13039
607 0.706488 0.130211
610 0.714667 0.145106
613 0.721577 0.152098
616 0.724569 0.155577
619 0.726211 0.164959
622 0.738455 0.216211
625 0.738976 0.166813
628 0.740764 0.168309
631 0.743691 0.172829
634 0.74735 0.175675
637 0.749642 0.175642
640 0.749285 0.151187
643 0.74813 0.122407
646 0.750472 0.183447
649 0.749431 0.0940813
652 0.749431 0.106374
655 0.748862 0.100862
658 0.748065 0.106228
661 0.747398 0.11187
664 0.745772 0.110276
667 0.744049 0.111821
670 0.742504 0.228618
673 0.742423 0.13148
676 0.741675 0.131024
679 0.740455 0.157756
682 0.740553 0.145984
685 0.739008 0.134537
688 0.73748 0.141951
691 0.737626 0.148114
694 0.737415 0.139577
697 0.739951 0.320114
700 0.739122 0.158683
703 0.738455 0.174715
706 0.738358 0.193382
709 0.738423 0.193382
712 0.738163 0.179268
715 0.738683 0.142016
718 0.739415 0.140569
721 0.739854 0.338114
724 0.739008 0.203138
727 0.738228 0.152276
730 0.737089 0.200423
733 0.736862 0.216049
736 0.737252 0.216114
739 0.738146 0.0138699
742 0.737431 0.0367967
745 0.736455 0.312049
748 0.737089 0.0204228
751 0.736862 0.0467967
754 0.73626 0.101675
757 0.735659 0.148065
760 0.735528 0.14078
763 0.734846 0.0625691
766 0.734455 0.0579024
769 0.73374 0.0206992
772 0.734358 0.18761
775 0.733252 0.16852
778 0.733041 0.186878
781 0.733187 0.0187317
784 0.733317 0.0178862
787 0.732667 0.0226016
790 0.732309 0.0181463
793 0.733154 0.0179675
796 0.733837 0.0580488
799 0.733285 0.0360163
802 0.733089 0.0394309
805 0.730423 0.0495122
808 0.729268 0.0584878
811 0.729675 0.0872195
814 0.728309 0.0998211
817 0.729301 0.110325
820 0.731431 0.339837
823 0.731382 0.0451057
826 0.732 0.0526341
829 0.731496 0.110667
832 0.732732 0.0389268
835 0.732943 0.0725528
838 0.73265 0.0850569
841 0.733122 0.0499187
844 0.732894 0.0660163
847 0.733463 0.186341
850 0.733919 0.0473008
853 0.733382 0.0595772
856 0.734325 0.0726504
859 0.733561 0.0318049
862 0.733724 0.0447967
865 0.733837 0.0844228
868 0.733675 0.0526992
871 0.730618 0.115593
874 0.730423 0.0733171
877 0.731138 0.0604715
880 0.729935 0.0691382
883 0.730374 0.076748
886 0.730569 0.0444715
889 0.730618 0.0447967
892 0.731024 0.0204228
895 0.730325 0.0981951
898 0.731512 0.0794146
901 0.731789 0.037626
904 0.731545 0.0377398
907 0.731545 0.240797
910 0.731447 0.0213821
913 0.731041 0.025935
916 0.730667 0.0170081
919 0.728618 0.0190569
922 0.72865 0.0654309
925 0.729024 0.0725366
928 0.729057 0.0807642
931 0.729821 0.216748
934 0.729415 0.185106
937 0.730374 0.0177886
940 0.731382 0.035935
943 0.731301 0.0342927
946 0.731593 0.0473496
949 0.731398 0.0501951
952 0.731415 0.0528293
955 0.730569 0.168016
958 0.730504 0.0687642
961 0.730504 0.0776911
964 0.730341 0.131545
967 0.729919 0.0605854
970 0.730244 0.0192195
973 0.730537 0.0115122
976 0.730472 0.0281301
979 0.730943 0.043561
982 0.731545 0.0884065
985 0.730943 0.0672846
988 0.730211 0.0629756
991 0.730081 0.0330081
994 0.729902 0.0527967
997 0.729528 0.0129919
1000 0.730472 0.0411382
1003 0.731366 0.0416423
1006 0.730829 0.100276
1009 0.731382 0.0455447
1012 0.728634 0.0443577
1015 0.728504 0.0373821
1018 0.729187 0.0407642
1021 0.72852 0.0600813
1024 0.727285 0.0482114
1027 0.727463 0.051252
1030 0.728602 0.0361951
1033 0.727626 0.0480813
1036 0.727463 0.102992
1039 0.727447 0.0703415
1042 0.726488 0.0558049
1045 0.727073 0.0485691
1048 0.727203 0.0590081
1051 0.727057 0.047252
1054 0.727154 0.0490894
1057 0.726553 0.0426341
1060 0.727024 0.0410894
1063 0.726667 0.139089
1066 0.726472 0.0304715
1069 0.726276 0.0483089
1072 0.725512 0.0350081
1075 0.724862 0.0466016
1078 0.724293 0.0365691
1081 0.724179 0.0383415
1084 0.724455 0.0441951
1087 0.725122 0.108455
1090 0.724829 0.0404228
1093 0.725301 0.0339837
1096 0.725415 0.0490406
1099 0.725138 0.0373659
1102 0.725073 0.0469919
1105 0.724488 0.035122
1108 0.724488 0.0304065
1111 0.724309 0.0923252
1114 0.725333 0.0404878
1117 0.724943 0.0401301
1120 0.724976 0.0382276
1123 0.725106 0.0516098
1126 0.725415 0.0393984
1129 0.726764 0.0412846
1132 0.728911 0.0398374
1135 0.729024 0.0559512
1138 0.729057 0.0573496
1141 0.728211 0.0517236
1144 0.727951 0.0400325
1147 0.72852 0.0342114
1150 0.728829 0.040748
1153 0.727951 0.0433984
1156 0.727431 0.0569756
1159 0.727886 0.0545203
1162 0.728634 0.0838537
1165 0.727593 0.0721626
1168 0.727366 0.0618211
1171 0.727821 0.0648943
1174 0.726813 0.0622764
1177 0.726423 0.056748
1180 0.725837 0.0557724
1183 0.725805 0.0394797
1186 0.725821 0.0894472
1189 0.726098 0.0349919
1192 0.725366 0.0418211
1195 0.726179 0.0216911
1198 0.726244 0.0276098
1201 0.726699 0.0248943
1204 0.726488 0.029252
1207 0.72639 0.019252
1210 0.726309 0.0180976
1213 0.727024 0.201577
1216 0.727057 0.0792846
1219 0.726829 0.0534309
1222 0.72652 0.145463
1225 0.726618 0.0418862
1228 0.727496 0.0291382
1231 0.728049 0.034
1234 0.729041 0.0515122
1237 0.727593 0.0491545
1240 0.728195 0.045122
1243 0.730195 0.0450081
1246 0.73039 0.0357724
1249 0.729496 0.0353008
1252 0.729122 0.0444553
1255 0.728959 0.0462764
1258 0.728585 0.0387805
1261 0.727431 0.137073
1264 0.727659 0.020065
1267 0.726894 0.0260325
1270 0.726732 0.0315447
1273 0.727024 0.0170244
1276 0.727577 0.0380976
1279 0.727707 0.0349593
1282 0.726943 0.0441626
1285 0.72735 0.0323902
1288 0.729659 0.0433659
1291 0.729837 0.0435772
1294 0.729594 0.049187
1297 0.729203 0.0674472
1300 0.729333 0.0395772
1303 0.728748 0.0386016
1306 0.729398 0.0380488
1309 0.729935 0.0349756
1312 0.727317 0.0836748
1315 0.726748 0.0380813
1318 0.726488 0.0331707
1321 0.726732 0.0326179
1324 0.727171 0.0577724
1327 0.726797 0.0286667
1330 0.727057 0.028878
1333 0.726732 0.033252
1336 0.726976 0.189187
1339 0.726748 0.0955285
1342 0.727902 0.0640325
1345 0.728715 0.063252
1348 0.730309 0.057626
1351 0.732016 0.0563089
1354 0.733122 0.0594309
1357 0.73574 0.055626
1360 0.737122 0.0591707
1363 0.735545 0.0917561
1366 0.73361 0.0597724
1369 0.733561 0.0572358
1372 0.733171 0.0529431
1375 0.732732 0.0373008
1378 0.731382 0.0341626
1381 0.728943 0.0375772
1384 0.728732 0.0457236
1387 0.728163 0.0749106
1390 0.726504 0.0410894
1393 0.725837 0.0389594
1396 0.725187 0.0198211
1399 0.725431 0.0349593
1402 0.725154 0.024813
1405 0.72548 0.0323902
1408 0.724732 0.0359024
1411 0.722878 0.102585
1414 0.723057 0.0560325
1417 0.72452 0.0976098
1420 0.724293 0.108748
1423 0.72587 0.179236
1426 0.727236 0.157805
1429 0.728797 0.221707
1432 0.731707 0.186033
1435 0.733398 0.204553
1438 0.733707 0.291545
1441 0.73639 0.345398
1444 0.739415 0.376439
1447 0.747366 0.419902
1450 0.75161 0.422813
1453 0.757317 0.422016
1456 0.76013 0.429057
1459 0.758715 0.436423
1462 0.763073 0.442667
1465 0.760862 0.436602
1468 0.757219 0.407805
1471 0.759593 0.394228
1474 0.762244 0.151642
1477 0.762683 0.461935
1480 0.762569 0.176927
1483 0.760683 0.187919
1486 0.764553 0.531317
1489 0.766683 0.366764
1492 0.772683 0.53135
1495 0.774569 0.546065
1498 0.770829 0.473854
1501 0.769268 0.533317
1504 0.767317 0.755837
1507 0.77026 0.650098
1510 0.76787 0.806602
1513 0.765902 0.707203
1516 0.760309 0.722423
1519 0.756065 0.473041
1522 0.752976 0.643171
1525 0.74761 0.682309
1528 0.75535 0.784732
1531 0.763268 0.540016
1534 0.765756 0.728098
1537 0.761561 0.77987
1540 0.769707 0.787122
1543 0.775951 0.73374
1546 0.775301 0.798585
1549 0.773545 0.784472
1552 0.774195 0.784618
1555 0.775772 0.673122
1558 0.77535 0.82013
1561 0.771203 0.810878
1564 0.776472 0.823837
1567 0.771935 0.821577
1570 0.770959 0.807756
1573 0.763171 0.812797
1576 0.755984 0.793203
1579 0.754455 0.817285
1582 0.757528 0.815203
1585 0.766016 0.814179
1588 0.773398 0.579691
1591 0.767707 0.773659
1594 0.77013 0.774618
1597 0.76439 0.836049
1600 0.768374 0.857886
1603 0.758553 0.857528
1606 0.748341 0.85839
1609 0.75213 0.842976
1612 0.748244 0.840878
1615 0.731041 0.849431
1618 0.737333 0.830715
1621 0.726228 0.808472
1624 0.712683 0.813594
1627 0.72187 0.806602
1630 0.742423 0.827675
1633 0.746894 0.839545
1636 0.73748 0.833756
1639 0.741333 0.841496
1642 0.754195 0.820114
1645 0.760455 0.802163
1648 0.769837 0.798049
1651 0.762276 0.810228
1654 0.762455 0.79478
1657 0.759415 0.787805
1660 0.752537 0.820602
1663 0.738016 0.782293
1666 0.729057 0.780146
1669 0.718244 0.776553
1672 0.715187 0.660081
1675 0.708732 0.766764
1678 0.706081 0.736244
1681 0.730813 0.671236
1684 0.74748 0.715057
1687 0.75 0.761024
1690 0.766569 0.651219
1693 0.772553 0.525577
1696 0.768423 0.778179
1699 0.757512 0.761073
1702 0.755317 0.75413
1705 0.748634 0.747154
1708 0.729398 0.750715
1711 0.72039 0.745268
1714 0.713984 0.745528
1717 0.732455 0.727415
1720 0.734927 0.733935
1723 0.741398 0.705171
1726 0.754374 0.613333
1729 0.750146 0.665106
1732 0.729398 0.682195
1735 0.698748 0.690228
1738 0.653675 0.692195
1741 0.619821 0.722146
1744 0.606423 0.712667
1747 0.583447 0.701041
1750 0.495106 0.683073
1753 0.460699 0.656829
1756 0.436959 0.676146
1759 0.430016 0.68148
1762 0.411561 0.652439
1765 0.400358 0.67878
1768 0.400862 0.665317
1771 0.415935 0.62922
1774 0.435886 0.574114
1777 0.438699 0.641317
1780 0.436797 0.629236
1783 0.437431 0.613285
1786 0.431138 0.584976
1789 0.423837 0.559415
1792 0.40239 0.545366
1795 0.383561 0.518894
1798 0.376813 0.494537
1801 0.374179 0.520276
1804 0.391122 0.564878
1807 0.404764 0.568699
1810 0.410732 0.573805
1813 0.416992 0.552504
1816 0.415057 0.503951
1819 0.393577 0.520585
1822 0.403935 0.543577
1825 0.41265 0.543187
1828 0.396358 0.551902
1831 0.393333 0.548764
1834 0.39587 0.528537
1837 0.39226 0.543528
1840 0.378683 0.531691
1843 0.35774 0.52735
1846 0.355512 0.468195
1849 0.349187 0.44761
1852 0.321187 0.428374
1855 0.312537 0.387886
1858 0.330634 0.351496
1861 0.356537 0.34078
1864 0.370114 0.336992
1867 0.369886 0.308764
1870 0.372911 0.325073
1873 0.396 0.337008
1876 0.397171 0.386081
1879 0.380016 0.404065
1882 0.389154 0.432894
1885 0.401431 0.420667
1888 0.421089 0.467138
1891 0.425057 0.481154
1894 0.434065 0.509431
1897 0.433512 0.531154
1900 0.462927 0.592358
1903 0.505171 0.54439
1906 0.549691 0.687041
1909 0.59922 0.652797
1912 0.60348 0.627236
1915 0.587707 0.609138
1918 0.562049 0.493659
1921 0.517756 0.562585
1924 0.480911 0.550976
1927 0.434813 0.490374
1930 0.395789 0.495967
1933 0.353675 0.431122
1936 0.328618 0.411122
1939 0.311724 0.387902
1942 0.283154 0.377821
1945 0.261577 0.37213
1948 0.254195 0.369594
1951 0.250033 0.341528
1954 0.242634 0.262634
1957 0.236341 0.228764
1960 0.227089 0.19278
1963 0.218049 0.148244
1966 0.222569 0.0804715
1969 0.229415 0.0488618
1972 0.227902 0.0443252
1975 0.228276 0.0116748
1978 0.229594 0.0295285
1981 0.230439 0.0355935
1984 0.232813 0.0243089
1987 0.233854 0.0270894
1990 0.234033 0.0200325
1993 0.234878 0.00912195
1996 0.235236 0.0106341
1999 0.236602 0.0322764
2002 0.238618 0.0352846
2005 0.278374 0.0816911
2008 0.316179 0.0946179
2011 0.357967 0.14439
2014 0.396098 0.188797
2017 0.450911 0.270846
2020 0.506537 0.276423
2023 0.534358 0.315122
2026 0.565512 0.358764
2029 0.588439 0.372439
2032 0.596667 0.37826
2035 0.57665 0.427203
2038 0.488016 0.421138
2041 0.435041 0.289772
2044 0.356081 0.19161
2047 0.314407 0.302423
2050 0.29426 0.298488
2053 0.277675 0.252976
2056 0.253089 0.235626
2059 0.241561 0.211171
2062 0.228098 0.260878
2065 0.218325 0.226016
2068 0.226228 0.15561
2071 0.214 0.141008
2074 0.219886 0.10761
2077 0.224146 0.0251057
2080 0.22748 0.0159187
2083 0.229512 0.0264878
2086 0.233512 0.0218049
2089 0.233707 0.0248943
2092 0.233789 0.0236911
2095 0.234309 0.0221951
2098 0.235707 0.0173659
2101 0.242098 0.0255772
2104 0.259837 0.0463252
2107 0.287512 0.0800488
2110 0.320634 0.114309
2113 0.354699 0.144715
2116 0.39265 0.191057
2119 0.438 0.228667
2122 0.479724 0.264488
2125 0.527545 0.302732
2128 0.573707 0.335398
2131 0.603057 0.378016
2134 0.626992 0.387252
2137 0.635772 0.392553
2140 0.645008 0.387415
2143 0.64987 0.385675
2146 0.652537 0.379301
2149 0.647496 0.382244
2152 0.557252 0.373951
2155 0.469447 0.358114
2158 0.443675 0.383951
2161 0.440602 0.374439
2164 0.43987 0.362439
2167 0.415398 0.343919
2170 0.396325 0.318667
2173 0.37413 0.377724
2176 0.346585 0.367317
2179 0.315984 0.328862
2182 0.288959 0.258537
2185 0.270407 0.216667
2188 0.246098 0.183415
2191 0.238309 0.158553
2194 0.237268 0.0829268
2197 0.242179 0.0963415
2200 0.23974 0.0807967
2203 0.236423 0.0795122
2206 0.238927 0.0420976
2209 0.240049 0.0331382
2212 0.242455 0.0247317
2215 0.241626 0.0078374
2218 0.241447 0.0136748
2221 0.241577 0.00681301
2224 0.241724 0.0186829
2227 0.241089 0.0171545
2230 0.242764 0.0195447
2233 0.242846 0.0204878
2236 0.24122 0.0230732
2239 0.242228 0.0138537
2242 0.241187 0.015561
2245 0.241285 0.0159024
2248 0.24148 0.0248618
2251 0.24322 0.0218374
2254 0.244341 0.0209593
2257 0.245073 0.0199187
2260 0.246472 0.0242764
2263 0.244846 0.0341463
2266 0.244 0.0414309
2269 0.242049 0.0682927
2272 0.275886 0.0919675
2275 0.306553 0.14174
2278 0.329967 0.147154
2281 0.339463 0.170813
2284 0.333919 0.178049
2287 0.323415 0.185041
2290 0.32361 0.207545
2293 0.318585 0.223951
2296 0.318179 0.239593
2299 0.302179 0.225724
2302 0.313398 0.259138
2305 0.297089 0.27452
2308 0.276602 0.242943
2311 0.270911 0.243919
2314 0.265317 0.16639
2317 0.262146 0.223691
2320 0.257041 0.23387
2323 0.260146 0.211317
2326 0.25052 0.140813
2329 0.253789 0.17948
2332 0.248813 0.149935
2335 0.249496 0.127106
2338 0.250276 0.10548
2341 0.244602 0.0923252
2344 0.239691 0.130163
2347 0.240065 0.0954797
2350 0.248553 0.0920325
2353 0.25426 0.079561
2356 0.252341 0.0721951
2359 0.251967 0.0628943
2362 0.25122 0.0587642
2365 0.251154 0.0580488
2368 0.251594 0.0542764
2371 0.247089 0.0841463
2374 0.24452 0.0603252
2377 0.238033 0.0928293
2380 0.238439 0.10026
2383 0.241398 0.085187
2386 0.270602 0.112943
2389 0.299984 0.122146
2392 0.331854 0.161024
2395 0.33665 0.183382
2398 0.338829 0.179626
2401 0.333171 0.164049
2404 0.322195 0.198114
2407 0.315431 0.177463
2410 0.297301 0.184943
2413 0.27678 0.161675
2416 0.254846 0.123171
2419 0.257041 0.180683
2422 0.244959 0.121967
2425 0.23761 0.0822927
2428 0.239236 0.0286504
2431 0.236228 0.0176748
2434 0.254179 0.0312358
2437 0.290943 0.0585041
2440 0.294862 0.0894309
2443 0.292797 0.0939675
2446 0.292585 0.111772
2449 0.291675 0.134992
2452 0.286114 0.157122
2455 0.275496 0.150276
2458 0.268569 0.105268
2461 0.254894 0.113659
2464 0.241886 0.106439
2467 0.241333 0.0932846
2470 0.238715 0.083935
2473 0.235366 0.0524065
2476 0.238016 0.0385041
2479 0.252455 0.0465366
2482 0.256065 0.0369431
2485 0.253756 0.0438374
2488 0.255089 0.054439
2491 0.256146 0.0553008
2494 0.255805 0.0670894
2497 0.252748 0.0685528
2500 0.248228 0.0725203
2503 0.244927 0.0566992
2506 0.241398 0.0815122
2509 0.248764 0.102341
2512 0.269545 0.0993008
2515 0.298244 0.134959
2518 0.316634 0.180602
2521 0.320163 0.186407
2524 0.320472 0.168764
2527 0.322585 0.17
2530 0.322911 0.188602
2533 0.317886 0.241398
2536 0.315171 0.236439
2539 0.302 0.256618
2542 0.29774 0.270488
2545 0.283545 0.286797
2548 0.26522 0.282179
2551 0.250927 0.295919
2554 0.25626 0.26265
2557 0.250325 0.194033
2560 0.237415 0.162715
2563 0.241285 0.0918699
2566 0.243756 0.0584228
2569 0.241821 0.023935
2572 0.241528 0.00474797
2575 0.241528 0.175561
2578 0.241642 0.149707
2581 0.241854 0.127301
2584 0.241854 0.0539024
2587 0.242325 0.219528
2590 0.242439 0.133366
2593 0.242585 0.0985528
2596 0.242797 0.176846
2599 0.243008 0.133268
2602 0.243024 0.145837
2605 0.243073 0.187756
2608 0.243285 0.0538699
2611 0.241626 0.175691
2614 0.24239 0.102829
2617 0.242423 0.0733171
2620 0.242748 0.0961301
2623 0.242813 0.141057
2626 0.247902 0.0158862
2629 0.270813 0.0424065
2632 0.292618 0.0675285
2635 0.296033 0.0865366
2638 0.295154 0.111236
2641 0.315935 0.137122
2644 0.356146 0.20387
2647 0.385236 0.281317
2650 0.407089 0.354374
2653 0.420163 0.374179
2656 0.420862 0.366878
2659 0.394699 0.403659
2662 0.375073 0.454992
2665 0.357837 0.434488
2668 0.34335 0.440715
2671 0.33522 0.396293
2674 0.34335 0.439854
2677 0.335789 0.401171
2680 0.345902 0.390309
2683 0.318829 0.301561
2686 0.307057 0.371415
2689 0.303593 0.34787
2692 0.293089 0.298748
2695 0.284959 0.252764
2698 0.269317 0.235496
2701 0.276276 0.168081
2704 0.27787 0.127154
2707 0.277089 0.0989756
2710 0.276033 0.0833821
2713 0.27226 0.0958211
2716 0.270976 0.0878049
2719 0.27065 0.0840976
2722 0.268309 0.0843252
2725 0.26974 0.0857073
2728 0.26735 0.0968293
2731 0.276016 0.0817073
2734 0.287252 0.0973333
2737 0.30639 0.0933984
2740 0.321707 0.10413
2743 0.319008 0.104049
2746 0.312 0.0996098
2749 0.311512 0.12535
2752 0.321171 0.126341
2755 0.324309 0.144325
2758 0.319691 0.165545
2761 0.319366 0.156374
2764 0.319951 0.152715
2767 0.32135 0.172829
2770 0.319724 0.178699
2773 0.317122 0.206911
2776 0.315431 0.196862
2779 0.315707 0.208683
2782 0.315447 0.209089
2785 0.314244 0.214114
2788 0.311919 0.213659
2791 0.311577 0.216797
2794 0.313772 0.218553
2797 0.312114 0.217073
2800 0.310602 0.213252
2803 0.310098 0.212813
2806 0.310228 0.198423
2809 0.308846 0.139268
2812 0.307431 0.182114
2815 0.307073 0.103447
2818 0.306602 0.0720813
2821 0.306228 0.0580163
2824 0.307659 0.0547967
2827 0.308276 0.0535772
2830 0.308537 0.036748
2833 0.30774 0.0500163
2836 0.308081 0.0938049
2839 0.307545 0.0608293
2842 0.307789 0.0356585
2845 0.308504 0.0487805
2848 0.308585 0.0501951
2851 0.306211 0.0524553
2854 0.311398 0.0519512
2857 0.316309 0.0765854
2860 0.314211 0.0441301
2863 0.309382 0.0533821
2866 0.309089 0.0578537
2869 0.309512 0.061122
2872 0.310504 0.0605203
2875 0.310829 0.0566179
2878 0.311203 0.0547317
2881 0.316098 0.0580488
2884 0.326862 0.0749268
2887 0.334634 0.0714634
2890 0.328081 0.0629268
2893 0.326927 0.0794959
2896 0.325577 0.0764553
2899 0.325268 0.0697073
2902 0.325285 0.0839837
2905 0.324439 0.0799024
2908 0.324959 0.0833659
2911 0.320683 0.103073
2914 0.319984 0.0821138
2917 0.31974 0.0888455
2920 0.319333 0.102683
2923 0.319024 0.0897236
2926 0.320325 0.0940488
2929 0.319984 0.0837724
2932 0.32122 0.0910406
2935 0.32252 0.0993496
2938 0.320358 0.0903252
2941 0.32265 0.0903902
2944 0.328813 0.0548618
2947 0.338488 0.0632033
2950 0.352065 0.0866179
2953 0.368114 0.103691
2956 0.385496 0.134927
2959 0.405106 0.123724
2962 0.418455 0.145154
2965 0.441691 0.148537
2968 0.468537 0.16065
2971 0.486699 0.170098
2974 0.509772 0.199008
2977 0.530764 0.207122
2980 0.542358 0.204146
2983 0.562163 0.223512
2986 0.585024 0.26478
2989 0.59413 0.278228
2992 0.612683 0.289252
2995 0.626065 0.295463
2998 0.641496 0.314049
3001 0.666911 0.337545
3004 0.68413 0.345854
3007 0.688602 0.37452
3010 0.685106 0.388911
3013 0.697073 0.394146
3016 0.71161 0.429382
3019 0.72135 0.410846
3022 0.726618 0.346472
3025 0.732065 0.252341
3028 0.736894 0.194813
3031 0.749171 0.202016
3034 0.755301 0.204537
3037 0.768878 0.238862
3040 0.77187 0.219902
3043 0.774358 0.240748
3046 0.77878 0.214959
3049 0.780911 0.217008
3052 0.781772 0.201512
3055 0.782943 0.19922
3058 0.783642 0.155691
3061 0.782878 0.114715
3064 0.78039 0.0961789
3067 0.775512 0.0852358
3070 0.776813 0.0822439
3073 0.776878 0.167577
3076 0.777366 0.174341
3079 0.778846 0.118
3082 0.778244 0.117642
3085 0.778976 0.142472
3088 0.778553 0.173902
3091 0.774878 0.17039
3094 0.769577 0.172033
3097 0.768032 0.191967
3100 0.766033 0.187366
3103 0.764683 0.199626
3106 0.765919 0.188
3109 0.766341 0.141984
3112 0.769675 0.168325
3115 0.769268 0.114472
3118 0.768764 0.13361
3121 0.766553 0.122976
3124 0.764374 0.113675
3127 0.764341 0.116813
3130 0.763187 0.133463
3133 0.75839 0.093561
3136 0.761463 0.106163
3139 0.758407 0.0937724
3142 0.759382 0.129057
3145 0.758634 0.120504
3148 0.754911 0.0963902
3151 0.753772 0.0987805
3154 0.75374 0.0980813
3157 0.752797 0.110862
3160 0.752146 0.116439
3163 0.75187 0.104878
3166 0.75026 0.0325203
3169 0.748699 0.0962114
3172 0.748455 0.0829268
3175 0.747821 0.0314146
3178 0.746439 0.0557886
3181 0.744341 0.045122
3184 0.742927 0.0889431
3187 0.743089 0.0860813
3190 0.741707 0.0988455
3193 0.741724 0.0606016
3196 0.742927 0.111707
3199 0.740829 0.133382
3202 0.740439 0.117382
3205 0.739317 0.077122
3208 0.739496 0.0658211
3211 0.738667 0.0354797
3214 0.738504 0.064878
3217 0.737919 0.101821
3220 0.738667 0.118081
3223 0.739528 0.0325366
3226 0.739512 0.0386829
3229 0.737902 0.0494959
3232 0.737382 0.0661138
3235 0.736878 0.0477886
3238 0.735496 0.117057
3241 0.73465 0.0496423
3244 0.735073 0.0394146
3247 0.73465 0.0386016
3250 0.734602 0.0430569
3253 0.733756 0.06
3256 0.732325 0.042
3259 0.732179 0.0318862
3262 0.735138 0.0456098
3265 0.734293 0.0204553
3268 0.734748 0.0196423
3271 0.734358 0.027122
3274 0.735463 0.0300813
3277 0.736911 0.0441138
3280 0.737382 0.028878
3283 0.737496 0.0424065
3286 0.73722 0.121073
3289 0.73722 0.0174472
3292 0.737561 0.0250894
3295 0.737593 0.012
3298 0.736829 0.0578537
3301 0.737252 0.0251707
3304 0.737398 0.0286829
3307 0.737951 0.0532195
3310 0.738228 0.0506829
3313 0.737821 0.0558211
3316 0.737301 0.0569106
3319 0.736163 0.0695122
3322 0.73335 0.053122
3325 0.732943 0.0744065
3328 0.733902 0.0666016
3331 0.734325 0.0802114
3334 0.731545 0.0853496
3337 0.729545 0.100244
3340 0.731642 0.102715
3343 0.733463 0.131935
3346 0.734911 0.0844065
3349 0.736049 0.089561
3352 0.73478 0.0626667
3355 0.733577 0.0754959
3358 0.732748 0.0919837
3361 0.737431 0.0971545
3364 0.734992 0.0808455
3367 0.734407 0.0698862
3370 0.733154 0.0733333
3373 0.734504 0.0466504
3376 0.735398 0.0428781
3379 0.735935 0.040439
3382 0.736488 0.0356098
3385 0.736228 0.0363415
3388 0.734829 0.0557724
3391 0.73426 0.0468455
3394 0.734276 0.0342927
3397 0.733984 0.0435772
3400 0.734862 0.0308455
3403 0.736033 0.0330894
3406 0.737203 0.042065
3409 0.737837 0.0318211
3412 0.740846 0.146114
3415 0.741024 0.0741626
3418 0.741805 0.043561
3421 0.741902 0.0692846
3424 0.74135 0.0755285
3427 0.741106 0.0772195
3430 0.741431 0.0534797
3433 0.74174 0.151171
3436 0.744976 0.198634
3439 0.744943 0.0745528
3442 0.744992 0.097187
3445 0.743772 0.110927
3448 0.743805 0.0132358
3451 0.74361 0.0325691
3454 0.743577 0.146179
3457 0.743561 0.0686341
3460 0.743675 0.0545041
3463 0.745463 0.110797
3466 0.744943 0.0370407
3469 0.744 0.0311382
3472 0.742488 0.0578049
3475 0.741154 0.04
3478 0.740228 0.0186992
3481 0.740748 0.0129431
3484 0.740065 0.0159837
3487 0.739626 0.112098
3490 0.740065 0.0101301
3493 0.740276 0.024
3496 0.740878 0.0928781
3499 0.740748 0.0865691
3502 0.741089 0.0699024
3505 0.740878 0.0229919
3508 0.740341 0.0200976
3511 0.739772 0.0743902
3514 0.740439 0.0150894
3517 0.740309 0.154455
3520 0.74052 0.095187
3523 0.74065 0.0739187
3526 0.740553 0.0829593
3529 0.740715 0.0906179
3532 0.740797 0.0881138
3535 0.740699 0.0363089
3538 0.74 0.162553
3541 0.740016 0.118878
3544 0.740293 0.0436748
3547 0.741691 0.0679024
3550 0.743301 0.040374
3553 0.743203 0.0326829
3556 0.743512 0.0459837
3559 0.74335 0.0293659
3562 0.743317 0.0653659
3565 0.742195 0.034813
3568 0.742146 0.0662602
3571 0.743024 0.0626667
3574 0.742829 0.0732846
3577 0.743138 0.0728618
3580 0.743724 0.058
3583 0.743854 0.0478537
3586 0.742927 0.106699
3589 0.743024 0.0816585
3592 0.744098 0.0558211
3595 0.744195 0.0870894
3598 0.743463 0.0247967
3601 0.742992 0.0116911
3604 0.743577 0.0422602
3607 0.743886 0.0222439
3610 0.742976 0.0175285
3613 0.74348 0.0202764
3616 0.74439 0.0256911
3619 0.746585 0.0342602
3622 0.749496 0.0922439
3625 0.749154 0.0456911
3628 0.74774 0.0509593
3631 0.746293 0.0353333
3634 0.74587 0.0338537
3637 0.745106 0.0329919
3640 0.744732 0.0374309
3643 0.743984 0.0326829
3646 0.742585 0.107089
3649 0.741577 0.0327154
3652 0.740862 0.0361138
3655 0.740163 0.0286016
3658 0.740309 0.0322764
3661 0.739837 0.0239512
3664 0.740228 0.019252
3667 0.740146 0.0247154
3670 0.740423 0.13548
3673 0.740846 0.0295122
3676 0.738341 0.0348293
3679 0.738098 0.0275285
3682 0.736211 0.0232683
3685 0.737187 0.0333333
3688 0.740081 0.0506504
3691 0.740195 0.0395772
3694 0.73961 0.0260325
3697 0.740764 0.0750569
3700 0.739837 0.0278211
3703 0.738927 0.0181951
3706 0.738049 0.0803252
3709 0.73839 0.0888781
3712 0.73961 0.0852358
3715 0.739366 0.0829268
3718 0.738878 0.0812195
3721 0.738049 0.156309
3724 0.738146 0.0953496
3727 0.738276 0.0948455
3730 0.737415 0.098
3733 0.737268 0.11813
3736 0.73774 0.104439
3739 0.737626 0.096439
3742 0.737528 0.109528
3745 0.738016 0.260016
3748 0.737805 0.119756
3751 0.738439 0.0950569
3754 0.737886 0.106195
3757 0.738195 0.0835122
3760 0.737772 0.0147642
3763 0.737659 0.0101463
3766 0.738309 0.0172358
3769 0.737333 0.0293659
3772 0.736114 0.0363415
3775 0.735317 0.0402764
3778 0.732358 0.0365691
3781 0.735333 0.0482602
3784 0.738098 0.0498374
3787 0.74 0.0653171
3790 0.73987 0.0526504
3793 0.740179 0.0562602
3796 0.740341 0.168
3799 0.739285 0.100439
3802 0.737415 0.0972683
3805 0.735886 0.115447
3808 0.73548 0.134764
3811 0.735496 0.118764
3814 0.736293 0.132569
3817 0.735951 0.123902
3820 0.742878 0.181691
3823 0.741333 0.0318862
3826 0.739463 0.0187642
3829 0.738065 0.0248943
3832 0.736943 0.0212358
3835 0.735789 0.0182439
3838 0.735333 0.0289593
3841 0.736846 0.0285528
3844 0.73813 0.0249756
3847 0.737561 0.0776423
3850 0.736667 0.0427317
3853 0.736846 0.0327805
3856 0.735919 0.0344065
3859 0.735447 0.0451382
3862 0.735398 0.0573171
3865 0.733366 0.0553984
3868 0.733919 0.056748
3871 0.737398 0.0341463
3874 0.737382 0.064
3877 0.737333 0.0789268
3880 0.737659 0.0374959
3883 0.736829 0.0602114
3886 0.736992 0.0395122
3889 0.736862 0.0476585
3892 0.736 0.0530081
3895 0.733154 0.0470732
3898 0.733545 0.0283902
3901 0.735431 0.0564878
3904 0.736569 0.0668618
3907 0.736943 0.0394634
3910 0.735675 0.0398537
3913 0.734683 0.041252
3916 0.735366 0.0475122
3919 0.734797 0.0439675
3922 0.737984 0.127951
3925 0.738309 0.0473984
3928 0.737691 0.0397724
3931 0.738033 0.0302276
3934 0.738634 0.0399512
3937 0.738 0.0330569
3940 0.737301 0.028374
3943 0.737561 0.021252
3946 0.736846 0.0882276
3949 0.736537 0.0562602
3952 0.73639 0.0328293
3955 0.736341 0.0312846
3958 0.73574 0.035561
3961 0.735691 0.0149431
3964 0.737837 0.0315122
3967 0.737041 0.0245041
3970 0.740179 0.0591707
3973 0.73974 0.123301
3976 0.739073 0.0642114
3979 0.736829 0.0110244
3982 0.734927 0.0181626
3985 0.736537 0.0319024
3988 0.738813 0.0277561
3991 0.736504 0.0239187
3994 0.737203 0.0152195
3997 0.736146 0.0985366
4000 0.735951 0.145691
4003 0.736244 0.0300976
4006 0.736016 0.0180163
4009 0.735837 0.0174309
4012 0.736374 0.0104228
4015 0.736602 0.0118211
4018 0.736634 0.0199675
4021 0.735886 0.046878
4024 0.733024 0.0177073
4027 0.732211 0.0239024
4030 0.734634 0.0280325
4033 0.735593 0.0276748
4036 0.734797 0.0314634
4039 0.733691 0.0354797
4042 0.735073 0.0298211
4045 0.735967 0.0434472
4048 0.736195 0.00965854
4051 0.73613 0.19065
4054 0.737024 0.0617561
4057 0.737138 0.0222114
4060 0.737138 0.0165203
4063 0.73665 0.0188618
4066 0.734894 0.0268943
4069 0.73613 0.0139675
4072 0.734927 0.0768293
4075 0.734943 0.0200976
4078 0.735577 0.034439
4081 0.736569 0.0122927
4084 0.737171 0.0156748
4087 0.737902 0.0304553
4090 0.736748 0.0102114
4093 0.739187 0.0244878
4096 0.739008 0.0120976
4099 0.739528 0.119854
4102 0.740358 0.124081
4105 0.741431 0.0821789
4108 0.74078 0.0668943
4111 0.741187 0.0895122
4114 0.740098 0.0109268
4117 0.740244 0.0254472
4120 0.739626 0.0201789
4123 0.740114 0.0324065
4126 0.740472 0.0202602
4129 0.740439 0.014439
4132 0.739902 0.0581626
4135 0.739902 0.0585366
4138 0.739073 0.026374
4141 0.741138 0.287333
4144 0.744179 0.305821
4147 0.745951 0.278455
4150 0.745545 0.183984
4153 0.744341 0.181837
4156 0.744878 0.202033
4159 0.746374 0.242585
4162 0.748341 0.284781
4165 0.749301 0.315659
4168 0.751626 0.172813
4171 0.735008 0.371171
4174 0.757236 0.350081
4177 0.76213 0.178618
4180 0.766406 0.138472
4183 0.767219 0.15839
4186 0.769756 0.0937236
4189 0.769821 0.167024
4192 0.773577 0.218894
4195 0.773024 0.111366
4198 0.771366 0.205154
4201 0.775106 0.324992
4204 0.778813 0.344033
4207 0.777089 0.209122
4210 0.777642 0.294537
4213 0.775561 0.311626
4216 0.77465 0.756309
4219 0.771951 0.663642
4222 0.772537 0.618553
4225 0.772959 0.74148
4228 0.783333 0.747106
4231 0.791057 0.719642
4234 0.781642 0.694016
4237 0.781447 0.701431
4240 0.783138 0.747122
4243 0.789138 0.755919
4246 0.793252 0.749691
4249 0.797854 0.459236
4252 0.811089 0.725496
4255 0.794211 0.662537
4258 0.781138 0.705675
4261 0.781268 0.681073
4264 0.786683 0.680488
4267 0.786358 0.721772
4270 0.783431 0.780764
4273 0.793187 0.745756
4276 0.785626 0.784309
4279 0.768065 0.774114
4282 0.758585 0.823528
4285 0.751073 0.838374
4288 0.750683 0.808293
4291 0.743219 0.816406
4294 0.726455 0.750455
4297 0.702959 0.789691
4300 0.711886 0.854
4303 0.715545 0.859024
4306 0.712504 0.879398
4309 0.699805 0.895756
4312 0.694976 0.873724
4315 0.705902 0.906829
4318 0.697171 0.899902
4321 0.688211 0.901512
4324 0.690488 0.898829
4327 0.700553 0.89135
4330 0.707724 0.847626
4333 0.706569 0.866211
4336 0.712667 0.860585
4339 0.705577 0.83748
4342 0.69865 0.842829
4345 0.688862 0.844748
4348 0.703626 0.845301
4351 0.707724 0.845398
4354 0.710813 0.853154
4357 0.719268 0.847626
4360 0.725138 0.846407
4363 0.727057 0.84335
4366 0.725935 0.798618
4369 0.721772 0.776618
4372 0.71 0.817594
4375 0.691886 0.826976
4378 0.672667 0.810244
4381 0.648911 0.783724
4384 0.653106 0.778911
4387 0.639154 0.752439
4390 0.622423 0.76987
4393 0.594293 0.78852
4396 0.555447 0.780341
4399 0.551333 0.797821
4402 0.539317 0.767252
4405 0.521691 0.749919
4408 0.494862 0.71465
4411 0.471382 0.724179
4414 0.465333 0.738764
4417 0.48335 0.736195
4420 0.492797 0.738569
4423 0.512179 0.732276
4426 0.539837 0.724325
4429 0.553984 0.759968
4432 0.562 0.691008
4435 0.573203 0.323919
4438 0.557171 0.750439
4441 0.551057 0.796569
4444 0.544732 0.790455
4447 0.537415 0.809187
4450 0.521203 0.804
4453 0.510976 0.831041
4456 0.519431 0.778065
4459 0.523675 0.77826
4462 0.525789 0.823154
4465 0.546293 0.789837
4468 0.574667 0.775463
4471 0.598406 0.787106
4474 0.608114 0.797236
4477 0.633821 0.777024
4480 0.649951 0.739626
4483 0.658114 0.741366
4486 0.665203 0.709756
4489 0.613984 0.740618
4492 0.602455 0.713756
4495 0.583431 0.72361
4498 0.59813 0.656748
4501 0.591659 0.729154
4504 0.611561 0.76922
4507 0.609415 0.767431
4510 0.618797 0.764423
4513 0.64161 0.748504
4516 0.660276 0.75039
4519 0.687073 0.759415
4522 0.688748 0.711642
4525 0.704455 0.729984
4528 0.715512 0.734228
4531 0.726065 0.779203
4534 0.733317 0.762569
4537 0.736846 0.767724
4540 0.748683 0.774748
4543 0.750862 0.759772
4546 0.756439 0.732276
4549 0.749772 0.747171
4552 0.741756 0.749171
4555 0.737772 0.742439
4558 0.721171 0.755057
4561 0.722927 0.77439
4564 0.732976 0.761789
4567 0.696325 0.767219
4570 0.678764 0.783268
4573 0.633837 0.787528
4576 0.623008 0.755398
4579 0.615041 0.766276
4582 0.594228 0.762195
4585 0.590374 0.749642
4588 0.58213 0.74639
4591 0.574488 0.72839
4594 0.597366 0.736407
4597 0.608943 0.745122
4600 0.626829 0.662878
4603 0.627577 0.47626
4606 0.627268 0.487821
4609 0.632813 0.697967
4612 0.632439 0.625919
4615 0.632309 0.652943
4618 0.639252 0.609285
4621 0.63278 0.609268
4624 0.583805 0.619545
4627 0.546846 0.580699
4630 0.52465 0.589724
4633 0.518797 0.582081
4636 0.531756 0.604195
4639 0.565073 0.579041
4642 0.590325 0.625268
4645 0.605756 0.624878
4648 0.612309 0.619528
4651 0.590195 0.644911
4654 0.58413 0.666764
4657 0.579008 0.64361
4660 0.569951 0.653285
4663 0.576715 0.627203
4666 0.571756 0.259675
4669 0.552553 0.528179
4672 0.543301 0.574146
4675 0.527512 0.53935
4678 0.494683 0.561024
4681 0.471382 0.523593
4684 0.479805 0.529301
4687 0.453561 0.518065
4690 0.438179 0.514114
4693 0.417154 0.515919
4696 0.420179 0.451219
4699 0.418439 0.442927
4702 0.441398 0.528423
4705 0.468358 0.528553
4708 0.473073 0.553285
4711 0.497837 0.59361
4714 0.524455 0.59213
4717 0.549089 0.608797
4720 0.584081 0.660293
4723 0.612878 0.656829
4726 0.636715 0.675496
4729 0.627333 0.695236
4732 0.594699 0.641057
4735 0.574114 0.653902
4738 0.552764 0.639919
4741 0.515057 0.631642
4744 0.492699 0.61135
4747 0.476033 0.593756
4750 0.428911 0.586114
4753 0.394683 0.572976
4756 0.358114 0.514276
4759 0.332033 0.529057
4762 0.311252 0.47361
4765 0.303724 0.44678
4768 0.277967 0.423024
4771 0.288 0.386358
4774 0.274358 0.363317
4777 0.256846 0.331707
4780 0.245691 0.274163
4783 0.24052 0.220211
4786 0.230927 0.18413
4789 0.233008 0.126829
4792 0.236585 0.0721301
4795 0.23748 0.0326667
4798 0.238797 0.0196748
4801 0.239317 0.10348
4804 0.239138 0.195089
4807 0.239138 0.17335
4810 0.239187 0.0797398
4813 0.240049 0.172862
4816 0.240667 0.16587
4819 0.240764 0.134504
4822 0.241447 0.127008
4825 0.24174 0.0676585
4828 0.241593 0.131772
4831 0.241528 0.180423
4834 0.242911 0.205724
4837 0.242992 0.0346016
4840 0.243333 0.0841301
4843 0.243057 0.0114959
4846 0.242992 0.0191057
4849 0.242569 0.00414634
4852 0.242813 0.00491057
4855 0.242829 0.0926504
4858 0.242244 0.0823577
4861 0.242472 0.0614634
4864 0.242244 0.00941463
4867 0.242244 0.0145366
4870 0.242618 0.169041
4873 0.242553 0.0309431
4876 0.242813 0.0309756
4879 0.242894 0.00554472
4882 0.241415 0.228585
4885 0.241073 0.154927
4888 0.241252 0.144163
4891 0.241268 0.15052
4894 0.240943 0.129122
4897 0.240992 0.00386992
4900 0.24065 0.00713821
4903 0.241642 0.0119024
4906 0.244764 0.0158699
4909 0.248325 0.0208618
4912 0.250195 0.00986992
4915 0.249333 0.0114634
4918 0.264016 0.021252
4921 0.285317 0.0558862
4924 0.29078 0.0850244
4927 0.296293 0.112407
4930 0.317642 0.149106
4933 0.343707 0.192943
4936 0.34122 0.233821
4939 0.33839 0.175398
4942 0.346406 0.218585
4945 0.341463 0.217919
4948 0.323935 0.248
4951 0.317447 0.261366
4954 0.305789 0.218163
4957 0.309967 0.210846
4960 0.288065 0.229821
4963 0.268797 0.220033
4966 0.259691 0.191463
4969 0.277203 0.194325
4972 0.283967 0.21465
4975 0.310325 0.199089
4978 0.330114 0.204228
4981 0.339593 0.211659
4984 0.328439 0.234911
4987 0.31852 0.256846
4990 0.312829 0.230878
4993 0.308065 0.219268
4996 0.299691 0.262341
4999 0.289122 0.267886
5002 0.27813 0.266065
5005 0.269935 0.286618
5008 0.26839 0.305577
5011 0.252179 0.276943
5014 0.242878 0.228081
5017 0.24478 0.169512
5020 0.240081 0.146504
5023 0.257024 0.123268
5026 0.256276 0.083187
5029 0.253301 0.0573984
5032 0.253268 0.0518699
5035 0.254894 0.0438374
5038 0.256195 0.0492033
5041 0.253837 0.0720163
5044 0.246829 0.0735122
5047 0.245122 0.0739512
5050 0.252455 0.0963415
5053 0.279415 0.115285
5056 0.311301 0.147545
5059 0.345431 0.137707
5062 0.376537 0.178488
5065 0.415772 0.198228
5068 0.436683 0.219463
5071 0.466699 0.216488
5074 0.485496 0.24122
5077 0.498244 0.287593
5080 0.497415 0.21748
5083 0.477577 0.222878
5086 0.413919 0.222569
5089 0.361024 0.287691
5092 0.311366 0.292114
5095 0.275089 0.277496
5098 0.266276 0.276049
5101 0.257691 0.269691
5104 0.261236 0.255008
5107 0.249268 0.257919
5110 0.24948 0.227707
5113 0.231805 0.186439
5116 0.229415 0.158407
5119 0.221707 0.10761
5122 0.230959 0.0570081
5125 0.231675 0.0155122
5128 0.232504 0.0395935
5131 0.234407 0.0985203
5134 0.241317 0.118488
5137 0.240846 0.150813
5140 0.23948 0.160585
5143 0.239463 0.219236
5146 0.239951 0.107561
5149 0.240358 0.0848618
5152 0.240195 0.0767967
5155 0.240293 0.161024
5158 0.24039 0.131106
5161 0.240455 0.230455
5164 0.240748 0.135821
5167 0.240488 0.142472
5170 0.24078 0.175545
5173 0.240894 0.187187
5176 0.241301 0.0632846
5179 0.240959 0.125301
5182 0.240862 0.15574
5185 0.24065 0.166911
5188 0.241057 0.126341
5191 0.240748 0.190569
5194 0.240634 0.0669106
5197 0.240602 0.113171
5200 0.241122 0.16852
5203 0.240715 0.0665528
5206 0.240764 0.149154
5209 0.24078 0.0607967
5212 0.240602 0.129984
5215 0.240585 0.0809268
5218 0.239008 0.176309
5221 0.239512 0.122065
5224 0.239463 0.0772195
5227 0.239772 0.0883902
5230 0.239561 0.167398
5233 0.23961 0.200602
5236 0.239382 0.104894
5239 0.239268 0.13135
5242 0.239463 0.141984
5245 0.240163 0.116748
5248 0.240406 0.109659
5251 0.241057 0.216927
5254 0.241252 0.109024
5257 0.251463 0.019626
5260 0.271333 0.0469919
5263 0.293024 0.070439
5266 0.312211 0.0962927
5269 0.320634 0.106374
5272 0.313122 0.109041
5275 0.311008 0.109886
5278 0.312927 0.114163
5281 0.31239 0.129659
5284 0.240439 0.105593
5287 0.311366 0.112455
5290 0.317935 0.17574
5293 0.337902 0.218406
5296 0.360943 0.238764
5299 0.392293 0.258862
5302 0.409008 0.267171
5305 0.428439 0.275902
5308 0.434943 0.28774
5311 0.429041 0.271756
5314 0.425138 0.21361
5317 0.42039 0.163187
5320 0.415236 0.150195
5323 0.41 0.139106
5326 0.405203 0.145561
5329 0.401382 0.135317
5332 0.40239 0.148667
5335 0.409203 0.147073
5338 0.413854 0.153301
5341 0.421577 0.16252
5344 0.421772 0.16278
5347 0.413285 0.203106
5350 0.411366 0.20039
5353 0.408406 0.212325
5356 0.419073 0.174927
5359 0.432634 0.176472
5362 0.449854 0.20613
5365 0.451073 0.212033
5368 0.440049 0.241659
5371 0.434829 0.258341
5374 0.42735 0.261154
5377 0.420732 0.260846
5380 0.418098 0.262862
5383 0.41148 0.262504
5386 0.406439 0.276911
5389 0.408488 0.288911
5392 0.42335 0.225951
5395 0.441951 0.255089
5398 0.460764 0.221496
5401 0.466358 0.197268
5404 0.457821 0.196439
5407 0.442504 0.203154
5410 0.438098 0.168244
5413 0.437317 0.169301
5416 0.437317 0.18678
5419 0.443171 0.137203
5422 0.455691 0.162585
5425 0.47252 0.181382
5428 0.485984 0.189415
5431 0.491187 0.21439
5434 0.489398 0.237545
5437 0.486911 0.244472
5440 0.492163 0.262341
5443 0.498098 0.265577
5446 0.502976 0.284114
5449 0.515317 0.259252
5452 0.526537 0.24774
5455 0.535073 0.236228
5458 0.540829 0.237675
5461 0.548715 0.237577
5464 0.553252 0.225821
5467 0.55839 0.221154
5470 0.561837 0.226098
5473 0.564309 0.20213
5476 0.566862 0.192943
5479 0.565252 0.120325
5482 0.56213 0.141415
5485 0.566472 0.146423
5488 0.572667 0.149886
5491 0.579073 0.138618
5494 0.586878 0.165837
5497 0.601138 0.172634
5500 0.618325 0.171398
5503 0.645659 0.160976
5506 0.655008 0.153967
5509 0.677366 0.125154
5512 0.689415 0.115951
5515 0.692553 0.137041
5518 0.691415 0.150813
5521 0.695528 0.182569
5524 0.693837 0.144911
5527 0.691772 0.129707
5530 0.701512 0.0990244
5533 0.712228 0.0881301
5536 0.720179 0.0761463
5539 0.726211 0.0828455
5542 0.732325 0.0920813
5545 0.74226 0.111512
5548 0.74587 0.102732
5551 0.750195 0.103935
5554 0.754065 0.111106
5557 0.758488 0.120732
5560 0.76213 0.130569
5563 0.762992 0.142813
5566 0.762959 0.15213
5569 0.761398 0.160894
5572 0.755659 0.184683
5575 0.755057 0.190585
5578 0.754195 0.197366
5581 0.753447 0.201805
5584 0.75213 0.20561
5587 0.753463 0.165675
5590 0.753626 0.148764
5593 0.752943 0.160146
5596 0.752585 0.172927
5599 0.750862 0.111984
5602 0.749593 0.143138
5605 0.749789 0.139675
5608 0.748211 0.0787805
5611 0.746179 0.0842927
5614 0.744992 0.0921626
5617 0.743187 0.102943
5620 0.740634 0.10787
5623 0.741772 0.107691
5626 0.74122 0.105756
5629 0.740585 0.105431
5632 0.739902 0.0814472
5635 0.739528 0.0835285
5638 0.739219 0.0955122
5641 0.738553 0.0878049
5644 0.739594 0.0957886
5647 0.740244 0.161886
5650 0.739301 0.0973171
5653 0.737854 0.129707
5656 0.735789 0.098748
5659 0.736276 0.115512
5662 0.735837 0.111756
5665 0.736341 0.106618
5668 0.736764 0.0962764
5671 0.735106 0.170098
5674 0.735496 0.0762764
5677 0.735366 0.0634797
5680 0.736439 0.0563089
5683 0.737057 0.0692683
5686 0.736797 0.0613008
5689 0.736455 0.0366179
5692 0.736585 0.0206504
5695 0.736959 0.0278049
5698 0.736114 0.00731707
5701 0.734894 0.101024
5704 0.734163 0.112472
5707 0.733057 0.0995772
5710 0.730537 0.0484553
5713 0.722911 0.0307967
5716 0.720146 0.0759187
5719 0.71774 0.0856585
5722 0.712244 0.149268
5725 0.711268 0.157772
5728 0.711382 0.0359024
5731 0.711382 0.0202439
5734 0.710585 0.0373171
5737 0.710098 0.0654309
