frame_number static_density dynamic_density
1 0.280714 0.142773
4 0.286811 0.116994
7 0.304517 0.049379
10 0.324164 0.0457656
13 0.329336 0.0683153
16 0.329652 0.0793135
19 0.328738 0.0715334
22 0.327304 0.0622742
25 0.330104 0.066486
28 0.334948 0.0852981
31 0.339149 0.0999887
34 0.337624 0.120607
37 0.330906 0.11748
40 0.324729 0.112342
43 0.32325 0.107622
46 0.321093 0.103997
49 0.322177 0.0983062
52 0.322064 0.093304
55 0.322256 0.0354788
58 0.32325 0.0276649
61 0.32893 0.0362692
64 0.330623 0.0221771
67 0.330827 0.0329155
70 0.325248 0.027439
73 0.320257 0.0236563
76 0.317717 0.0356369
79 0.315312 0.0558491
82 0.313889 0.0542118
85 0.326095 0.0741644
88 0.342626 0.0752258
91 0.360321 0.0927055
94 0.376953 0.109575
97 0.385693 0.112963
100 0.39152 0.11696
103 0.388302 0.10551
106 0.381606 0.112082
109 0.384124 0.126129
112 0.38776 0.121737
115 0.389171 0.139476
118 0.392683 0.158322
121 0.394286 0.177529
124 0.390334 0.169749
127 0.387997 0.173882
130 0.387116 0.180872
133 0.387489 0.177902
136 0.387805 0.191079
139 0.387455 0.189521
142 0.38505 0.192785
145 0.37841 0.192254
148 0.377078 0.171116
151 0.375 0.166859
154 0.371409 0.16364
157 0.366283 0.168564
160 0.365075 0.157475
163 0.363031 0.166972
166 0.361777 0.160603
169 0.359609 0.142581
172 0.359632 0.169828
175 0.358119 0.160592
178 0.357328 0.16372
181 0.356651 0.152654
184 0.355883 0.128263
187 0.355476 0.0999322
190 0.354268 0.094659
193 0.354449 0.0654359
196 0.349989 0.0539634
199 0.350282 0.0582204
202 0.350282 0.029178
205 0.351366 0.0485998
208 0.351084 0.0193993
211 0.351355 0.067028
214 0.351231 0.0528455
217 0.351152 0.0312444
220 0.350327 0.140504
223 0.350531 0.0376355
226 0.350508 0.0634937
229 0.351208 0.0554652
232 0.351434 0.0394986
235 0.352665 0.0459124
238 0.352202 0.0260614
241 0.353094 0.0363595
244 0.352676 0.0106143
247 0.351886 0.0375677
250 0.351615 0.0288844
253 0.351016 0.0196929
256 0.350994 0.0168586
259 0.351118 0.0145664
262 0.351366 0.0359643
265 0.350802 0.0539521
268 0.350463 0.0245032
271 0.349006 0.163528
274 0.349413 0.0425248
277 0.348747 0.0321816
280 0.348735 0.0154133
283 0.354189 0.0201671
286 0.362421 0.0319783
289 0.369286 0.0484192
292 0.37526 0.0420506
295 0.37614 0.0307136
298 0.367818 0.0574977
301 0.359722 0.0349819
304 0.352744 0.0429201
307 0.35122 0.0321251
310 0.353738 0.0531278
313 0.357475 0.0328365
316 0.360569 0.0536247
319 0.360637 0.0551603
322 0.360806 0.131244
325 0.358198 0.0779246
328 0.357227 0.110524
331 0.356956 0.0967931
334 0.356843 0.05778
337 0.356809 0.0287376
340 0.356843 0.0176039
343 0.360332 0.0265244
346 0.363821 0.0216463
349 0.36967 0.0228997
352 0.372042 0.0309169
355 0.372358 0.0269422
358 0.371398 0.0244128
361 0.369365 0.0237127
364 0.367288 0.0231594
367 0.365594 0.0223351
370 0.361698 0.035603
373 0.360908 0.0234304
376 0.360061 0.0214657
379 0.359022 0.0253162
382 0.359824 0.0301152
385 0.359338 0.0253388
388 0.365199 0.0349029
391 0.372945 0.0457204
394 0.382961 0.0578026
397 0.391249 0.0651197
400 0.391926 0.0415876
403 0.388878 0.0537037
406 0.382599 0.0707995
409 0.383954 0.0820799
412 0.392751 0.103196
415 0.405838 0.120483
418 0.420506 0.136856
421 0.433503 0.173148
424 0.448363 0.188482
427 0.461935 0.204946
430 0.473656 0.216136
433 0.488595 0.22622
436 0.49843 0.239092
439 0.504799 0.246183
442 0.510592 0.265481
445 0.515684 0.298487
448 0.523927 0.295416
451 0.528873 0.29808
454 0.532565 0.304652
457 0.535355 0.306346
460 0.53811 0.315549
463 0.540075 0.32229
466 0.541328 0.308785
469 0.541746 0.315266
472 0.546816 0.35498
475 0.546703 0.332362
478 0.546522 0.318067
481 0.545438 0.310772
484 0.54563 0.303523
487 0.545054 0.290289
490 0.54484 0.285558
493 0.545054 0.326886
496 0.538629 0.311924
499 0.537602 0.122324
502 0.542897 0.0207091
505 0.54755 0.040944
508 0.55149 0.0610998
511 0.558819 0.0824074
514 0.56626 0.0719738
517 0.575056 0.078365
520 0.592502 0.0966689
523 0.603184 0.0805781
526 0.613855 0.0855239
529 0.621737 0.0897922
532 0.628941 0.0912827
535 0.633683 0.0898826
538 0.634293 0.100135
541 0.633356 0.0970867
544 0.634282 0.117231
547 0.632215 0.147595
550 0.631685 0.124289
553 0.629743 0.123374
556 0.629167 0.102179
559 0.627879 0.125926
562 0.625869 0.157724
565 0.622843 0.310332
568 0.620359 0.280465
571 0.616938 0.0522019
574 0.616757 0.0342367
577 0.618417 0.045122
580 0.622911 0.0499887
583 0.630059 0.0624097
586 0.637579 0.0730352
589 0.644885 0.0822606
592 0.651671 0.0892164
595 0.661755 0.113392
598 0.67255 0.109361
601 0.681301 0.104844
604 0.687477 0.112929
607 0.699074 0.119015
610 0.710038 0.125971
613 0.717818 0.132114
616 0.720811 0.135682
619 0.721883 0.146127
622 0.724379 0.175994
625 0.725926 0.157656
628 0.725542 0.153455
631 0.72832 0.15804
634 0.730499 0.159372
637 0.73103 0.160151
640 0.732261 0.1347
643 0.731606 0.117254
646 0.730228 0.154844
649 0.729551 0.0857385
652 0.729268 0.096364
655 0.728444 0.0975497
658 0.727654 0.0959011
661 0.726626 0.108841
664 0.725598 0.105612
667 0.724492 0.105296
670 0.723385 0.208729
673 0.723318 0.131098
676 0.722324 0.131165
679 0.72203 0.145393
682 0.721872 0.144523
685 0.720698 0.130759
688 0.719749 0.133717
691 0.719004 0.133887
694 0.718869 0.130578
697 0.71722 0.308537
700 0.717378 0.158085
703 0.71731 0.12535
706 0.716723 0.174989
709 0.717096 0.175373
712 0.717954 0.164352
715 0.718089 0.085874
718 0.717818 0.117615
721 0.715786 0.25446
724 0.715933 0.135388
727 0.715865 0.119874
730 0.715752 0.175869
733 0.716125 0.205985
736 0.715899 0.131335
739 0.715368 0.0161585
742 0.715921 0.0280827
745 0.71442 0.252947
748 0.715537 0.0177281
751 0.715413 0.0375677
754 0.715842 0.0689702
757 0.716396 0.16818
760 0.716497 0.121579
763 0.715312 0.0560072
766 0.715696 0.0413392
769 0.7153 0.0134033
772 0.712387 0.176411
775 0.712579 0.108954
778 0.712771 0.0862466
781 0.713505 0.0186992
784 0.713945 0.0144986
787 0.714047 0.0307136
790 0.713765 0.0132791
793 0.713923 0.0169715
796 0.712014 0.0482385
799 0.712116 0.0324977
802 0.712556 0.0377033
805 0.710095 0.0473803
808 0.707916 0.0543473
811 0.707712 0.0831978
814 0.70883 0.079065
817 0.710084 0.0961721
820 0.712432 0.284609
823 0.713144 0.0238821
826 0.71355 0.0545958
829 0.713042 0.0922877
832 0.713211 0.0288053
835 0.71259 0.0229901
838 0.712421 0.0423329
841 0.713132 0.0444444
844 0.713607 0.0612466
847 0.714747 0.183785
850 0.714058 0.0367096
853 0.713923 0.0556459
856 0.713618 0.0562556
859 0.713336 0.0300023
862 0.713618 0.0419603
865 0.712613 0.0683604
868 0.712568 0.0428749
871 0.710727 0.123589
874 0.710332 0.0583333
877 0.710027 0.0581188
880 0.709892 0.0665086
883 0.710738 0.0695574
886 0.710829 0.0348464
889 0.711145 0.0374887
892 0.711461 0.0195009
895 0.709733 0.0968044
898 0.711935 0.0608288
901 0.712568 0.0308604
904 0.7125 0.0433943
907 0.711122 0.213968
910 0.710998 0.0193089
913 0.710242 0.029799
916 0.70918 0.0187556
919 0.708458 0.0259146
922 0.708345 0.0406391
925 0.708311 0.0803636
928 0.708762 0.0896906
931 0.70909 0.255815
934 0.709372 0.129223
937 0.710264 0.0168699
940 0.710987 0.0260614
943 0.71145 0.0241983
946 0.71171 0.0356369
949 0.711913 0.046093
952 0.711472 0.0471883
955 0.709259 0.102744
958 0.709948 0.0688686
961 0.708988 0.0897584
964 0.709203 0.133695
967 0.709677 0.075734
970 0.709813 0.0242547
973 0.710919 0.0126581
976 0.710829 0.0242773
979 0.710784 0.0134259
982 0.709959 0.0798329
985 0.709948 0.0277326
988 0.709892 0.0568428
991 0.709542 0.034519
994 0.71005 0.0469851
997 0.710151 0.00956414
1000 0.711213 0.0216915
1003 0.71215 0.0229562
1006 0.711043 0.0773487
1009 0.711529 0.0368451
1012 0.70752 0.0431798
1015 0.707396 0.0344625
1018 0.70708 0.0395325
1021 0.706944 0.0466012
1024 0.706628 0.0401423
1027 0.707069 0.0432927
1030 0.706843 0.0344738
1033 0.706606 0.0433379
1036 0.706278 0.101061
1039 0.706267 0.05979
1042 0.706594 0.0542683
1045 0.70708 0.0462285
1048 0.707091 0.051276
1051 0.706527 0.0437218
1054 0.706673 0.0435185
1057 0.707261 0.0372629
1060 0.707069 0.0363595
1063 0.707385 0.157114
1066 0.70708 0.0256775
1069 0.706944 0.0400406
1072 0.706673 0.0336043
1075 0.706448 0.0385953
1078 0.706425 0.0319557
1081 0.706301 0.0327236
1084 0.705748 0.0408875
1087 0.705093 0.0960592
1090 0.705443 0.0361337
1093 0.705228 0.0300248
1096 0.705477 0.0429313
1099 0.705668 0.0364386
1102 0.705397 0.0348803
1105 0.705002 0.0332317
1108 0.705059 0.0332656
1111 0.702654 0.0886856
1114 0.70315 0.0405036
1117 0.703839 0.0399164
1120 0.704709 0.0352304
1123 0.705262 0.0467367
1126 0.70568 0.037579
1129 0.708333 0.0358627
1132 0.708367 0.0362014
1135 0.709056 0.0518067
1138 0.709858 0.0530036
1141 0.709485 0.0482498
1144 0.709564 0.0337398
1147 0.710309 0.0327575
1150 0.710106 0.0367435
1153 0.709248 0.036687
1156 0.707633 0.048995
1159 0.707599 0.0459688
1162 0.709067 0.0839092
1165 0.707983 0.0605465
1168 0.707803 0.0522809
1171 0.707193 0.0402213
1174 0.707916 0.0528229
1177 0.707249 0.0548555
1180 0.707035 0.0444219
1183 0.707227 0.0386518
1186 0.705646 0.0748193
1189 0.706504 0.032893
1192 0.705928 0.0411924
1195 0.706493 0.020822
1198 0.706685 0.0309621
1201 0.707125 0.0234869
1204 0.70717 0.0489724
1207 0.706549 0.0136856
1210 0.706888 0.0132114
1213 0.706019 0.17142
1216 0.705544 0.048182
1219 0.70577 0.0693993
1222 0.705477 0.108266
1225 0.705804 0.027981
1228 0.706504 0.0281052
1231 0.707396 0.0298216
1234 0.707611 0.0425248
1237 0.705883 0.0478771
1240 0.705906 0.0466351
1243 0.707238 0.0414295
1246 0.707103 0.0264566
1249 0.706402 0.0273261
1252 0.705883 0.0376694
1255 0.705386 0.0430668
1258 0.70629 0.0319332
1261 0.704494 0.136303
1264 0.704697 0.0185863
1267 0.704957 0.0270099
1270 0.705352 0.0308604
1273 0.705499 0.0170506
1276 0.705533 0.0378275
1279 0.706832 0.0315266
1282 0.706154 0.045009
1285 0.705138 0.0325542
1288 0.704472 0.0515357
1291 0.704494 0.0428071
1294 0.70507 0.0509824
1297 0.705849 0.0624435
1300 0.706798 0.0365967
1303 0.706685 0.0340786
1306 0.707125 0.0341125
1309 0.707272 0.0265018
1312 0.707588 0.0332882
1315 0.706843 0.0350158
1318 0.706312 0.0307927
1321 0.706504 0.034056
1324 0.706786 0.0583672
1327 0.706662 0.0261066
1330 0.706696 0.0286585
1333 0.706775 0.0269196
1336 0.70699 0.205318
1339 0.707757 0.107803
1342 0.708378 0.0584011
1345 0.709677 0.0527439
1348 0.710343 0.0529584
1351 0.710863 0.0497177
1354 0.711111 0.0521229
1357 0.711134 0.0507565
1360 0.711371 0.0530488
1363 0.708593 0.0860208
1366 0.709598 0.0565379
1369 0.708559 0.0530375
1372 0.709169 0.0550361
1375 0.708378 0.0403342
1378 0.709508 0.0354675
1381 0.709925 0.0381436
1384 0.708616 0.0395777
1387 0.707701 0.0859417
1390 0.708774 0.0372967
1393 0.709395 0.0400745
1396 0.710309 0.0219851
1399 0.709496 0.0188234
1402 0.71014 0.0200881
1405 0.709621 0.0290876
1408 0.708683 0.0305556
1411 0.709542 0.0925361
1414 0.709316 0.0450429
1417 0.711427 0.0839318
1420 0.713426 0.0947832
1423 0.714002 0.157735
1426 0.715233 0.0783198
1429 0.717491 0.154031
1432 0.720336 0.145325
1435 0.722595 0.178749
1438 0.723995 0.261585
1441 0.727778 0.301908
1444 0.731131 0.333559
1447 0.735693 0.399594
1450 0.741836 0.400768
1453 0.744523 0.403512
1456 0.7507 0.408277
1459 0.756064 0.419625
1462 0.763279 0.430296
1465 0.767209 0.417276
1468 0.772121 0.387263
1471 0.776558 0.368767
1474 0.780149 0.169738
1477 0.783819 0.426716
1480 0.785242 0.373656
1483 0.781956 0.118507
1486 0.784112 0.187952
1489 0.78287 0.216136
1492 0.783559 0.471477
1495 0.783559 0.547742
1498 0.787918 0.334621
1501 0.791825 0.503196
1504 0.79196 0.475102
1507 0.792141 0.614939
1510 0.792525 0.752484
1513 0.791576 0.539702
1516 0.784293 0.731448
1519 0.778218 0.338031
1522 0.776524 0.497843
1525 0.774198 0.516926
1528 0.769264 0.663324
1531 0.767491 0.65787
1534 0.762568 0.688336
1537 0.766181 0.741994
1540 0.77832 0.742706
1543 0.787895 0.615921
1546 0.794501 0.757724
1549 0.800598 0.741554
1552 0.792739 0.746353
1555 0.786913 0.690933
1558 0.780951 0.775339
1561 0.778229 0.763302
1564 0.778557 0.788923
1567 0.77019 0.774864
1570 0.759474 0.763629
1573 0.755883 0.777902
1576 0.760501 0.746285
1579 0.760705 0.769704
1582 0.754528 0.771003
1585 0.750113 0.763347
1588 0.754393 0.653489
1591 0.765662 0.668304
1594 0.77343 0.729968
1597 0.780578 0.799955
1600 0.789792 0.815684
1603 0.792389 0.815086
1606 0.787907 0.827473
1609 0.785671 0.819659
1612 0.776389 0.79336
1615 0.781911 0.806719
1618 0.779291 0.78112
1621 0.780612 0.774673
1624 0.778873 0.755273
1627 0.768643 0.771375
1630 0.755951 0.77299
1633 0.760196 0.780668
1636 0.753523 0.769027
1639 0.737873 0.752055
1642 0.730454 0.698464
1645 0.723047 0.77107
1648 0.726163 0.76949
1651 0.740865 0.750757
1654 0.750271 0.732453
1657 0.760772 0.729584
1660 0.760005 0.750598
1663 0.755488 0.727834
1666 0.756109 0.761089
1669 0.743485 0.699232
1672 0.732532 0.677891
1675 0.736021 0.749955
1678 0.724402 0.639036
1681 0.728467 0.619806
1684 0.751265 0.59668
1687 0.764374 0.7097
1690 0.774006 0.576953
1693 0.788257 0.578444
1696 0.788753 0.696014
1699 0.787523 0.704438
1702 0.773848 0.694185
1705 0.772922 0.691147
1708 0.759327 0.687963
1711 0.746861 0.701987
1714 0.756244 0.692164
1717 0.763234 0.695506
1720 0.776739 0.64598
1723 0.791972 0.656967
1726 0.797505 0.604686
1729 0.79292 0.617965
1732 0.771703 0.629234
1735 0.734982 0.641542
1738 0.678297 0.633187
1741 0.637116 0.677823
1744 0.607204 0.649819
1747 0.597143 0.66058
1750 0.518293 0.629438
1753 0.479799 0.593451
1756 0.462523 0.637511
1759 0.443485 0.641441
1762 0.426547 0.605465
1765 0.424673 0.640571
1768 0.437342 0.624729
1771 0.43724 0.585908
1774 0.443812 0.543699
1777 0.464329 0.585705
1780 0.475915 0.574865
1783 0.48033 0.570867
1786 0.454867 0.51801
1789 0.42194 0.526366
1792 0.418236 0.515266
1795 0.402879 0.482035
1798 0.38348 0.464329
1801 0.400926 0.483695
1804 0.422437 0.551536
1807 0.428997 0.528986
1810 0.424187 0.520653
1813 0.41425 0.511902
1816 0.405657 0.472448
1819 0.406933 0.503692
1822 0.41049 0.51932
1825 0.413516 0.506764
1828 0.413336 0.525474
1831 0.424977 0.520641
1834 0.430951 0.511235
1837 0.40498 0.507193
1840 0.389092 0.499548
1843 0.367276 0.500542
1846 0.352416 0.434722
1849 0.337364 0.412353
1852 0.332893 0.381956
1855 0.314984 0.333548
1858 0.319411 0.318643
1861 0.339849 0.276389
1864 0.360467 0.296748
1867 0.370303 0.267717
1870 0.371025 0.294535
1873 0.387534 0.304336
1876 0.399955 0.311032
1879 0.389307 0.360716
1882 0.387127 0.399458
1885 0.400971 0.410174
1888 0.429912 0.483096
1891 0.454381 0.431414
1894 0.462127 0.458446
1897 0.459045 0.523589
1900 0.485569 0.584835
1903 0.524097 0.548995
1906 0.575147 0.548814
1909 0.606617 0.489883
1912 0.606956 0.540086
1915 0.599029 0.564758
1918 0.598114 0.447053
1921 0.572425 0.503207
1924 0.545043 0.47972
1927 0.478884 0.41381
1930 0.431594 0.402145
1933 0.393835 0.344986
1936 0.353659 0.340391
1939 0.344094 0.360614
1942 0.331685 0.32395
1945 0.304562 0.330499
1948 0.278783 0.356572
1951 0.266079 0.28164
1954 0.25009 0.24117
1957 0.247719 0.21792
1960 0.243767 0.166283
1963 0.23872 0.108096
1966 0.230646 0.0676039
1969 0.225836 0.0434959
1972 0.223442 0.0285795
1975 0.227981 0.0175136
1978 0.230318 0.0204607
1981 0.231752 0.0269196
1984 0.234067 0.0181685
1987 0.229189 0.0227191
1990 0.23016 0.0103659
1993 0.230883 0.00625565
1996 0.231323 0.00705736
1999 0.232645 0.0228546
2002 0.234429 0.0336156
2005 0.271692 0.0653907
2008 0.310309 0.0947832
2011 0.35061 0.13846
2014 0.391542 0.17631
2017 0.4472 0.248758
2020 0.511077 0.215266
2023 0.531877 0.317502
2026 0.576344 0.397617
2029 0.603534 0.345257
2032 0.605917 0.398238
2035 0.584733 0.384135
2038 0.529901 0.360163
2041 0.505183 0.232486
2044 0.423092 0.29773
2047 0.373916 0.305612
2050 0.339284 0.275678
2053 0.320969 0.264205
2056 0.293733 0.219998
2059 0.268823 0.21355
2062 0.251468 0.178828
2065 0.236947 0.197877
2068 0.230759 0.121816
2071 0.227258 0.116192
2074 0.222617 0.0801152
2077 0.217197 0.017107
2080 0.220585 0.0165876
2083 0.224458 0.0236563
2086 0.224785 0.0221319
2089 0.225768 0.0177055
2092 0.225598 0.0208446
2095 0.226773 0.0203817
2098 0.227857 0.0135163
2101 0.235038 0.0265808
2104 0.254381 0.0469399
2107 0.280431 0.0765809
2110 0.31294 0.0991983
2113 0.348532 0.133356
2116 0.38829 0.170156
2119 0.445201 0.20979
2122 0.500407 0.253512
2125 0.563968 0.271951
2128 0.620879 0.309372
2131 0.660829 0.34292
2134 0.690266 0.3493
2137 0.703738 0.348171
2140 0.710434 0.348329
2143 0.709553 0.363076
2146 0.705341 0.352473
2149 0.687579 0.365255
2152 0.609519 0.350655
2155 0.529573 0.335603
2158 0.486518 0.356685
2161 0.480567 0.327224
2164 0.480454 0.283107
2167 0.457148 0.298871
2170 0.43654 0.242547
2173 0.415899 0.272787
2176 0.372042 0.340865
2179 0.3403 0.294173
2182 0.314126 0.208401
2185 0.29659 0.156662
2188 0.270178 0.165346
2191 0.249548 0.134304
2194 0.230973 0.0798555
2197 0.226299 0.0617886
2200 0.229494 0.0572042
2203 0.234124 0.0640808
2206 0.235456 0.03785
2209 0.232938 0.0305668
2212 0.232611 0.0230804
2215 0.233299 0.00762195
2218 0.233514 0.012771
2221 0.233458 0.00612014
2224 0.233424 0.0142276
2227 0.233954 0.0147584
2230 0.23392 0.0159779
2233 0.232916 0.011879
2236 0.233717 0.0184169
2239 0.233299 0.0175248
2242 0.232757 0.0168812
2245 0.232848 0.013042
2248 0.23322 0.0217706
2251 0.233616 0.0166554
2254 0.234903 0.0172651
2257 0.234801 0.0176265
2260 0.235095 0.0251242
2263 0.235309 0.0310863
2266 0.233209 0.0329946
2269 0.233006 0.0654697
2272 0.265741 0.0828365
2275 0.298893 0.140075
2278 0.320257 0.134169
2281 0.327191 0.159598
2284 0.3264 0.160287
2287 0.314984 0.167412
2290 0.315876 0.183356
2293 0.315131 0.182554
2296 0.306606 0.218236
2299 0.304596 0.216915
2302 0.310964 0.220201
2305 0.3097 0.232351
2308 0.297392 0.225136
2311 0.280172 0.173205
2314 0.286439 0.135196
2317 0.276649 0.170664
2320 0.25944 0.17474
2323 0.250339 0.183966
2326 0.249142 0.123408
2329 0.249729 0.150124
2332 0.245822 0.134316
2335 0.244896 0.107125
2338 0.241034 0.0912602
2341 0.240786 0.0832204
2344 0.236461 0.100644
2347 0.232136 0.0835027
2350 0.237161 0.0677168
2353 0.24423 0.0615967
2356 0.239228 0.0540989
2359 0.239894 0.0538618
2362 0.241249 0.0551491
2365 0.242502 0.0536698
2368 0.244806 0.051276
2371 0.244309 0.0692186
2374 0.239691 0.0528794
2377 0.238697 0.0693654
2380 0.230985 0.0754743
2383 0.232351 0.0618677
2386 0.259033 0.0980691
2389 0.290967 0.114883
2392 0.319986 0.145901
2395 0.330872 0.158198
2398 0.334463 0.144456
2401 0.332724 0.141622
2404 0.322301 0.153975
2407 0.314837 0.153286
2410 0.309993 0.166283
2413 0.295675 0.154415
2416 0.25874 0.107283
2419 0.245156 0.13671
2422 0.239916 0.110513
2425 0.235535 0.0555104
2428 0.230014 0.0245709
2431 0.228557 0.0142841
2434 0.246206 0.0255307
2437 0.277281 0.0493902
2440 0.28348 0.0762873
2443 0.28042 0.0779923
2446 0.280838 0.0965899
2449 0.281538 0.111822
2452 0.275508 0.134146
2455 0.265526 0.129223
2458 0.272098 0.104844
2461 0.268564 0.0931685
2464 0.251491 0.105714
2467 0.235309 0.088505
2470 0.232023 0.0821138
2473 0.231775 0.0492322
2476 0.230883 0.0323622
2479 0.244501 0.0411924
2482 0.248498 0.0300136
2485 0.24615 0.040673
2488 0.245032 0.0424571
2491 0.247313 0.0521454
2494 0.247301 0.0389453
2497 0.247674 0.0338302
2500 0.245687 0.0522696
2503 0.245167 0.0473351
2506 0.240402 0.0600158
2509 0.244388 0.0821703
2512 0.257859 0.0960366
2515 0.286439 0.116181
2518 0.305443 0.158638
2521 0.311122 0.148577
2524 0.309869 0.153839
2527 0.314182 0.142649
2530 0.315154 0.165447
2533 0.316588 0.207475
2536 0.314792 0.206233
2539 0.307983 0.209632
2542 0.298747 0.211947
2545 0.290662 0.211439
2548 0.270054 0.241068
2551 0.254415 0.239984
2554 0.248622 0.177676
2557 0.241893 0.158616
2560 0.23628 0.106154
2563 0.229844 0.079528
2566 0.228365 0.0543699
2569 0.228229 0.02028
2572 0.229167 0.00423442
2575 0.229438 0.111992
2578 0.229584 0.0906052
2581 0.229607 0.0814476
2584 0.229889 0.04528
2587 0.231798 0.127925
2590 0.231978 0.103173
2593 0.232012 0.0608627
2596 0.23217 0.102744
2599 0.232374 0.10769
2602 0.232272 0.163482
2605 0.232498 0.107509
2608 0.232396 0.0542344
2611 0.232724 0.182724
2614 0.232633 0.105115
2617 0.232611 0.0426603
2620 0.232825 0.0663957
2623 0.232577 0.087963
2626 0.238449 0.0114047
2629 0.259779 0.0347674
2632 0.281527 0.062229
2635 0.286201 0.0754968
2638 0.285332 0.0918812
2641 0.305939 0.127134
2644 0.342626 0.19685
2647 0.376197 0.263652
2650 0.394219 0.326389
2653 0.419309 0.324356
2656 0.426965 0.325971
2659 0.419128 0.368643
2662 0.395065 0.394919
2665 0.366339 0.396703
2668 0.356007 0.395687
2671 0.345483 0.377586
2674 0.343135 0.386845
2677 0.358796 0.363098
2680 0.35918 0.341938
2683 0.332656 0.223634
2686 0.314058 0.296917
2689 0.307543 0.275113
2692 0.303162 0.277326
2695 0.29624 0.235117
2698 0.286721 0.202371
2701 0.279404 0.146037
2704 0.273216 0.117807
2707 0.272222 0.0910117
2710 0.266701 0.0793925
2713 0.263516 0.0849819
2716 0.260874 0.0807249
2719 0.262342 0.0765583
2722 0.261484 0.0791102
2725 0.257306 0.0811427
2728 0.256662 0.0938573
2731 0.266147 0.0817186
2734 0.276073 0.0913392
2737 0.291881 0.0745483
2740 0.302586 0.0904697
2743 0.305815 0.0886969
2746 0.303229 0.0844399
2749 0.303726 0.104155
2752 0.312692 0.114939
2755 0.313866 0.108751
2758 0.311823 0.141271
2761 0.314262 0.157554
2764 0.315233 0.165786
2767 0.316486 0.157656
2770 0.317051 0.171872
2773 0.316983 0.171646
2776 0.316712 0.176389
2779 0.314036 0.189736
2782 0.3111 0.190662
2785 0.312026 0.191226
2788 0.308661 0.203749
2791 0.308875 0.194241
2794 0.306064 0.191396
2797 0.3035 0.20035
2800 0.303613 0.182012
2803 0.301852 0.19143
2806 0.300576 0.176886
2809 0.300678 0.135264
2812 0.2979 0.15586
2815 0.298984 0.082701
2818 0.297922 0.0557814
2821 0.298227 0.0505307
2824 0.298069 0.0519422
2827 0.299447 0.0514679
2830 0.298555 0.0357046
2833 0.298024 0.0334688
2836 0.297866 0.0818654
2839 0.298442 0.0496274
2842 0.299729 0.0324639
2845 0.301411 0.0394535
2848 0.302439 0.0484304
2851 0.303659 0.0479223
2854 0.309067 0.0516034
2857 0.31171 0.0637308
2860 0.309338 0.046014
2863 0.301231 0.0467254
2866 0.301344 0.0440154
2869 0.301039 0.053523
2872 0.301299 0.0552394
2875 0.302315 0.0445799
2878 0.30472 0.0490967
2881 0.311924 0.0525519
2884 0.320867 0.0662037
2887 0.328297 0.0710366
2890 0.325327 0.0592254
2893 0.32203 0.0650971
2896 0.320574 0.0686992
2899 0.320822 0.0686314
2902 0.321127 0.078794
2905 0.320867 0.070122
2908 0.321319 0.0699864
2911 0.317977 0.0915537
2914 0.318067 0.0738708
2917 0.317299 0.0761518
2920 0.316723 0.0889905
2923 0.318022 0.0804426
2926 0.318564 0.0803862
2929 0.316407 0.0819332
2932 0.317954 0.0800361
2935 0.31853 0.0732724
2938 0.317514 0.0790763
2941 0.318891 0.0800361
2944 0.325113 0.0497064
2947 0.336032 0.0575429
2950 0.349322 0.0812105
2953 0.364724 0.0954155
2956 0.380725 0.121511
2959 0.400644 0.117954
2962 0.422663 0.132475
2965 0.445506 0.139736
2968 0.472482 0.152236
2971 0.495337 0.161292
2974 0.522053 0.188607
2977 0.543022 0.198961
2980 0.557599 0.198205
2983 0.58549 0.209496
2986 0.618869 0.251265
2989 0.625994 0.263584
2992 0.65262 0.275994
2995 0.666983 0.279912
2998 0.683672 0.295901
3001 0.707995 0.320201
3004 0.724514 0.332803
3007 0.729607 0.354404
3010 0.728704 0.364465
3013 0.737455 0.332498
3016 0.749763 0.402349
3019 0.760276 0.389691
3022 0.765921 0.313426
3025 0.767559 0.244648
3028 0.770698 0.179878
3031 0.776242 0.18173
3034 0.776016 0.196579
3037 0.776208 0.233006
3040 0.774526 0.198295
3043 0.774187 0.208921
3046 0.770337 0.194806
3049 0.766892 0.189781
3052 0.76215 0.187048
3055 0.760027 0.178083
3058 0.756075 0.148645
3061 0.755059 0.143586
3064 0.756346 0.12832
3067 0.756369 0.120303
3070 0.758243 0.107814
3073 0.76101 0.0880985
3076 0.763482 0.141994
3079 0.764013 0.140289
3082 0.765187 0.132475
3085 0.767514 0.123284
3088 0.768123 0.160976
3091 0.767096 0.156617
3094 0.765876 0.161055
3097 0.763799 0.176242
3100 0.761032 0.168135
3103 0.760309 0.184734
3106 0.761472 0.179042
3109 0.761551 0.148532
3112 0.76346 0.167209
3115 0.762658 0.113065
3118 0.7639 0.123679
3121 0.761755 0.112297
3124 0.761743 0.109948
3127 0.759237 0.109553
3130 0.757294 0.124469
3133 0.754957 0.0988482
3136 0.755589 0.0932927
3139 0.753512 0.0882678
3142 0.753308 0.112116
3145 0.75157 0.102812
3148 0.7479 0.0923103
3151 0.745833 0.0926039
3154 0.744986 0.096477
3157 0.743699 0.0903455
3160 0.743315 0.10577
3163 0.743338 0.101389
3166 0.743056 0.0264228
3169 0.741949 0.0820799
3172 0.741588 0.0723803
3175 0.741159 0.0257565
3178 0.739589 0.0417344
3181 0.737105 0.0889566
3184 0.737037 0.0723351
3187 0.734045 0.0787037
3190 0.733051 0.0961269
3193 0.733096 0.0669941
3196 0.733017 0.0962398
3199 0.730917 0.12098
3202 0.730386 0.105793
3205 0.729788 0.111201
3208 0.728873 0.116757
3211 0.729178 0.0709011
3214 0.728455 0.0588528
3217 0.727846 0.0935298
3220 0.729144 0.0372064
3223 0.729347 0.0208785
3226 0.729709 0.0318767
3229 0.730318 0.0395777
3232 0.728952 0.0548442
3235 0.728128 0.0377258
3238 0.727541 0.124402
3241 0.726276 0.0357949
3244 0.727247 0.0360998
3247 0.728444 0.0376581
3250 0.728817 0.0375339
3253 0.728105 0.0599142
3256 0.727168 0.0364386
3259 0.727168 0.0331865
3262 0.727213 0.0332204
3265 0.727563 0.0197154
3268 0.72605 0.0147358
3271 0.726999 0.021206
3274 0.728647 0.0258017
3277 0.729776 0.0405714
3280 0.729675 0.0278229
3283 0.729291 0.0376016
3286 0.7285 0.108966
3289 0.727394 0.0184959
3292 0.726558 0.0117547
3295 0.726976 0.0139566
3298 0.727665 0.0457769
3301 0.726931 0.0196816
3304 0.727405 0.02465
3307 0.726874 0.0440605
3310 0.726841 0.0455962
3313 0.726705 0.0487127
3316 0.727529 0.0504065
3319 0.726513 0.0615515
3322 0.726073 0.048453
3325 0.726366 0.0661021
3328 0.725011 0.0593044
3331 0.725508 0.0686314
3334 0.722945 0.0707204
3337 0.724548 0.0836721
3340 0.725034 0.0931459
3343 0.72657 0.101728
3346 0.727484 0.0705398
3349 0.728783 0.0799345
3352 0.729562 0.0510276
3355 0.728738 0.0662715
3358 0.727789 0.0719061
3361 0.727191 0.0809621
3364 0.725248 0.0741644
3367 0.724277 0.0734079
3370 0.722403 0.0649955
3373 0.725147 0.0449864
3376 0.726332 0.0384824
3379 0.726174 0.0352529
3382 0.725994 0.0294264
3385 0.725881 0.0329042
3388 0.726852 0.0410343
3391 0.726423 0.0332882
3394 0.726186 0.0300587
3397 0.725903 0.050463
3400 0.726253 0.0275294
3403 0.726513 0.0250113
3406 0.726637 0.0280601
3409 0.726457 0.0241305
3412 0.725949 0.11836
3415 0.725632 0.079449
3418 0.725418 0.0416554
3421 0.725203 0.0514115
3424 0.725542 0.0761292
3427 0.725305 0.0500113
3430 0.725294 0.0378275
3433 0.725169 0.137127
3436 0.728963 0.220528
3439 0.728388 0.103275
3442 0.728828 0.0195235
3445 0.727857 0.0789295
3448 0.728105 0.0152665
3451 0.728263 0.0434846
3454 0.728907 0.135298
3457 0.728546 0.0340786
3460 0.728568 0.0382227
3463 0.728625 0.0631662
3466 0.728444 0.0283311
3469 0.728128 0.0284892
3472 0.728218 0.0594399
3475 0.727879 0.0319106
3478 0.728275 0.0215447
3481 0.72815 0.00567977
3484 0.728478 0.0145325
3487 0.728308 0.106425
3490 0.728512 0.0179426
3493 0.728817 0.0212624
3496 0.728975 0.0506098
3499 0.729347 0.0980465
3502 0.728896 0.0912037
3505 0.728263 0.0150632
3508 0.727642 0.0160343
3511 0.727236 0.1007
3514 0.72771 0.0295506
3517 0.727563 0.112873
3520 0.727631 0.104528
3523 0.727721 0.0916102
3526 0.728037 0.178388
3529 0.728184 0.0736563
3532 0.728376 0.0458898
3535 0.728534 0.0324074
3538 0.727631 0.155872
3541 0.72762 0.154618
3544 0.727405 0.03278
3547 0.72762 0.0311879
3550 0.72815 0.0240402
3553 0.727631 0.0241983
3556 0.727337 0.0360659
3559 0.727202 0.023916
3562 0.728297 0.0613031
3565 0.72771 0.032972
3568 0.727721 0.0562331
3571 0.7278 0.0802958
3574 0.727529 0.0613595
3577 0.727913 0.059327
3580 0.727958 0.0457317
3583 0.728308 0.0369354
3586 0.727349 0.0663392
3589 0.727823 0.0897019
3592 0.728071 0.043846
3595 0.727936 0.0751242
3598 0.727846 0.0230239
3601 0.727834 0.00949639
3604 0.72797 0.013121
3607 0.728196 0.0115515
3610 0.728173 0.0127823
3613 0.728173 0.0183491
3616 0.729596 0.0173555
3619 0.730318 0.028444
3622 0.733356 0.0646229
3625 0.731685 0.0426265
3628 0.730544 0.0369467
3631 0.72998 0.0332656
3634 0.72972 0.0283762
3637 0.729686 0.0280262
3640 0.730025 0.0348126
3643 0.729765 0.0286247
3646 0.72815 0.0798442
3649 0.728783 0.0306798
3652 0.728896 0.0331188
3655 0.728839 0.0305104
3658 0.729697 0.0269309
3661 0.729573 0.0223238
3664 0.729133 0.0179765
3667 0.728726 0.0193428
3670 0.728828 0.083706
3673 0.729991 0.0243564
3676 0.728534 0.0295619
3679 0.726908 0.020472
3682 0.725102 0.0173555
3685 0.724334 0.0310524
3688 0.727608 0.0382565
3691 0.727913 0.0307362
3694 0.728139 0.0211721
3697 0.727462 0.0622516
3700 0.728308 0.0318428
3703 0.726999 0.0190379
3706 0.726897 0.081425
3709 0.727134 0.0867999
3712 0.727157 0.0858175
3715 0.727687 0.0805781
3718 0.726965 0.0789408
3721 0.726321 0.156843
3724 0.726649 0.0891712
3727 0.726332 0.0885501
3730 0.726163 0.0956188
3733 0.726434 0.101784
3736 0.72614 0.0909101
3739 0.725836 0.0955285
3742 0.725226 0.10315
3745 0.726502 0.217717
3748 0.725813 0.119907
3751 0.725847 0.0994015
3754 0.725745 0.109169
3757 0.725892 0.0887421
3760 0.725836 0.0156052
3763 0.725147 0.00861563
3766 0.725124 0.0136179
3769 0.726773 0.0248871
3772 0.725203 0.0325542
3775 0.723668 0.0398826
3778 0.721533 0.0294377
3781 0.723419 0.0551603
3784 0.725226 0.052631
3787 0.726152 0.0572493
3790 0.725666 0.0509485
3793 0.725316 0.0502484
3796 0.725463 0.132949
3799 0.724582 0.0893067
3802 0.72334 0.0992096
3805 0.721511 0.106561
3808 0.720924 0.114307
3811 0.721285 0.106131
3814 0.721906 0.103173
3817 0.72194 0.117051
3820 0.725203 0.172448
3823 0.724537 0.0289182
3826 0.723024 0.0176152
3829 0.722267 0.0210027
3832 0.721883 0.0194106
3835 0.721161 0.018383
3838 0.721274 0.0289182
3841 0.721827 0.0275971
3844 0.722109 0.0227642
3847 0.72089 0.0852529
3850 0.721782 0.0421522
3853 0.721274 0.0334237
3856 0.721308 0.0352981
3859 0.721172 0.0388437
3862 0.72028 0.0486789
3865 0.719783 0.048724
3868 0.720664 0.0467706
3871 0.720969 0.040944
3874 0.72168 0.0632453
3877 0.722143 0.0688347
3880 0.72194 0.0336495
3883 0.720653 0.0493677
3886 0.721771 0.036224
3889 0.721703 0.0378275
3892 0.721838 0.0452913
3895 0.719151 0.0347448
3898 0.72019 0.0449639
3901 0.721917 0.0544941
3904 0.720788 0.0572719
3907 0.721341 0.0445461
3910 0.720799 0.0324752
3913 0.720461 0.0420732
3916 0.720382 0.0431685
3919 0.720336 0.0382678
3922 0.721567 0.121793
3925 0.721477 0.045393
3928 0.720856 0.0345416
3931 0.720912 0.0265357
3934 0.722121 0.0346883
3937 0.722188 0.025813
3940 0.722245 0.0259372
3943 0.721895 0.0315154
3946 0.722821 0.102202
3949 0.723408 0.0403004
3952 0.722572 0.0426942
3955 0.722606 0.0392502
3958 0.721206 0.031888
3961 0.721116 0.0291892
3964 0.722414 0.0307475
3967 0.722042 0.0237127
3970 0.723577 0.0919264
3973 0.724006 0.109598
3976 0.723668 0.0491192
3979 0.72308 0.0151084
3982 0.723397 0.0227304
3985 0.723543 0.0302958
3988 0.723781 0.0268857
3991 0.723589 0.0206414
3994 0.723205 0.0167909
3997 0.722335 0.117852
4000 0.721974 0.102304
4003 0.722584 0.0169828
4006 0.722346 0.0203365
4009 0.722651 0.0252597
4012 0.722425 0.00912376
4015 0.722527 0.0126468
4018 0.722674 0.0182023
4021 0.722527 0.0427168
4024 0.720777 0.0169603
4027 0.72124 0.0221658
4030 0.720145 0.0255646
4033 0.721658 0.0241079
4036 0.721748 0.0284101
4039 0.719128 0.0325881
4042 0.722493 0.0274503
4045 0.719546 0.0468609
4048 0.720935 0.0211382
4051 0.721059 0.140888
4054 0.720687 0.0822155
4057 0.721579 0.0333672
4060 0.721116 0.0152439
4063 0.720517 0.0176378
4066 0.721285 0.0227191
4069 0.720788 0.0108175
4072 0.720935 0.123182
4075 0.720845 0.0181911
4078 0.721409 0.0583446
4081 0.722482 0.0100497
4084 0.721522 0.0166554
4087 0.721296 0.0277665
4090 0.720935 0.00852529
4093 0.722866 0.0221206
4096 0.722968 0.0129743
4099 0.724097 0.0982498
4102 0.724594 0.118857
4105 0.725813 0.0996161
4108 0.726152 0.0586834
4111 0.726773 0.0818654
4114 0.726694 0.00852529
4117 0.727202 0.0153568
4120 0.728625 0.0219964
4123 0.727552 0.0281052
4126 0.727789 0.0196816
4129 0.727473 0.0119467
4132 0.727755 0.0305443
4135 0.727202 0.112511
4138 0.72727 0.0265921
4141 0.72893 0.259463
4144 0.729618 0.30306
4147 0.730454 0.254833
4150 0.73217 0.208695
4153 0.732825 0.181843
4156 0.736009 0.212692
4159 0.736021 0.224198
4162 0.737432 0.279664
4165 0.739487 0.259485
4168 0.743812 0.214713
4171 0.7215 0.358074
4174 0.749989 0.326897
4177 0.755364 0.15822
4180 0.758356 0.142446
4183 0.762963 0.15236
4186 0.769264 0.0919151
4189 0.773238 0.155725
4192 0.774785 0.205397
4195 0.779088 0.0751016
4198 0.783706 0.202834
4201 0.787952 0.297674
4204 0.788878 0.306911
4207 0.786506 0.190662
4210 0.784948 0.250711
4213 0.787489 0.267536
4216 0.785671 0.637116
4219 0.777247 0.640402
4222 0.773159 0.640312
4225 0.777326 0.596827
4228 0.778105 0.696454
4231 0.779765 0.648939
4234 0.787884 0.666294
4237 0.788528 0.659214
4240 0.79082 0.61058
4243 0.796149 0.712263
4246 0.798645 0.712556
4249 0.806188 0.682983
4252 0.812161 0.698047
4255 0.812647 0.551378
4258 0.81748 0.674221
4261 0.808446 0.646522
4264 0.803173 0.612952
4267 0.800632 0.717638
4270 0.792355 0.732983
4273 0.790594 0.488369
4276 0.783435 0.714408
4279 0.781911 0.677168
4282 0.78138 0.774379
4285 0.776389 0.799447
4288 0.770269 0.779009
4291 0.764397 0.776276
4294 0.749266 0.69082
4297 0.741 0.74694
4300 0.746375 0.799243
4303 0.739194 0.809587
4306 0.738471 0.842807
4309 0.743293 0.855273
4312 0.745641 0.825994
4315 0.747301 0.859779
4318 0.74624 0.848701
4321 0.732114 0.858469
4324 0.729935 0.866125
4327 0.738832 0.858028
4330 0.729686 0.556481
4333 0.730217 0.833051
4336 0.727925 0.826107
4339 0.728534 0.808503
4342 0.726118 0.813629
4345 0.713697 0.812952
4348 0.709598 0.817299
4351 0.717559 0.81372
4354 0.722279 0.817514
4357 0.730296 0.808649
4360 0.735682 0.794557
4363 0.735603 0.80096
4366 0.73243 0.736608
4369 0.734914 0.727541
4372 0.725779 0.762658
4375 0.725553 0.762692
4378 0.724481 0.736427
4381 0.696409 0.664047
4384 0.691012 0.620167
4387 0.680397 0.697188
4390 0.668078 0.690707
4393 0.649785 0.713957
4396 0.609271 0.72072
4399 0.579799 0.728376
4402 0.551061 0.726716
4405 0.524819 0.686721
4408 0.513618 0.668146
4411 0.497888 0.677371
4414 0.508819 0.688697
4417 0.535117 0.682532
4420 0.550655 0.676536
4423 0.574921 0.665278
4426 0.582927 0.660208
4429 0.570641 0.688415
4432 0.563652 0.353896
4435 0.574627 0.344874
4438 0.586337 0.689397
4441 0.5875 0.728512
4444 0.59082 0.759225
4447 0.583706 0.761687
4450 0.580939 0.745156
4453 0.572459 0.761777
4456 0.558153 0.728918
4459 0.555285 0.743473
4462 0.555409 0.768406
4465 0.575576 0.697188
4468 0.598656 0.744354
4471 0.613787 0.718394
4474 0.660388 0.729833
4477 0.678862 0.730781
4480 0.681583 0.660298
4483 0.674131 0.620551
4486 0.67229 0.621522
4489 0.650768 0.679313
4492 0.625407 0.624842
4495 0.616983 0.672042
4498 0.609395 0.587116
4501 0.626897 0.673114
4504 0.629257 0.720969
4507 0.629539 0.732577
4510 0.646996 0.70192
4513 0.658458 0.705849
4516 0.69117 0.727823
4519 0.712771 0.691204
4522 0.722019 0.668677
4525 0.733119 0.675813
4528 0.736811 0.672042
4531 0.759259 0.656323
4534 0.76093 0.656978
4537 0.761992 0.671556
4540 0.768722 0.698024
4543 0.777981 0.679946
4546 0.779325 0.656854
4549 0.773363 0.687692
4552 0.765052 0.66189
4555 0.751118 0.684643
4558 0.727405 0.680307
4561 0.727778 0.71748
4564 0.74371 0.650294
4567 0.717931 0.685659
4570 0.701626 0.729483
4573 0.658582 0.736292
4576 0.636969 0.735196
4579 0.62107 0.736201
4582 0.611077 0.717954
4585 0.60192 0.695946
4588 0.593925 0.701841
4591 0.596974 0.650542
4594 0.62893 0.655488
4597 0.637003 0.685072
4600 0.650406 0.632227
4603 0.649266 0.54502
4606 0.646545 0.626434
4609 0.641 0.631188
4612 0.636687 0.592751
4615 0.63051 0.436777
4618 0.621759 0.588234
4621 0.600926 0.548611
4624 0.559801 0.55079
4627 0.549164 0.530047
4630 0.54353 0.53619
4633 0.534914 0.528139
4636 0.557148 0.543699
4639 0.593022 0.553512
4642 0.617807 0.573848
4645 0.628613 0.587206
4648 0.62325 0.60332
4651 0.619478 0.62299
4654 0.625666 0.63942
4657 0.621082 0.61783
4660 0.611021 0.603252
4663 0.606933 0.549752
4666 0.597369 0.283853
4669 0.588121 0.43304
4672 0.573995 0.47675
4675 0.552902 0.505115
4678 0.507136 0.505138
4681 0.482238 0.481425
4684 0.479415 0.488449
4687 0.453659 0.468315
4690 0.456244 0.446443
4693 0.440967 0.465763
4696 0.437895 0.45603
4699 0.446398 0.470766
4702 0.464849 0.492604
4705 0.484508 0.4868
4708 0.488019 0.507035
4711 0.511687 0.551163
4714 0.541701 0.540323
4717 0.575034 0.56958
4720 0.617886 0.573464
4723 0.643135 0.58881
4726 0.659688 0.575598
4729 0.664939 0.640639
4732 0.637048 0.439103
4735 0.610434 0.53523
4738 0.575169 0.530285
4741 0.552326 0.46967
4744 0.532057 0.494128
4747 0.50236 0.437624
4750 0.449853 0.509271
4753 0.416283 0.473498
4756 0.381911 0.401468
4759 0.356504 0.439024
4762 0.327157 0.384304
4765 0.305228 0.400203
4768 0.295359 0.367468
4771 0.288042 0.352608
4774 0.267694 0.303647
4777 0.265899 0.257949
4780 0.256798 0.207588
4783 0.248092 0.187929
4786 0.236947 0.155183
4789 0.232554 0.0957882
4792 0.234033 0.0483627
4795 0.233277 0.0256775
4798 0.235784 0.0164634
4801 0.236179 0.0827913
4804 0.235716 0.138302
4807 0.235806 0.0647696
4810 0.235761 0.0642051
4813 0.235366 0.134316
4816 0.235174 0.148442
4819 0.235253 0.0960705
4822 0.233875 0.148803
4825 0.234282 0.051084
4828 0.234406 0.0939024
4831 0.234463 0.140628
4834 0.235377 0.182565
4837 0.235253 0.00785908
4840 0.235174 0.049108
4843 0.235287 0.00465221
4846 0.235558 0.01014
4849 0.235603 0.00464092
4852 0.235445 0.00750903
4855 0.235219 0.0194332
4858 0.233819 0.0415763
4861 0.233729 0.037308
4864 0.233977 0.00584914
4867 0.233853 0.0191509
4870 0.23374 0.122956
4873 0.233514 0.00956414
4876 0.233695 0.00684282
4879 0.233627 0.00306007
4882 0.23304 0.139273
4885 0.233153 0.162297
4888 0.233311 0.0457882
4891 0.23313 0.00706865
4894 0.232972 0.0198735
4897 0.232769 0.00388437
4900 0.232599 0.00593948
4903 0.233537 0.0112579
4906 0.23645 0.0139453
4909 0.23776 0.0193089
4912 0.239307 0.00914634
4915 0.238313 0.0100949
4918 0.252112 0.0220867
4921 0.275271 0.042299
4924 0.280115 0.0767051
4927 0.285535 0.0981369
4930 0.306764 0.131481
4933 0.333954 0.171206
4936 0.330138 0.20385
4939 0.335592 0.185264
4942 0.347098 0.195619
4945 0.355657 0.171387
4948 0.349526 0.214691
4951 0.32701 0.224548
4954 0.319049 0.193078
4957 0.313279 0.202066
4960 0.302247 0.205612
4963 0.284621 0.19327
4966 0.263923 0.159801
4969 0.27115 0.147527
4972 0.280906 0.171804
4975 0.298453 0.145325
4978 0.313652 0.185264
4981 0.329144 0.19047
4984 0.317604 0.200361
4987 0.302541 0.209214
4990 0.306391 0.211574
4993 0.298464 0.179313
4996 0.304968 0.207882
4999 0.298724 0.231978
5002 0.288799 0.212161
5005 0.276694 0.234158
5008 0.273735 0.237839
5011 0.256131 0.221827
5014 0.243835 0.181233
5017 0.236213 0.146251
5020 0.23357 0.121229
5023 0.244207 0.0780714
5026 0.239273 0.0595867
5029 0.242988 0.048916
5032 0.244749 0.0443541
5035 0.24484 0.0348351
5038 0.247651 0.0425135
5041 0.248284 0.0588528
5044 0.245664 0.0700994
5047 0.243044 0.0647358
5050 0.251095 0.0832995
5053 0.274977 0.107746
5056 0.30262 0.128218
5059 0.336856 0.125768
5062 0.367401 0.0869015
5065 0.409925 0.162545
5068 0.436597 0.17334
5071 0.462861 0.17343
5074 0.487748 0.238799
5077 0.503659 0.229573
5080 0.498814 0.233277
5083 0.484959 0.222301
5086 0.429957 0.25105
5089 0.388832 0.290617
5092 0.337568 0.281933
5095 0.306188 0.257938
5098 0.29467 0.228376
5101 0.291904 0.192197
5104 0.274526 0.201773
5107 0.267401 0.205951
5110 0.250813 0.185626
5113 0.236043 0.140007
5116 0.232396 0.137839
5119 0.218112 0.0615854
5122 0.216768 0.0324752
5125 0.217322 0.0129178
5128 0.223803 0.093654
5131 0.226581 0.0783537
5134 0.229878 0.101253
5137 0.229664 0.170585
5140 0.229212 0.143959
5143 0.229099 0.20463
5146 0.229517 0.107261
5149 0.229449 0.118733
5152 0.229438 0.0903117
5155 0.229573 0.0873984
5158 0.229652 0.136066
5161 0.229167 0.184993
5164 0.229223 0.138279
5167 0.229234 0.106911
5170 0.229776 0.168936
5173 0.229686 0.0916102
5176 0.229664 0.0677168
5179 0.229697 0.127247
5182 0.229573 0.151784
5185 0.229472 0.0834011
5188 0.229731 0.151818
5191 0.229731 0.161472
5194 0.229855 0.0831978
5197 0.230104 0.0796183
5200 0.229991 0.140492
5203 0.230059 0.0669603
5206 0.23016 0.127191
5209 0.230578 0.0541102
5212 0.230646 0.141113
5215 0.230499 0.0658085
5218 0.228986 0.151389
5221 0.22963 0.127992
5224 0.229347 0.0909553
5227 0.229426 0.13785
5230 0.229426 0.143202
5233 0.229302 0.139363
5236 0.229325 0.104573
5239 0.229234 0.0927958
5242 0.229381 0.142706
5245 0.229189 0.085332
5248 0.229551 0.0909553
5251 0.230228 0.173622
5254 0.230635 0.0875903
5257 0.240063 0.0131775
5260 0.259835 0.0416554
5263 0.280951 0.0714205
5266 0.298171 0.089047
5269 0.313076 0.0922425
5272 0.308988 0.0995483
5275 0.304709 0.0984982
5278 0.305578 0.0964092
5281 0.304968 0.118327
5284 0.229799 0.0937895
5287 0.305781 0.100598
5290 0.315402 0.161834
5293 0.334372 0.199469
5296 0.360185 0.215063
5299 0.388607 0.233514
5302 0.403613 0.229381
5305 0.422538 0.242852
5308 0.427597 0.223182
5311 0.429912 0.226762
5314 0.43269 0.15533
5317 0.426976 0.148148
5320 0.418135 0.135829
5323 0.416949 0.129946
5326 0.410084 0.126378
5329 0.401762 0.13199
5332 0.406402 0.133898
5335 0.405194 0.140029
5338 0.417209 0.133141
5341 0.428444 0.140131
5344 0.429776 0.145743
5347 0.423611 0.174729
5350 0.417209 0.176321
5353 0.417796 0.189702
5356 0.427812 0.163336
5359 0.443304 0.168315
5362 0.456741 0.180872
5365 0.453625 0.194015
5368 0.438268 0.216102
5371 0.42867 0.233243
5374 0.422821 0.233796
5377 0.422561 0.239995
5380 0.42465 0.229392
5383 0.418744 0.235671
5386 0.412624 0.245099
5389 0.416249 0.252699
5392 0.429641 0.196545
5395 0.446579 0.22614
5398 0.46189 0.183627
5401 0.466757 0.167164
5404 0.457588 0.188211
5407 0.449831 0.168293
5410 0.445269 0.149661
5413 0.445619 0.134971
5416 0.446003 0.169648
5419 0.448137 0.128613
5422 0.457238 0.143485
5425 0.471816 0.166734
5428 0.483751 0.168586
5431 0.48785 0.190379
5434 0.48636 0.210084
5437 0.486868 0.232904
5440 0.489826 0.253354
5443 0.495845 0.277699
5446 0.498024 0.255194
5449 0.509835 0.254946
5452 0.521624 0.223069
5455 0.530793 0.219806
5458 0.539521 0.224695
5461 0.547776 0.22561
5464 0.555567 0.214273
5467 0.559237 0.213889
5470 0.560705 0.219332
5473 0.560061 0.193089
5476 0.560388 0.182599
5479 0.557498 0.113121
5482 0.55586 0.123205
5485 0.561235 0.132859
5488 0.568451 0.135535
5491 0.572888 0.0607837
5494 0.579359 0.15857
5497 0.590797 0.172425
5500 0.605126 0.139566
5503 0.635648 0.16696
5506 0.65079 0.151479
5509 0.683119 0.123487
5512 0.694422 0.118801
5515 0.700734 0.136461
5518 0.701253 0.126852
5521 0.705239 0.179584
5524 0.702857 0.153286
5527 0.700192 0.134372
5530 0.71075 0.103308
5533 0.719219 0.093846
5536 0.722877 0.0724706
5539 0.725655 0.0781278
5542 0.730126 0.0874323
5545 0.733164 0.104505
5548 0.736879 0.0968722
5551 0.739555 0.0937669
5554 0.741994 0.101457
5557 0.743688 0.108141
5560 0.746771 0.118812
5563 0.7479 0.127495
5566 0.747798 0.13776
5569 0.746319 0.15411
5572 0.742051 0.169806
5575 0.74152 0.178546
5578 0.741283 0.187545
5581 0.74091 0.190808
5584 0.740018 0.188279
5587 0.742785 0.161089
5590 0.743575 0.140944
5593 0.742118 0.150497
5596 0.740831 0.178963
5599 0.739905 0.136574
5602 0.738437 0.137794
5605 0.738697 0.113449
5608 0.737726 0.0720416
5611 0.736981 0.0787376
5614 0.735388 0.0811879
5617 0.733559 0.0898826
5620 0.731177 0.110897
5623 0.730804 0.0999774
5626 0.731436 0.0973803
5629 0.730443 0.0882453
5632 0.729517 0.0734982
5635 0.73016 0.0760388
5638 0.730386 0.0836382
5641 0.730646 0.0750678
5644 0.731673 0.0875678
5647 0.728884 0.143451
5650 0.729426 0.0819106
5653 0.727383 0.122877
5656 0.724887 0.0787602
5659 0.722572 0.0966802
5662 0.723035 0.0984982
5665 0.724221 0.0899277
5668 0.724887 0.101716
5671 0.720833 0.281041
5674 0.721782 0.0762308
5677 0.722177 0.0579607
5680 0.721838 0.0490515
5683 0.722945 0.0623419
5686 0.723645 0.0547877
5689 0.724108 0.0488595
5692 0.723747 0.0154246
5695 0.72264 0.0266825
5698 0.721296 0.00625565
5701 0.721714 0.0992773
5704 0.719557 0.107114
5707 0.718654 0.10498
5710 0.717785 0.0404697
5713 0.714126 0.0274616
5716 0.713855 0.0648826
5719 0.713516 0.171624
5722 0.713369 0.130939
5725 0.712873 0.230522
5728 0.713663 0.0252258
5731 0.713686 0.0168022
5734 0.713042 0.036416
5737 0.712952 0.0722109
