frame_number static_density dynamic_density
1 0.0700998 0.126821
4 0.068872 0.126059
7 0.0775019 0.126809
10 0.0860465 0.133421
13 0.0905155 0.110372
16 0.0944048 0.0987886
19 0.097091 0.121623
22 0.0997895 0.195329
25 0.102824 0.0935095
28 0.107649 0.126927
31 0.110684 0.118767
34 0.112333 0.0888584
37 0.113642 0.0854145
40 0.11493 0.0993842
43 0.116303 0.097103
46 0.117381 0.142809
49 0.118208 0.141062
52 0.120926 0.0953002
55 0.12766 0.0986954
58 0.132603 0.0936755
61 0.135078 0.110416
64 0.130646 0.104983
67 0.126692 0.086488
70 0.121364 0.104615
73 0.123386 0.0596953
76 0.125885 0.0555506
79 0.129686 0.0695163
82 0.136869 0.071307
85 0.148805 0.0886678
88 0.160611 0.108654
91 0.173543 0.114484
94 0.179511 0.12456
97 0.185532 0.237513
100 0.185718 0.147209
103 0.184381 0.128802
106 0.179102 0.129548
109 0.180439 0.136026
112 0.186646 0.121161
115 0.192586 0.123134
118 0.196759 0.136816
121 0.197354 0.143854
124 0.198335 0.158253
127 0.199574 0.163143
130 0.202759 0.14671
133 0.20583 0.14415
136 0.210554 0.14923
139 0.214772 0.163787
142 0.216384 0.169249
145 0.218276 0.170023
148 0.216631 0.156729
151 0.215347 0.145162
154 0.212762 0.147375
157 0.208865 0.150442
160 0.206316 0.134102
163 0.204331 0.149583
166 0.202224 0.147452
169 0.201155 0.138141
172 0.199319 0.195754
175 0.198367 0.15594
178 0.197488 0.134296
181 0.197982 0.153103
184 0.197561 0.121097
187 0.196147 0.141115
190 0.196439 0.142967
193 0.195782 0.15017
196 0.196346 0.134596
199 0.196167 0.119812
202 0.196094 0.0780893
205 0.196803 0.099684
208 0.196467 0.0725833
211 0.196637 0.113407
214 0.196297 0.0963942
217 0.195705 0.0859372
220 0.197824 0.197833
223 0.197306 0.0952962
226 0.197022 0.108496
229 0.196799 0.10677
232 0.197156 0.0758689
235 0.198242 0.108909
238 0.197289 0.110044
241 0.195714 0.0691476
244 0.196957 0.073511
247 0.195187 0.117438
250 0.194834 0.127429
253 0.194194 0.114902
256 0.194312 0.116303
259 0.194502 0.0975327
262 0.194328 0.123122
265 0.194595 0.105409
268 0.194336 0.0903046
271 0.192991 0.16286
274 0.192768 0.145568
277 0.196731 0.109088
280 0.201426 0.0828378
283 0.207244 0.116907
286 0.213273 0.0844138
289 0.212547 0.0712139
292 0.210299 0.077129
295 0.207657 0.148902
298 0.203095 0.103132
301 0.199955 0.127072
304 0.197921 0.117689
307 0.197261 0.10961
310 0.197508 0.10782
313 0.196512 0.0776518
316 0.197059 0.0833401
319 0.195146 0.0809214
322 0.195543 0.163791
325 0.195973 0.12565
328 0.196188 0.113796
331 0.196216 0.124382
334 0.196321 0.0908759
337 0.196115 0.0956852
340 0.196803 0.0715906
343 0.199259 0.0398306
346 0.201564 0.126076
349 0.202492 0.0812332
352 0.201272 0.0545053
355 0.200932 0.071627
358 0.200981 0.0740864
361 0.200912 0.0799245
364 0.20064 0.0814197
367 0.199935 0.066907
370 0.198197 0.132194
373 0.19767 0.104955
376 0.197107 0.0669962
379 0.196479 0.111766
382 0.197492 0.0660846
385 0.201037 0.0751439
388 0.203428 0.0770845
391 0.2072 0.11433
394 0.208942 0.103306
397 0.212268 0.152678
400 0.21303 0.12151
403 0.214934 0.104185
406 0.221554 0.0919577
409 0.231553 0.106997
412 0.241832 0.110745
415 0.254023 0.132206
418 0.264902 0.135504
421 0.271668 0.20406
424 0.284021 0.163289
427 0.296775 0.174909
430 0.306608 0.165456
433 0.316769 0.187821
436 0.327145 0.204323
439 0.331784 0.229515
442 0.334053 0.239948
445 0.338409 0.287862
448 0.344855 0.264946
451 0.351613 0.297727
454 0.356527 0.281237
457 0.361652 0.276582
460 0.364302 0.282753
463 0.367336 0.283425
466 0.367434 0.276882
469 0.367016 0.279143
472 0.37042 0.305696
475 0.370153 0.28851
478 0.368499 0.275954
481 0.369168 0.269241
484 0.369788 0.271019
487 0.371007 0.257892
490 0.370914 0.265845
493 0.370987 0.288854
496 0.371951 0.27655
499 0.373807 0.294766
502 0.382384 0.291249
505 0.392865 0.261182
508 0.405863 0.218426
511 0.414987 0.16843
514 0.420975 0.184179
517 0.428567 0.190531
520 0.443748 0.280395
523 0.452079 0.191386
526 0.461134 0.117794
529 0.466449 0.149583
532 0.469869 0.173722
535 0.47217 0.209416
538 0.474856 0.171246
541 0.477761 0.138145
544 0.479033 0.15814
547 0.478405 0.192375
550 0.475809 0.155182
553 0.474577 0.154655
556 0.473426 0.148359
559 0.47121 0.181744
562 0.46965 0.203261
565 0.466182 0.247431
568 0.464667 0.247666
571 0.466842 0.329001
574 0.46916 0.306499
577 0.473693 0.310108
580 0.479382 0.187894
583 0.484839 0.207637
586 0.4896 0.173876
589 0.494798 0.178843
592 0.500454 0.148043
595 0.517774 0.224244
598 0.532663 0.185974
601 0.544166 0.127988
604 0.55188 0.134061
607 0.564816 0.14325
610 0.57802 0.146755
613 0.58554 0.142541
616 0.591714 0.146738
619 0.595179 0.149283
622 0.608196 0.217908
625 0.610299 0.144802
628 0.610676 0.135078
631 0.615149 0.171254
634 0.617503 0.147545
637 0.618183 0.160246
640 0.618207 0.128952
643 0.618038 0.0944048
646 0.618232 0.224658
649 0.619228 0.155952
652 0.621056 0.141018
655 0.622121 0.128304
658 0.623276 0.13913
661 0.623418 0.155332
664 0.625026 0.117863
667 0.625537 0.118187
670 0.624516 0.200904
673 0.625812 0.168467
676 0.626238 0.161045
679 0.627247 0.179722
682 0.629487 0.159894
685 0.629961 0.164351
688 0.629661 0.142962
691 0.629738 0.156418
694 0.630232 0.1626
697 0.633454 0.2594
700 0.633474 0.166109
703 0.634033 0.126825
706 0.6349 0.147889
709 0.635852 0.126987
712 0.63821 0.164415
715 0.638421 0.165209
718 0.63981 0.124641
721 0.642711 0.322927
724 0.643327 0.156936
727 0.643797 0.224978
730 0.64372 0.177433
733 0.644547 0.159647
736 0.645292 0.174625
739 0.646528 0.120825
742 0.647249 0.127814
745 0.650802 0.307248
748 0.653869 0.152763
751 0.653561 0.216591
754 0.654278 0.161531
757 0.654278 0.143011
760 0.654922 0.183899
763 0.656005 0.120396
766 0.65664 0.151605
769 0.656632 0.166879
772 0.663119 0.285208
775 0.662904 0.19624
778 0.662973 0.138445
781 0.662037 0.0973666
784 0.661701 0.0692245
787 0.662649 0.087975
790 0.661709 0.0852444
793 0.6616 0.104854
796 0.657361 0.231906
799 0.656596 0.157751
802 0.654185 0.128361
805 0.652674 0.13242
808 0.652042 0.115064
811 0.653675 0.115756
814 0.661146 0.139867
817 0.669301 0.145973
820 0.696678 0.257374
823 0.713083 0.176197
826 0.739032 0.108022
829 0.750907 0.114626
832 0.757973 0.141285
835 0.760979 0.0880277
838 0.761794 0.0932419
841 0.763317 0.106487
844 0.76371 0.100713
847 0.777494 0.262852
850 0.777202 0.131379
853 0.77721 0.105202
856 0.775443 0.106409
859 0.774994 0.0748481
862 0.775306 0.0898429
865 0.774386 0.108784
868 0.772859 0.081687
871 0.777635 0.207669
874 0.778515 0.159837
877 0.778231 0.133664
880 0.780083 0.196115
883 0.779791 0.148574
886 0.779511 0.0929624
889 0.779333 0.087493
892 0.77657 0.0959686
895 0.779738 0.22958
898 0.773102 0.188182
901 0.772429 0.0684587
904 0.772587 0.0771292
907 0.766247 0.26948
910 0.76685 0.121728
913 0.768102 0.0741066
916 0.77029 0.0702739
919 0.770464 0.0676444
922 0.771003 0.0795478
925 0.770946 0.0893079
928 0.771578 0.0739243
931 0.771899 0.206977
934 0.772117 0.141763
937 0.771797 0.0770156
940 0.771084 0.110437
943 0.769715 0.07232
946 0.767101 0.103975
949 0.767535 0.0598209
952 0.766712 0.081991
955 0.779236 0.25111
958 0.778592 0.164934
961 0.776132 0.132773
964 0.773252 0.104939
967 0.773483 0.0930191
970 0.772482 0.0470424
973 0.770857 0.107852
976 0.770112 0.0641318
979 0.768349 0.078393
982 0.758832 0.172182
985 0.756045 0.0900089
988 0.755713 0.0887084
991 0.761425 0.0676931
994 0.762989 0.0950288
997 0.761806 0.0849162
1000 0.762397 0.0476177
1003 0.761948 0.111964
1006 0.759388 0.220099
1009 0.759804 0.125683
1012 0.752986 0.183632
1015 0.752411 0.107228
1018 0.753926 0.0733978
1021 0.753188 0.0756989
1024 0.752646 0.0757029
1027 0.752536 0.0641561
1030 0.752504 0.208889
1033 0.752354 0.168779
1036 0.758233 0.238563
1039 0.757366 0.135006
1042 0.756247 0.0987562
1045 0.756713 0.0799895
1048 0.757139 0.0946074
1051 0.758156 0.0865691
1054 0.758208 0.0593428
1057 0.757921 0.0632121
1060 0.758545 0.0577951
1063 0.752455 0.207888
1066 0.752265 0.103983
1069 0.751017 0.0766754
1072 0.752208 0.0781582
1075 0.751082 0.119844
1078 0.751924 0.0755247
1081 0.752212 0.0840937
1084 0.753448 0.0844625
1087 0.75737 0.163872
1090 0.756709 0.109975
1093 0.757856 0.0521433
1096 0.758257 0.0657969
1099 0.757957 0.0906085
1102 0.756438 0.0553967
1105 0.756138 0.0785269
1108 0.755279 0.070667
1111 0.757673 0.179576
1114 0.755409 0.0921845
1117 0.756373 0.0865287
1120 0.754615 0.0881857
1123 0.755555 0.0877562
1126 0.755465 0.0585284
1129 0.756069 0.0484118
1132 0.759675 0.0648408
1135 0.757102 0.057629
1138 0.763617 0.195102
1141 0.76525 0.0594684
1144 0.762552 0.109326
1147 0.76151 0.0748034
1150 0.760352 0.0708127
1153 0.758095 0.0785755
1156 0.75615 0.0793412
1159 0.757033 0.0622518
1162 0.756252 0.179852
1165 0.754744 0.0984563
1168 0.754412 0.0500932
1171 0.755737 0.0448302
1174 0.754663 0.085143
1177 0.754116 0.0879428
1180 0.756 0.0928045
1183 0.758816 0.0795032
1186 0.766226 0.150028
1189 0.766554 0.108014
1192 0.765615 0.130447
1195 0.766733 0.104858
1198 0.769221 0.129601
1201 0.76935 0.0800056
1204 0.77025 0.0744713
1207 0.768438 0.0821813
1210 0.767183 0.0892918
1213 0.770776 0.212685
1216 0.770067 0.107933
1219 0.768236 0.153379
1222 0.768264 0.180378
1225 0.767648 0.136241
1228 0.765995 0.0701767
1231 0.766846 0.0749453
1234 0.766644 0.056916
1237 0.756904 0.178794
1240 0.754226 0.0831942
1243 0.759339 0.0938296
1246 0.761976 0.0880722
1249 0.761397 0.0866907
1252 0.75786 0.0991735
1255 0.754971 0.0704602
1258 0.754193 0.0778787
1261 0.755077 0.217102
1264 0.753261 0.143149
1267 0.753582 0.137558
1270 0.753768 0.120837
1273 0.751815 0.139883
1276 0.752795 0.107661
1279 0.75265 0.0892796
1282 0.75286 0.079244
1285 0.751155 0.0453529
1288 0.750851 0.183186
1291 0.749019 0.151406
1294 0.75079 0.0982335
1297 0.752131 0.102305
1300 0.750879 0.110036
1303 0.752447 0.0888461
1306 0.752431 0.0884978
1309 0.748639 0.079957
1312 0.742561 0.202131
1315 0.738198 0.130172
1318 0.734154 0.0929949
1321 0.73272 0.111267
1324 0.728336 0.111065
1327 0.727895 0.148019
1330 0.726744 0.0938984
1333 0.723831 0.1022
1336 0.72896 0.242736
1339 0.726108 0.140633
1342 0.726683 0.103083
1345 0.727611 0.115939
1348 0.727992 0.137323
1351 0.727437 0.132133
1354 0.728551 0.120906
1357 0.730686 0.103671
1360 0.731343 0.088214
1363 0.72779 0.22708
1366 0.727635 0.142059
1369 0.731375 0.134065
1372 0.733713 0.108998
1375 0.731788 0.120809
1378 0.730844 0.105024
1381 0.731622 0.0796856
1384 0.731468 0.0936876
1387 0.730208 0.231201
1390 0.731327 0.151406
1393 0.732445 0.112365
1396 0.733737 0.136982
1399 0.734458 0.172251
1402 0.735755 0.065639
1405 0.736841 0.0976177
1408 0.73917 0.133875
1411 0.755336 0.259789
1414 0.754749 0.191228
1417 0.754801 0.185333
1420 0.756037 0.151848
1423 0.756649 0.162734
1426 0.755109 0.18723
1429 0.755222 0.166409
1432 0.754805 0.213585
1435 0.756657 0.188206
1438 0.761016 0.31666
1441 0.760242 0.220412
1444 0.761713 0.254789
1447 0.764014 0.313901
1450 0.766943 0.153217
1453 0.767268 0.260279
1456 0.771712 0.2657
1459 0.778101 0.333753
1462 0.792841 0.378073
1465 0.793591 0.341787
1468 0.796471 0.464039
1471 0.798776 0.379536
1474 0.803395 0.370691
1477 0.804801 0.382299
1480 0.808042 0.408699
1483 0.809493 0.392468
1486 0.823653 0.403144
1489 0.828263 0.497306
1492 0.830123 0.507787
1495 0.829491 0.512292
1498 0.831254 0.462941
1501 0.834957 0.559477
1504 0.837124 0.562369
1507 0.839624 0.642448
1510 0.843834 0.615776
1513 0.849072 0.596058
1516 0.844899 0.627125
1519 0.846317 0.58881
1522 0.836067 0.571797
1525 0.829605 0.592553
1528 0.827798 0.596277
1531 0.822924 0.576505
1534 0.81694 0.62108
1537 0.807333 0.574889
1540 0.803334 0.600081
1543 0.798744 0.525245
1546 0.79432 0.604278
1549 0.79229 0.598278
1552 0.766733 0.585001
1555 0.761113 0.62044
1558 0.759857 0.635665
1561 0.752123 0.609655
1564 0.756734 0.624439
1567 0.754991 0.61461
1570 0.755486 0.622478
1573 0.753318 0.61553
1576 0.755166 0.621818
1579 0.767369 0.631051
1582 0.772936 0.610105
1585 0.770987 0.620853
1588 0.769743 0.596504
1591 0.759408 0.557435
1594 0.75617 0.611361
1597 0.756065 0.584134
1600 0.75034 0.586922
1603 0.750434 0.644915
1606 0.74654 0.626027
1609 0.752431 0.632048
1612 0.752763 0.595856
1615 0.73772 0.607025
1618 0.722519 0.596099
1621 0.707499 0.53962
1624 0.703339 0.574913
1627 0.706004 0.506665
1630 0.715858 0.592594
1633 0.725107 0.59763
1636 0.716161 0.592569
1639 0.723856 0.55831
1642 0.724062 0.496337
1645 0.721647 0.584175
1648 0.709383 0.591982
1651 0.706146 0.49261
1654 0.710084 0.471846
1657 0.716397 0.578344
1660 0.723945 0.522
1663 0.730378 0.543112
1666 0.735058 0.52183
1669 0.74654 0.501722
1672 0.754967 0.469232
1675 0.748821 0.496062
1678 0.740215 0.455498
1681 0.724483 0.433867
1684 0.715153 0.535378
1687 0.703768 0.488023
1690 0.707463 0.474147
1693 0.714897 0.44703
1696 0.715218 0.575589
1699 0.716384 0.597877
1702 0.723709 0.500863
1705 0.723633 0.54135
1708 0.71072 0.524139
1711 0.69419 0.5402
1714 0.683304 0.539936
1717 0.676339 0.472774
1720 0.662689 0.511215
1723 0.655474 0.457576
1726 0.650466 0.483733
1729 0.646066 0.470647
1732 0.582574 0.465704
1735 0.545612 0.490791
1738 0.512361 0.468143
1741 0.486152 0.512418
1744 0.461134 0.473523
1747 0.445515 0.506859
1750 0.403561 0.498209
1753 0.383344 0.476716
1756 0.37676 0.504971
1759 0.368872 0.507426
1762 0.369188 0.459412
1765 0.366327 0.403667
1768 0.377036 0.478997
1771 0.375063 0.480881
1774 0.381278 0.410514
1777 0.38238 0.473815
1780 0.373742 0.449745
1783 0.370671 0.4119
1786 0.362933 0.3374
1789 0.348136 0.375837
1792 0.333685 0.365987
1795 0.319621 0.371627
1798 0.32016 0.379398
1801 0.323138 0.34635
1804 0.322271 0.38317
1807 0.320529 0.372287
1810 0.316319 0.389012
1813 0.307795 0.378162
1816 0.298634 0.38052
1819 0.292606 0.380265
1822 0.288319 0.373118
1825 0.279422 0.371036
1828 0.27025 0.379763
1831 0.262961 0.389429
1834 0.256729 0.352893
1837 0.249644 0.342322
1840 0.236731 0.365554
1843 0.22371 0.331331
1846 0.210291 0.332736
1849 0.194162 0.293356
1852 0.1733 0.256025
1855 0.161822 0.22016
1858 0.159327 0.21527
1861 0.151754 0.2113
1864 0.141917 0.188822
1867 0.143902 0.188072
1870 0.160117 0.23819
1873 0.1708 0.229491
1876 0.185386 0.236431
1879 0.207824 0.242472
1882 0.219439 0.275711
1885 0.231784 0.331472
1888 0.24731 0.362204
1891 0.272028 0.350041
1894 0.292719 0.38101
1897 0.290074 0.42187
1900 0.298703 0.437679
1903 0.328936 0.503103
1906 0.371117 0.482963
1909 0.3824 0.523556
1912 0.374662 0.407925
1915 0.373527 0.420112
1918 0.358431 0.420841
1921 0.35767 0.460469
1924 0.352844 0.428081
1927 0.335467 0.403938
1930 0.317794 0.355174
1933 0.287542 0.348716
1936 0.272125 0.317248
1939 0.260206 0.273098
1942 0.253189 0.296852
1945 0.243258 0.277615
1948 0.221586 0.280427
1951 0.188672 0.272575
1954 0.159574 0.2239
1957 0.127336 0.250993
1960 0.111 0.113998
1963 0.089462 0.174633
1966 0.0671948 0.150993
1969 0.0443603 0.122624
1972 0.0193826 0.0970871
1975 0.00716717 0.102127
1978 0.00716717 0.100608
1981 0.00737379 0.0937201
1984 0.00707397 0.0755449
1987 0.00685114 0.099299
1990 0.00696052 0.0611134
1993 0.00641764 0.0754315
1996 0.00654728 0.0740175
1999 0.00768577 0.0804635
2002 0.0289929 0.0903938
2005 0.0687667 0.0762297
2008 0.10726 0.100105
2011 0.148023 0.14656
2014 0.187825 0.170837
2017 0.222575 0.197533
2020 0.244891 0.229831
2023 0.25865 0.296739
2026 0.289968 0.316688
2029 0.318317 0.362977
2032 0.310894 0.334114
2035 0.294835 0.345086
2038 0.282048 0.323851
2041 0.279556 0.288931
2044 0.248339 0.315744
2047 0.229524 0.275201
2050 0.222766 0.247249
2053 0.199781 0.253533
2056 0.169034 0.21491
2059 0.138303 0.143206
2062 0.105494 0.182271
2065 0.0804515 0.170225
2068 0.0698403 0.149595
2071 0.062588 0.133117
2074 0.0504903 0.127579
2077 0.032854 0.11335
2080 0.0174864 0.110931
2083 0.0124787 0.123094
2086 0.0122924 0.133073
2089 0.0110445 0.0862208
2092 0.00999109 0.100146
2095 0.00958998 0.098667
2098 0.0144235 0.0689976
2101 0.0270804 0.101361
2104 0.0460294 0.113775
2107 0.0691922 0.107333
2110 0.0969208 0.108128
2113 0.128847 0.187457
2116 0.161677 0.182947
2119 0.194202 0.182805
2122 0.227218 0.198736
2125 0.265696 0.18849
2128 0.301722 0.204509
2131 0.325986 0.224159
2134 0.340528 0.263901
2137 0.34154 0.230998
2140 0.338931 0.23789
2143 0.338121 0.266417
2146 0.332744 0.303493
2149 0.32294 0.276299
2152 0.299384 0.278223
2155 0.293542 0.277048
2158 0.292813 0.271048
2161 0.287355 0.276355
2164 0.282975 0.259963
2167 0.274103 0.252949
2170 0.260234 0.175083
2173 0.243364 0.206341
2176 0.212163 0.215015
2179 0.178114 0.226773
2182 0.142347 0.206823
2185 0.118358 0.169832
2188 0.094575 0.157333
2191 0.0735354 0.119844
2194 0.0541528 0.173831
2197 0.0365124 0.127255
2200 0.0219877 0.126606
2203 0.0165586 0.177514
2206 0.0124747 0.158152
2209 0.00872295 0.106839
2212 0.00348431 0.200733
2215 0.0014545 0.145657
2218 0.0018394 0.158694
2221 0.00116279 0.126303
2224 0.00156794 0.14776
2227 0.00134511 0.105676
2230 0.00200956 0.142144
2233 0.00192853 0.114715
2236 0.00166923 0.154104
2239 0.00173811 0.131185
2242 0.00188802 0.150673
2245 0.00179888 0.13242
2248 0.00195689 0.163236
2251 0.00290495 0.180759
2254 0.00358965 0.115789
2257 0.00292521 0.125626
2260 0.00426221 0.120274
2263 0.00583422 0.202342
2266 0.00962646 0.0915284
2269 0.0292562 0.0955231
2272 0.0464589 0.117361
2275 0.0603516 0.159404
2278 0.0683454 0.113346
2281 0.075229 0.143453
2284 0.0799085 0.134997
2287 0.0850822 0.198367
2290 0.087975 0.154643
2293 0.0891783 0.177583
2296 0.0895916 0.17753
2299 0.0959403 0.185763
2302 0.102261 0.186123
2305 0.104769 0.204283
2308 0.102281 0.205157
2311 0.091593 0.184819
2314 0.0782473 0.17736
2317 0.0688762 0.167656
2320 0.0568957 0.154234
2323 0.053148 0.153278
2326 0.0486306 0.151771
2329 0.0462686 0.125002
2332 0.041119 0.161584
2335 0.0319828 0.162134
2338 0.0276112 0.153768
2341 0.0245158 0.13289
2344 0.0204927 0.153225
2347 0.015882 0.14214
2350 0.0132809 0.105773
2353 0.0136496 0.10739
2356 0.0114051 0.144745
2359 0.0100964 0.0992788
2362 0.0104611 0.138101
2365 0.0130905 0.0768293
2368 0.0136861 0.11743
2371 0.0137307 0.0738392
2374 0.0159468 0.092205
2377 0.0140305 0.108642
2380 0.0129082 0.102702
2383 0.0138157 0.110048
2386 0.037667 0.139187
2389 0.0567823 0.141062
2392 0.0633377 0.207033
2395 0.067523 0.194502
2398 0.0687666 0.189466
2401 0.0686614 0.16561
2404 0.0708532 0.156401
2407 0.0757799 0.134531
2410 0.0781622 0.174897
2413 0.07217 0.168029
2416 0.0599465 0.174013
2419 0.0519245 0.23599
2422 0.0362895 0.203881
2425 0.0215136 0.188096
2428 0.0102747 0.145195
2431 0.00369095 0.0900979
2434 0.0189896 0.120294
2437 0.0310267 0.183668
2440 0.0361357 0.144036
2443 0.0409691 0.110765
2446 0.0449518 0.107982
2449 0.0488453 0.124176
2452 0.0505713 0.115578
2455 0.0511709 0.126619
2458 0.0504943 0.129078
2461 0.0584394 0.170201
2464 0.0472287 0.118953
2467 0.03396 0.1708
2470 0.022571 0.134819
2473 0.0160157 0.176963
2476 0.0112552 0.118151
2479 0.00760069 0.118167
2482 0.00911596 0.108609
2485 0.0104813 0.0741634
2488 0.0120736 0.16711
2491 0.013366 0.112272
2494 0.0145207 0.0927154
2497 0.0151446 0.0654808
2500 0.0164897 0.08082
2503 0.016899 0.10737
2506 0.0182967 0.111628
2509 0.0254923 0.104428
2512 0.0417834 0.152378
2515 0.0541204 0.154951
2518 0.0548171 0.182197
2521 0.0587634 0.191212
2524 0.0633052 0.211255
2527 0.0673082 0.187991
2530 0.0716636 0.179759
2533 0.0744066 0.178077
2536 0.0784338 0.206235
2539 0.0815575 0.190645
2542 0.0826917 0.173625
2545 0.0857021 0.251957
2548 0.0851228 0.234426
2551 0.0743172 0.201086
2554 0.0686289 0.266555
2557 0.051572 0.206377
2560 0.0357062 0.16168
2563 0.0219876 0.175715
2566 0.00939147 0.142857
2569 0.00155984 0.0731222
2572 0.000534802 0.0828863
2575 0.000530752 0.116575
2578 0.000538855 0.122401
2581 0.000542907 0.102739
2584 0.000514546 0.104416
2587 0.000704967 0.160684
2590 0.00060368 0.136772
2593 0.000615834 0.133113
2596 0.000660401 0.118374
2599 0.000555061 0.126161
2602 0.0005267 0.11668
2605 0.000530752 0.137566
2608 0.000591524 0.125034
2611 0.000822462 0.200822
2614 0.000704968 0.148922
2617 0.000709019 0.139389
2620 0.000656349 0.13802
2623 0.000688762 0.117345
2626 0.0123329 0.107074
2629 0.0250182 0.130228
2632 0.032388 0.121189
2635 0.0375497 0.118584
2638 0.0495017 0.176173
2641 0.0710273 0.156896
2644 0.0958473 0.166713
2647 0.120813 0.213852
2650 0.138542 0.257803
2653 0.150985 0.267037
2656 0.1582 0.291516
2659 0.16984 0.294308
2662 0.17802 0.311032
2665 0.169508 0.311997
2668 0.161766 0.304582
2671 0.154744 0.304647
2674 0.159391 0.2695
2677 0.16239 0.258261
2680 0.154732 0.265351
2683 0.138842 0.248622
2686 0.13142 0.239028
2689 0.119447 0.216619
2692 0.11102 0.225168
2695 0.0971843 0.195904
2698 0.0780893 0.163678
2701 0.0647921 0.16508
2704 0.0500121 0.130022
2707 0.0420428 0.130131
2710 0.0425005 0.13975
2713 0.0432096 0.178713
2716 0.0452516 0.137918
2719 0.0459891 0.127777
2722 0.0446844 0.120343
2725 0.0459931 0.110623
2728 0.0522202 0.10425
2731 0.0655214 0.107443
2734 0.0751682 0.116336
2737 0.0808444 0.138113
2740 0.0845434 0.144449
2743 0.0862857 0.153817
2746 0.0884207 0.137375
2749 0.0944048 0.148797
2752 0.0962849 0.172284
2755 0.0986712 0.159712
2758 0.100588 0.167004
2761 0.102281 0.180386
2764 0.104242 0.180759
2767 0.106624 0.172904
2770 0.107694 0.188506
2773 0.109704 0.176935
2776 0.10991 0.196325
2779 0.111697 0.171315
2782 0.115327 0.198465
2785 0.116907 0.188291
2788 0.117029 0.21064
2791 0.118977 0.186237
2794 0.119322 0.182489
2797 0.119212 0.196447
2800 0.120189 0.190904
2803 0.120477 0.186136
2806 0.121789 0.185463
2809 0.12247 0.170339
2812 0.121558 0.202824
2815 0.123017 0.128997
2818 0.123211 0.124763
2821 0.124086 0.130893
2824 0.124159 0.137323
2827 0.123831 0.154489
2830 0.123361 0.120161
2833 0.123973 0.112916
2836 0.124641 0.21538
2839 0.12484 0.138935
2842 0.124974 0.105304
2845 0.123957 0.110838
2848 0.12439 0.127247
2851 0.130998 0.104436
2854 0.136448 0.0854671
2857 0.132578 0.103553
2860 0.128502 0.0613363
2863 0.123795 0.129904
2866 0.125488 0.100069
2869 0.126858 0.0789807
2872 0.12815 0.100065
2875 0.127425 0.0745159
2878 0.126704 0.0655659
2881 0.13016 0.0669354
2884 0.133838 0.0963091
2887 0.135236 0.153176
2890 0.13759 0.101941
2893 0.137189 0.0805485
2896 0.135601 0.0791954
2899 0.13663 0.103545
2902 0.13729 0.107204
2905 0.136346 0.106531
2908 0.137995 0.0744714
2911 0.137979 0.115829
2914 0.138364 0.119767
2917 0.138182 0.118832
2920 0.136982 0.0972652
2923 0.138234 0.106936
2926 0.137643 0.113382
2929 0.137963 0.108176
2932 0.141674 0.114261
2935 0.143445 0.115979
2938 0.143558 0.125067
2941 0.148866 0.107848
2944 0.158399 0.12204
2947 0.171882 0.118317
2950 0.185435 0.107771
2953 0.198594 0.103768
2956 0.211709 0.127251
2959 0.227328 0.10752
2962 0.2469 0.170849
2965 0.261992 0.168366
2968 0.277846 0.211429
2971 0.295892 0.161831
2974 0.314857 0.185864
2977 0.329917 0.220622
2980 0.340491 0.242772
2983 0.355883 0.200348
2986 0.378219 0.25814
2989 0.385528 0.246698
2992 0.403359 0.23001
2995 0.420712 0.27283
2998 0.441403 0.270067
3001 0.466737 0.286197
3004 0.490544 0.289089
3007 0.512467 0.30113
3010 0.531027 0.297379
3013 0.561717 0.345276
3016 0.590758 0.309902
3019 0.613091 0.304987
3022 0.626489 0.308532
3025 0.639956 0.246346
3028 0.647273 0.235418
3031 0.663755 0.186654
3034 0.673118 0.190957
3037 0.694441 0.215169
3040 0.680642 0.172057
3043 0.656547 0.15615
3046 0.651657 0.17832
3049 0.648979 0.145033
3052 0.644802 0.163954
3055 0.64156 0.148525
3058 0.643817 0.156495
3061 0.649984 0.241784
3064 0.654173 0.174455
3067 0.657228 0.183782
3070 0.662102 0.181476
3073 0.661928 0.212227
3076 0.658614 0.207195
3079 0.657204 0.209059
3082 0.663787 0.182797
3085 0.66999 0.166567
3088 0.685269 0.224605
3091 0.681809 0.195543
3094 0.677769 0.186091
3097 0.673321 0.194081
3100 0.669755 0.142278
3103 0.668605 0.154274
3106 0.665931 0.142586
3109 0.66397 0.150462
3112 0.660396 0.170181
3115 0.659278 0.147018
3118 0.655117 0.143052
3121 0.655692 0.160578
3124 0.656138 0.127895
3127 0.660441 0.0926383
3130 0.664865 0.0981242
3133 0.664662 0.120971
3136 0.671096 0.153865
3139 0.67016 0.0845514
3142 0.67031 0.115582
3145 0.666907 0.0820557
3148 0.664824 0.0954176
3151 0.663508 0.115173
3154 0.662929 0.0848068
3157 0.663034 0.117191
3160 0.662333 0.081991
3163 0.661486 0.195677
3166 0.660858 0.129568
3169 0.658055 0.113686
3172 0.658261 0.160181
3175 0.656896 0.128823
3178 0.657957 0.101649
3181 0.661247 0.102937
3184 0.662998 0.106491
3187 0.669472 0.21553
3190 0.666392 0.142476
3193 0.666303 0.129775
3196 0.665813 0.123766
3199 0.664176 0.121923
3202 0.663528 0.097557
3205 0.663338 0.0985375
3208 0.661624 0.120801
3211 0.658399 0.206138
3214 0.661288 0.128596
3217 0.661186 0.127502
3220 0.660664 0.113747
3223 0.659359 0.0633538
3226 0.658691 0.0798111
3229 0.658079 0.0763916
3232 0.655635 0.0857994
3235 0.654943 0.0799975
3238 0.655036 0.169776
3241 0.653602 0.0711532
3244 0.652994 0.0595576
3247 0.652115 0.100077
3250 0.651657 0.0674904
3253 0.651215 0.106839
3256 0.649959 0.0381736
3259 0.651187 0.0553602
3262 0.65047 0.198513
3265 0.652528 0.0957863
3268 0.651588 0.0623734
3271 0.653407 0.0532453
3274 0.654797 0.066664
3277 0.658346 0.0513573
3280 0.658942 0.0855846
3283 0.659181 0.0341868
3286 0.675622 0.17858
3289 0.67394 0.0887085
3292 0.674078 0.0686046
3295 0.675184 0.0359655
3298 0.673009 0.0726927
3301 0.671011 0.0761932
3304 0.670724 0.0567012
3307 0.670525 0.0784013
3310 0.670331 0.0684467
3313 0.668455 0.181878
3316 0.667191 0.105486
3319 0.665234 0.090888
3322 0.664561 0.0757353
3325 0.664282 0.122656
3328 0.663512 0.0874887
3331 0.661786 0.0748804
3334 0.660575 0.0736328
3337 0.650434 0.110412
3340 0.649469 0.108407
3343 0.649295 0.0778583
3346 0.647768 0.0833441
3349 0.645446 0.0826188
3352 0.645426 0.087493
3355 0.646208 0.0842598
3358 0.648505 0.0954906
3361 0.654489 0.18191
3364 0.654283 0.0964387
3367 0.652006 0.0838018
3370 0.649089 0.0671218
3373 0.649129 0.0812496
3376 0.649716 0.0437242
3379 0.65043 0.0522162
3382 0.650511 0.0476298
3385 0.650685 0.0422494
3388 0.651069 0.208691
3391 0.65188 0.0938579
3394 0.653043 0.0455352
3397 0.653663 0.0470991
3400 0.655899 0.0362653
3403 0.65756 0.0405073
3406 0.657584 0.0595089
3409 0.6563 0.0575845
3412 0.651568 0.222336
3415 0.65 0.0742484
3418 0.648566 0.0796533
3421 0.647853 0.0791185
3424 0.647346 0.113658
3427 0.647488 0.0788551
3430 0.647731 0.0648489
3433 0.651333 0.0876753
3436 0.688177 0.264853
3439 0.688842 0.150733
3442 0.690556 0.100774
3445 0.697881 0.0669233
3448 0.706013 0.0522688
3451 0.709128 0.0997649
3454 0.710003 0.0929059
3457 0.710595 0.0428855
3460 0.710761 0.0697999
3463 0.706944 0.191792
3466 0.706726 0.0899279
3469 0.706417 0.0924883
3472 0.70483 0.0792561
3475 0.705794 0.0581679
3478 0.707431 0.0813061
3481 0.709197 0.0648571
3484 0.710627 0.0525808
3487 0.706215 0.188635
3490 0.709817 0.137315
3493 0.711413 0.106397
3496 0.715732 0.142472
3499 0.716263 0.120322
3502 0.717122 0.131108
3505 0.717608 0.077668
3508 0.717515 0.048744
3511 0.72247 0.243522
3514 0.723697 0.0956973
3517 0.72497 0.153452
3520 0.724386 0.115761
3523 0.725095 0.107264
3526 0.725569 0.0899563
3529 0.725051 0.065485
3532 0.725265 0.0929989
3535 0.725298 0.0499271
3538 0.716437 0.244916
3541 0.717223 0.165299
3544 0.717774 0.0775222
3547 0.717162 0.0908639
3550 0.717397 0.0838992
3553 0.716222 0.0648327
3556 0.718357 0.0709424
3559 0.71747 0.0734624
3562 0.70594 0.142788
3565 0.705822 0.0718012
3568 0.70643 0.0991046
3571 0.709148 0.148266
3574 0.708585 0.125488
3577 0.71147 0.0883841
3580 0.711778 0.0736285
3583 0.71288 0.079722
3586 0.709821 0.214172
3589 0.709473 0.0929016
3592 0.712779 0.107293
3595 0.706341 0.170861
3598 0.705344 0.0854063
3601 0.7072 0.0689449
3604 0.706401 0.0730331
3607 0.706276 0.133498
3610 0.705737 0.0535329
3613 0.706697 0.0540151
3616 0.707094 0.0745604
3619 0.708606 0.0501135
3622 0.702395 0.148687
3625 0.704364 0.135435
3628 0.70357 0.0733814
3631 0.702362 0.129572
3634 0.703801 0.085759
3637 0.708925 0.0633012
3640 0.713475 0.0628718
3643 0.713812 0.0762094
3646 0.710891 0.233842
3649 0.713593 0.134284
3652 0.712933 0.107544
3655 0.713755 0.100174
3658 0.716842 0.0679645
3661 0.716842 0.137761
3664 0.718795 0.103395
3667 0.720995 0.0799043
3670 0.71286 0.262252
3673 0.715444 0.110575
3676 0.71662 0.118548
3679 0.717114 0.105433
3682 0.717199 0.0482498
3685 0.716737 0.0603679
3688 0.71606 0.0603638
3691 0.715651 0.0319869
3694 0.715618 0.0287416
3697 0.708654 0.205526
3700 0.70679 0.09889
3703 0.705664 0.133044
3706 0.703991 0.117328
3709 0.703298 0.0940726
3712 0.703221 0.0820396
3715 0.703654 0.0801961
3718 0.703614 0.0995543
3721 0.694056 0.221052
3724 0.692464 0.118953
3727 0.69024 0.0958918
3730 0.689932 0.128964
3733 0.689604 0.118309
3736 0.689425 0.0891054
3739 0.692448 0.0897172
3742 0.693116 0.122409
3745 0.684365 0.21681
3748 0.68503 0.12676
3751 0.684819 0.132603
3754 0.684624 0.106871
3757 0.684665 0.125995
3760 0.683012 0.103253
3763 0.681995 0.0457337
3766 0.680565 0.0844989
3769 0.678341 0.0805201
3772 0.679414 0.176623
3775 0.682684 0.067142
3778 0.682485 0.0738919
3781 0.682579 0.0618224
3784 0.678964 0.0911638
3787 0.679418 0.0692854
3790 0.679102 0.0592943
3793 0.678956 0.0679564
3796 0.671218 0.236144
3799 0.670136 0.151187
3802 0.667701 0.152873
3805 0.665979 0.139883
3808 0.66478 0.11386
3811 0.699441 0.141459
3814 0.719301 0.149757
3817 0.744482 0.153318
3820 0.787918 0.257912
3823 0.790147 0.135593
3826 0.791674 0.0909285
3829 0.793793 0.0670772
3832 0.795608 0.0785714
3835 0.79675 0.0761851
3838 0.797371 0.0929219
3841 0.797435 0.0765579
3844 0.797739 0.0584232
3847 0.798335 0.217827
3850 0.798035 0.134004
3853 0.796795 0.09543
3856 0.795483 0.0638765
3859 0.794547 0.0639251
3862 0.794547 0.0674986
3865 0.794863 0.0917308
3868 0.794843 0.0929098
3871 0.793979 0.121368
3874 0.794668 0.134118
3877 0.795102 0.0909449
3880 0.795069 0.0591078
3883 0.794741 0.0725022
3886 0.794936 0.0607974
3889 0.794697 0.0551819
3892 0.794393 0.041901
3895 0.792185 0.116769
3898 0.792257 0.0581354
3901 0.792375 0.0814804
3904 0.792237 0.0776275
3907 0.792201 0.0576534
3910 0.791455 0.0733449
3913 0.791297 0.0757921
3916 0.791265 0.0625355
3919 0.789089 0.0525403
3922 0.790726 0.166717
3925 0.79167 0.0504862
3928 0.791552 0.0784418
3931 0.790807 0.0554533
3934 0.790321 0.0700025
3937 0.791792 0.110433
3940 0.792525 0.0447695
3943 0.792792 0.0408152
3946 0.792999 0.210562
3949 0.792821 0.114841
3952 0.792509 0.0655498
3955 0.792748 0.0954583
3958 0.793149 0.0612308
3961 0.793473 0.0622924
3964 0.792699 0.0517584
3967 0.79321 0.048112
3970 0.797083 0.204825
3973 0.79703 0.148067
3976 0.79652 0.0997691
3979 0.796171 0.0616522
3982 0.793339 0.0856576
3985 0.792225 0.0904626
3988 0.791699 0.0714083
3991 0.794352 0.0667734
3994 0.794303 0.0848755
3997 0.795381 0.194778
4000 0.795329 0.128928
4003 0.793874 0.115752
4006 0.793226 0.0831416
4009 0.792963 0.104493
4012 0.793173 0.0740823
4015 0.793728 0.0412446
4018 0.794494 0.0647962
4021 0.79573 0.127996
4024 0.795507 0.11446
4027 0.795576 0.0857995
4030 0.79526 0.0754963
4033 0.795264 0.0715703
4036 0.795345 0.100065
4039 0.795341 0.061243
4042 0.793927 0.069974
4045 0.782858 0.309258
4048 0.781035 0.148254
4051 0.783158 0.0807511
4054 0.784783 0.12388
4057 0.782323 0.133887
4060 0.780723 0.106612
4063 0.785504 0.0778866
4066 0.788684 0.0286444
4069 0.79056 0.0537922
4072 0.793838 0.218657
4075 0.794178 0.0634064
4078 0.794093 0.0900413
4081 0.79389 0.0874847
4084 0.793866 0.0696904
4087 0.793979 0.0999433
4090 0.793663 0.0647232
4093 0.795414 0.221084
4096 0.795175 0.1434
4099 0.794903 0.136711
4102 0.793538 0.139859
4105 0.79184 0.169111
4108 0.791512 0.117657
4111 0.793262 0.125022
4114 0.793635 0.111563
4117 0.794304 0.0715867
4120 0.793963 0.185264
4123 0.793862 0.106661
4126 0.792991 0.110161
4129 0.792829 0.125683
4132 0.792225 0.199015
4135 0.79103 0.175346
4138 0.789851 0.221647
4141 0.789474 0.229062
4144 0.788769 0.266866
4147 0.787165 0.238534
4150 0.786423 0.172316
4153 0.784932 0.152273
4156 0.784041 0.239713
4159 0.782639 0.242764
4162 0.783263 0.237489
4165 0.784774 0.281602
4168 0.784511 0.339579
4171 0.794186 0.362523
4174 0.788485 0.324431
4177 0.792719 0.296435
4180 0.79338 0.290791
4183 0.797382 0.230301
4186 0.800952 0.224694
4189 0.804145 0.291322
4192 0.807325 0.279823
4195 0.805121 0.346123
4198 0.807167 0.269606
4201 0.806616 0.373139
4204 0.806122 0.427935
4207 0.808334 0.45506
4210 0.808095 0.476898
4213 0.810502 0.486079
4216 0.815424 0.56984
4219 0.81935 0.592837
4222 0.818775 0.600737
4225 0.820088 0.488712
4228 0.826416 0.550016
4231 0.833543 0.504862
4234 0.840746 0.521801
4237 0.845507 0.422186
4240 0.849842 0.385265
4243 0.841022 0.483093
4246 0.83471 0.561806
4249 0.817215 0.564245
4252 0.79902 0.610473
4255 0.760019 0.556263
4258 0.753039 0.57471
4261 0.721112 0.557698
4264 0.72266 0.542237
4267 0.726278 0.591139
4270 0.728583 0.585504
4273 0.746925 0.485277
4276 0.754359 0.536334
4279 0.759566 0.515145
4282 0.766907 0.538076
4285 0.760587 0.559821
4288 0.758123 0.558699
4291 0.75645 0.546224
4294 0.72108 0.545811
4297 0.709715 0.585455
4300 0.710672 0.557508
4303 0.705555 0.60598
4306 0.694733 0.582935
4309 0.691577 0.632493
4312 0.695402 0.641054
4315 0.698513 0.683073
4318 0.677704 0.694522
4321 0.659331 0.674018
4324 0.641074 0.615339
4327 0.635293 0.641723
4330 0.61414 0.56824
4333 0.608075 0.669192
4336 0.607301 0.657678
4339 0.604724 0.655077
4342 0.608217 0.664063
4345 0.604935 0.598712
4348 0.611012 0.602176
4351 0.616575 0.612933
4354 0.616518 0.646727
4357 0.614468 0.623462
4360 0.611656 0.585447
4363 0.607666 0.571615
4366 0.607001 0.602937
4369 0.596824 0.543826
4372 0.601402 0.589045
4375 0.597314 0.547517
4378 0.594032 0.558885
4381 0.589762 0.521445
4384 0.590673 0.417701
4387 0.590374 0.506102
4390 0.581821 0.517989
4393 0.5723 0.533178
4396 0.55081 0.547168
4399 0.52625 0.51843
4402 0.510639 0.541257
4405 0.494612 0.525634
4408 0.472612 0.505867
4411 0.459934 0.490977
4414 0.461668 0.511357
4417 0.475788 0.453606
4420 0.485463 0.476651
4423 0.501207 0.447172
4426 0.508622 0.471283
4429 0.494474 0.479029
4432 0.481987 0.437983
4435 0.473098 0.469087
4438 0.462872 0.542172
4441 0.459294 0.555056
4444 0.466141 0.569816
4447 0.479742 0.574431
4450 0.485613 0.551548
4453 0.483741 0.580788
4456 0.486496 0.598659
4459 0.48409 0.533279
4462 0.478527 0.585184
4465 0.476849 0.532489
4468 0.48172 0.551706
4471 0.496888 0.530058
4474 0.516846 0.525152
4477 0.512519 0.500855
4480 0.490317 0.490811
4483 0.467863 0.495612
4486 0.458205 0.45959
4489 0.442266 0.463557
4492 0.444157 0.49823
4495 0.441893 0.467016
4498 0.460368 0.404992
4501 0.482254 0.490426
4504 0.523118 0.480476
4507 0.557929 0.491285
4510 0.597217 0.479499
4513 0.63428 0.513139
4516 0.660894 0.491014
4519 0.672429 0.498497
4522 0.673758 0.509785
4525 0.70867 0.507325
4528 0.721408 0.490933
4531 0.766636 0.499036
4534 0.777522 0.485723
4537 0.779345 0.491828
4540 0.765558 0.453387
4543 0.757759 0.42766
4546 0.733113 0.480366
4549 0.718285 0.471615
4552 0.704676 0.490341
4555 0.697407 0.498075
4558 0.615546 0.561267
4561 0.598695 0.530062
4564 0.596775 0.537914
4567 0.555988 0.533972
4570 0.564918 0.551544
4573 0.532149 0.558245
4576 0.523134 0.49528
4579 0.507807 0.521927
4582 0.483839 0.510663
4585 0.479337 0.513617
4588 0.472964 0.484292
4591 0.471121 0.483142
4594 0.494425 0.507346
4597 0.501479 0.513556
4600 0.497727 0.501041
4603 0.489778 0.468021
4606 0.488935 0.482344
4609 0.481882 0.466409
4612 0.47704 0.439166
4615 0.45564 0.427546
4618 0.442622 0.423462
4621 0.430038 0.405101
4624 0.383518 0.390965
4627 0.360789 0.375423
4630 0.357005 0.405656
4633 0.372255 0.404206
4636 0.381699 0.389036
4639 0.397707 0.381006
4642 0.412187 0.406936
4645 0.425043 0.438279
4648 0.431351 0.424978
4651 0.446962 0.403505
4654 0.455016 0.415165
4657 0.459436 0.426922
4660 0.436322 0.441654
4663 0.427753 0.431245
4666 0.416652 0.394871
4669 0.405737 0.37907
4672 0.386018 0.381695
4675 0.361867 0.363953
4678 0.311835 0.384653
4681 0.273864 0.3362
4684 0.261466 0.361826
4687 0.253209 0.355919
4690 0.269946 0.364168
4693 0.278717 0.361989
4696 0.280277 0.378604
4699 0.286099 0.369439
4702 0.293068 0.40004
4705 0.296305 0.383498
4708 0.296119 0.411117
4711 0.313362 0.38881
4714 0.34026 0.421603
4717 0.357459 0.427789
4720 0.40329 0.443141
4723 0.408666 0.43274
4726 0.417369 0.449315
4729 0.426939 0.449538
4732 0.412187 0.382603
4735 0.404286 0.467109
4738 0.39011 0.419954
4741 0.371011 0.459598
4744 0.360174 0.406458
4747 0.337955 0.381011
4750 0.313641 0.383919
4753 0.286598 0.386719
4756 0.25737 0.333243
4759 0.234661 0.352026
4762 0.208245 0.348995
4765 0.186743 0.340588
4768 0.164488 0.35156
4771 0.149153 0.258577
4774 0.1308 0.223017
4777 0.105186 0.252362
4780 0.0874524 0.233684
4783 0.0698688 0.205004
4786 0.0494976 0.187991
4789 0.0316101 0.194644
4792 0.0166721 0.14483
4795 0.00711855 0.174532
4798 0.000320072 0.109298
4801 0.000299814 0.124074
4804 0.000251195 0.159456
4807 0.000194474 0.13633
4810 0.000153958 0.133988
4813 0.000117495 0.144583
4816 9.31853e-05 0.165412
4819 8.91338e-05 0.143473
4822 0.000174216 0.216806
4825 0.000125598 0.126323
4828 0.00010534 0.10359
4831 4.86185e-05 0.152346
4834 0.000769793 0.180565
4837 0.000704967 0.106329
4840 0.000960213 0.109675
4843 0.00122356 0.124771
4846 0.00134106 0.122725
4849 0.00135726 0.0966169
4852 0.00137752 0.0978284
4855 0.00175837 0.104031
4858 0.00164898 0.16318
4861 0.00174622 0.0975893
4864 0.00121951 0.120602
4867 0.00084677 0.107183
4870 0.000858925 0.0665749
4873 0.000478082 0.133117
4876 0.000700915 0.128734
4879 0.000575318 0.116867
4882 0.000522649 0.188478
4885 0.000559113 0.15771
4888 0.000433514 0.0783646
4891 0.000506441 0.0975044
4894 0.000583421 0.112094
4897 0.00183535 0.0998704
4900 0.00408801 0.0899441
4903 0.00721174 0.0870474
4906 0.00827324 0.0921443
4909 0.00617454 0.199639
4912 0.00364639 0.110473
4915 0.00144235 0.089628
4918 0.0152216 0.0820073
4921 0.0275545 0.142861
4924 0.033729 0.142237
4927 0.0492423 0.132911
4930 0.0719553 0.136217
4933 0.0845233 0.15771
4936 0.0918888 0.139296
4939 0.0975367 0.171732
4942 0.102427 0.159659
4945 0.111717 0.176444
4948 0.116486 0.204145
4951 0.10707 0.227688
4954 0.0986995 0.22642
4957 0.0903288 0.190811
4960 0.0865124 0.204692
4963 0.0760149 0.205765
4966 0.0633497 0.231549
4969 0.0644519 0.208703
4972 0.0668018 0.155721
4975 0.0748036 0.217661
4978 0.0782269 0.210558
4981 0.0745564 0.189734
4984 0.0771169 0.226926
4987 0.0819828 0.169468
4990 0.0853618 0.199644
4993 0.0884005 0.17121
4996 0.0919941 0.21196
4999 0.0974515 0.225768
5002 0.0899277 0.245787
5005 0.0869055 0.246872
5008 0.0854713 0.221757
5011 0.0724658 0.188992
5014 0.0556316 0.183636
5017 0.0409853 0.155696
5020 0.0271575 0.112722
5023 0.0231666 0.135269
5026 0.0163723 0.146471
5029 0.00980877 0.136537
5032 0.011166 0.0977109
5035 0.012422 0.129754
5038 0.0138319 0.0986062
5041 0.0148853 0.086318
5044 0.0176931 0.0703387
5047 0.0304554 0.0828255
5050 0.0488656 0.0951827
5053 0.0716797 0.122284
5056 0.0916741 0.133364
5059 0.117928 0.200219
5062 0.141848 0.145361
5065 0.168374 0.175982
5068 0.190025 0.177028
5071 0.208293 0.202532
5074 0.223106 0.207058
5077 0.230796 0.198335
5080 0.223637 0.212973
5083 0.213686 0.228081
5086 0.199895 0.227117
5089 0.179714 0.235933
5092 0.158715 0.265501
5095 0.154882 0.230601
5098 0.14669 0.231343
5101 0.127518 0.213204
5104 0.109959 0.214476
5107 0.0908963 0.18001
5110 0.0796208 0.177234
5113 0.0694108 0.141727
5116 0.0607204 0.187894
5119 0.0462078 0.162001
5122 0.0277409 0.180715
5125 0.00824082 0.183672
5128 0.000283607 0.154128
5131 0.00167734 0.135824
5134 0.0010615 0.158038
5137 0.000174216 0.166368
5140 0.000121546 0.109724
5143 8.50823e-05 0.134065
5146 7.69793e-05 0.137489
5149 6.88761e-05 0.0931975
5152 5.67215e-05 0.118382
5155 5.26699e-05 0.118811
5158 5.67214e-05 0.091419
5161 0.000234989 0.218949
5164 0.000121546 0.145851
5167 8.50822e-05 0.12469
5170 5.67215e-05 0.136877
5173 5.267e-05 0.150523
5176 5.267e-05 0.114857
5179 6.48246e-05 0.174354
5182 4.45668e-05 0.134434
5185 0.000113443 0.215874
5188 9.7237e-05 0.150762
5191 4.45669e-05 0.143834
5194 8.10308e-06 0.105324
5197 1.21546e-05 0.209213
5200 0 0.144401
5203 0 0.133134
5206 0 0.158289
5209 0 0.162195
5212 0 0.149562
5215 0 0.129795
5218 0.000206628 0.228997
5221 0.000133701 0.14152
5224 6.88761e-05 0.133202
5227 6.88761e-05 0.167924
5230 4.86185e-05 0.203849
5233 5.26699e-05 0.161567
5236 4.05154e-05 0.153168
5239 3.64638e-05 0.13178
5242 3.64638e-05 0.12057
5245 8.10307e-05 0.196086
5248 5.67215e-05 0.145649
5251 9.72368e-05 0.1783
5254 3.64639e-05 0.13428
5257 0.0122194 0.130046
5260 0.0289887 0.146192
5263 0.0402115 0.130848
5266 0.0457499 0.137858
5269 0.0507658 0.175829
5272 0.053541 0.158452
5275 0.0570983 0.17546
5278 0.0598655 0.117867
5281 0.0620899 0.142614
5284 3.64638e-05 0.214606
5287 0.0673324 0.157994
5290 0.0828498 0.12529
5293 0.105879 0.145742
5296 0.125075 0.194652
5299 0.138858 0.198229
5302 0.149328 0.186962
5305 0.160959 0.189798
5308 0.168532 0.177303
5311 0.173049 0.179917
5314 0.173645 0.194684
5317 0.171218 0.155611
5320 0.167608 0.197678
5323 0.162685 0.169026
5326 0.158439 0.142035
5329 0.160651 0.111243
5332 0.168276 0.128239
5335 0.173872 0.133778
5338 0.179199 0.154554
5341 0.182979 0.149793
5344 0.188364 0.142108
5347 0.192553 0.1648
5350 0.195021 0.14558
5353 0.208358 0.150198
5356 0.225679 0.162665
5359 0.240122 0.185362
5362 0.24996 0.186593
5365 0.247954 0.193534
5368 0.245438 0.203825
5371 0.245653 0.185232
5374 0.247391 0.190126
5377 0.251398 0.188619
5380 0.254838 0.175861
5383 0.256231 0.189774
5386 0.26732 0.212928
5389 0.281517 0.212487
5392 0.291196 0.234564
5395 0.29733 0.206965
5398 0.29981 0.20784
5401 0.296706 0.213723
5404 0.292889 0.197176
5407 0.292638 0.198059
5410 0.296621 0.129746
5413 0.298335 0.148298
5416 0.302228 0.167649
5419 0.317774 0.173612
5422 0.332372 0.19814
5425 0.342423 0.170598
5428 0.347865 0.191698
5431 0.356896 0.17108
5434 0.362766 0.195158
5437 0.372077 0.233174
5440 0.385893 0.255555
5443 0.396418 0.250575
5446 0.402808 0.294948
5449 0.411263 0.288907
5452 0.414525 0.281736
5455 0.412613 0.264391
5458 0.410955 0.229495
5461 0.407832 0.230698
5464 0.404797 0.230853
5467 0.401345 0.205137
5470 0.403857 0.238899
5473 0.401086 0.193266
5476 0.4003 0.188149
5479 0.409104 0.166474
5482 0.423718 0.149964
5485 0.438242 0.144247
5488 0.452265 0.147614
5491 0.467057 0.15397
5494 0.478948 0.167381
5497 0.492403 0.225277
5500 0.50045 0.18133
5503 0.514314 0.176687
5506 0.522696 0.176003
5509 0.532817 0.177705
5512 0.538218 0.184908
5515 0.539259 0.196418
5518 0.540831 0.15254
5521 0.552609 0.232793
5524 0.560878 0.18283
5527 0.570497 0.175666
5530 0.594206 0.166097
5533 0.609809 0.165367
5536 0.621392 0.19968
5539 0.632441 0.155093
5542 0.639446 0.13007
5545 0.65282 0.210291
5548 0.657114 0.273426
5551 0.661717 0.181801
5554 0.669156 0.186112
5557 0.675857 0.177076
5560 0.682177 0.159436
5563 0.687457 0.151207
5566 0.691135 0.192363
5569 0.69184 0.176234
5572 0.690471 0.245337
5575 0.690114 0.193266
5578 0.690151 0.230228
5581 0.691626 0.234381
5584 0.690686 0.224147
5587 0.692233 0.206806
5590 0.695418 0.246025
5593 0.695572 0.194194
5596 0.703314 0.20739
5599 0.701045 0.188996
5602 0.699388 0.136022
5605 0.699684 0.126991
5608 0.700527 0.0942509
5611 0.69987 0.0937242
5614 0.699684 0.0937121
5617 0.69983 0.132874
5620 0.71002 0.177716
5623 0.709351 0.16918
5626 0.70957 0.206073
5629 0.70675 0.154817
5632 0.703436 0.150701
5635 0.70156 0.153509
5638 0.707511 0.108768
5641 0.714529 0.128203
5644 0.745089 0.163795
5647 0.787837 0.215708
5650 0.790122 0.126995
5653 0.787675 0.205761
5656 0.786249 0.183927
5659 0.783041 0.169889
5662 0.784479 0.149595
5665 0.784215 0.153582
5668 0.784304 0.137724
5671 0.78445 0.242654
5674 0.785682 0.136176
5677 0.785192 0.170161
5680 0.786192 0.158938
5683 0.785868 0.13353
5686 0.784179 0.0803905
5689 0.784122 0.141322
5692 0.784434 0.122344
5695 0.78507 0.152496
5698 0.785852 0.223053
5701 0.783932 0.131566
5704 0.78208 0.134636
5707 0.782108 0.151053
5710 0.779665 0.100089
5713 0.774905 0.085058
5716 0.774354 0.139515
5719 0.773823 0.106948
5722 0.770557 0.216534
5725 0.770197 0.186197
5728 0.770533 0.140706
5731 0.770327 0.11758
5734 0.769925 0.155636
5737 0.769913 0.119362
