frame_number static_density dynamic_density
1 0.0700995 0.120258
4 0.068872 0.112697
7 0.0775017 0.113216
10 0.0860465 0.142857
13 0.0905155 0.117681
16 0.094405 0.132129
19 0.097091 0.101766
22 0.0997893 0.176059
25 0.102824 0.0754881
28 0.107649 0.100984
31 0.110684 0.0980713
34 0.112333 0.103407
37 0.113641 0.0918603
40 0.11493 0.102143
43 0.116303 0.11339
46 0.117381 0.116097
49 0.118208 0.0754801
52 0.120926 0.0767198
55 0.12766 0.0691556
58 0.132603 0.057625
61 0.135078 0.086079
64 0.130646 0.0800178
67 0.126692 0.0418281
70 0.121364 0.0603315
73 0.123385 0.0443562
76 0.125885 0.0432218
79 0.129686 0.0415242
82 0.136869 0.0527631
85 0.148805 0.0704644
88 0.160611 0.103342
91 0.173544 0.113334
94 0.179512 0.124095
97 0.185532 0.206016
100 0.185718 0.118281
103 0.184381 0.112325
106 0.179102 0.12629
109 0.180439 0.124548
112 0.186646 0.117089
115 0.192586 0.119573
118 0.196759 0.10782
121 0.197354 0.140386
124 0.198335 0.124151
127 0.199575 0.131513
130 0.202759 0.135662
133 0.20583 0.139924
136 0.210554 0.151981
139 0.214772 0.150989
142 0.216384 0.151268
145 0.218276 0.168123
148 0.216632 0.133587
151 0.215347 0.13298
154 0.212762 0.151345
157 0.208865 0.159387
160 0.206316 0.128401
163 0.204331 0.145657
166 0.202224 0.105263
169 0.201155 0.151965
172 0.199319 0.172093
175 0.198367 0.151952
178 0.197488 0.117195
181 0.197982 0.148177
184 0.197561 0.120562
187 0.196147 0.117576
190 0.196439 0.133551
193 0.195782 0.112309
196 0.196346 0.147521
199 0.196167 0.133146
202 0.196094 0.0837452
205 0.196803 0.0928977
208 0.196467 0.0711815
211 0.196637 0.116437
214 0.196297 0.10404
217 0.195705 0.0876875
220 0.197824 0.19622
223 0.197306 0.100474
226 0.197022 0.117458
229 0.196799 0.111535
232 0.197156 0.0465035
235 0.198242 0.101539
238 0.197289 0.0993113
241 0.195713 0.0590187
244 0.196957 0.0780853
247 0.195187 0.106252
250 0.194834 0.0792927
253 0.194194 0.083721
256 0.194312 0.0992789
259 0.194502 0.0968966
262 0.194328 0.115744
265 0.194595 0.0905558
268 0.194336 0.0724374
271 0.192991 0.128114
274 0.192768 0.101211
277 0.19673 0.0503282
280 0.201426 0.0582407
283 0.207244 0.0704603
286 0.213273 0.0747468
289 0.212548 0.0701362
292 0.210299 0.0431812
295 0.207657 0.128276
298 0.203095 0.0586582
301 0.199955 0.0835022
304 0.197922 0.067766
307 0.197261 0.0678064
310 0.197508 0.0998298
313 0.196512 0.0623896
316 0.197059 0.0606636
319 0.195146 0.0654202
322 0.195543 0.152074
325 0.195973 0.112775
328 0.196188 0.104331
331 0.196216 0.124301
334 0.196321 0.0747182
337 0.196115 0.0808483
340 0.196803 0.0741392
343 0.199259 0.0359533
346 0.201564 0.106523
349 0.202492 0.0728547
352 0.201272 0.0410907
355 0.200932 0.0807025
358 0.200981 0.105915
361 0.200912 0.0653393
364 0.20064 0.0503444
367 0.199935 0.0458958
370 0.198197 0.0761162
373 0.19767 0.0875862
376 0.197107 0.0629649
379 0.196479 0.108204
382 0.197492 0.0595293
385 0.201037 0.0652216
388 0.203428 0.0622073
391 0.2072 0.0762377
394 0.208942 0.0943036
397 0.212268 0.136253
400 0.21303 0.0897983
403 0.214934 0.0763675
406 0.221554 0.078847
409 0.231553 0.0777288
412 0.241832 0.0925654
415 0.254023 0.11117
418 0.264902 0.12582
421 0.271668 0.181493
424 0.284021 0.138165
427 0.296775 0.162151
430 0.306608 0.159023
433 0.31677 0.190836
436 0.327145 0.204611
439 0.331784 0.218767
442 0.334053 0.228069
445 0.338408 0.261786
448 0.344854 0.251106
451 0.351613 0.266851
454 0.356527 0.284377
457 0.361652 0.274808
460 0.364302 0.280897
463 0.367337 0.278498
466 0.367434 0.263277
469 0.367016 0.272044
472 0.37042 0.303476
475 0.370153 0.284305
478 0.3685 0.277542
481 0.369168 0.228037
484 0.369788 0.267316
487 0.371007 0.251337
490 0.370914 0.258099
493 0.370987 0.287533
496 0.371951 0.27851
499 0.373807 0.257252
502 0.382384 0.244502
505 0.392865 0.196479
508 0.405863 0.212438
511 0.414987 0.157127
514 0.420975 0.224147
517 0.428567 0.139774
520 0.443749 0.159979
523 0.452078 0.151523
526 0.461133 0.125533
529 0.466449 0.148205
532 0.469869 0.124828
535 0.47217 0.184503
538 0.474856 0.115201
541 0.477761 0.125671
544 0.479033 0.142999
547 0.478405 0.200089
550 0.475808 0.158541
553 0.474576 0.116344
556 0.473426 0.11196
559 0.47121 0.164026
562 0.46965 0.16608
565 0.466182 0.251009
568 0.464666 0.182898
571 0.466842 0.265485
574 0.46916 0.286626
577 0.473693 0.278223
580 0.479381 0.186006
583 0.484839 0.111587
586 0.4896 0.142326
589 0.494798 0.137335
592 0.500454 0.123292
595 0.517774 0.159396
598 0.532663 0.155008
601 0.544166 0.0873794
604 0.55188 0.121218
607 0.564816 0.10549
610 0.57802 0.0850742
613 0.58554 0.0774736
616 0.591714 0.0721296
619 0.595178 0.104011
622 0.608196 0.141796
625 0.610299 0.134288
628 0.610676 0.137906
631 0.615149 0.156969
634 0.617503 0.152443
637 0.618183 0.160238
640 0.618208 0.126671
643 0.618038 0.12157
646 0.618232 0.222275
649 0.619228 0.158638
652 0.621056 0.133628
655 0.622121 0.143311
658 0.623276 0.106697
661 0.623418 0.136464
664 0.625027 0.106495
667 0.625537 0.0945708
670 0.624516 0.149651
673 0.625812 0.117251
676 0.626238 0.130111
679 0.627247 0.133527
682 0.629487 0.139964
685 0.629961 0.108208
688 0.629661 0.126546
691 0.629738 0.125351
694 0.630232 0.142351
697 0.633454 0.199121
700 0.633474 0.167762
703 0.634033 0.130796
706 0.6349 0.136926
709 0.635852 0.0905965
712 0.63821 0.129524
715 0.63842 0.123309
718 0.63981 0.101353
721 0.642711 0.251588
724 0.643327 0.120189
727 0.643797 0.144028
730 0.64372 0.137797
733 0.644547 0.125938
736 0.645292 0.0954418
739 0.646528 0.0949112
742 0.647249 0.0852969
745 0.650802 0.254854
748 0.653869 0.0716108
751 0.653561 0.179681
754 0.654278 0.171453
757 0.654278 0.161689
760 0.654922 0.168596
763 0.656005 0.125209
766 0.65664 0.154769
769 0.656632 0.116222
772 0.663119 0.231387
775 0.662904 0.160271
778 0.662973 0.151823
781 0.662037 0.0992544
784 0.661701 0.0485698
787 0.662649 0.102844
790 0.661709 0.0976501
793 0.6616 0.0914797
796 0.657362 0.184162
799 0.656596 0.104769
802 0.654185 0.106211
805 0.652674 0.118455
808 0.652042 0.117657
811 0.653675 0.0882181
814 0.661146 0.131764
817 0.669301 0.114488
820 0.696677 0.259821
823 0.713082 0.137801
826 0.739032 0.0766915
829 0.750907 0.102569
832 0.757973 0.0964386
835 0.76098 0.0912082
838 0.761794 0.106248
841 0.763318 0.0980553
844 0.76371 0.0857345
847 0.777494 0.219431
850 0.777202 0.112576
853 0.77721 0.079718
856 0.775444 0.0783891
859 0.774994 0.113974
862 0.775306 0.0732437
865 0.774386 0.111061
868 0.772859 0.0568836
871 0.777636 0.218443
874 0.778515 0.157175
877 0.778231 0.120379
880 0.780083 0.136326
883 0.779791 0.120979
886 0.779512 0.0955392
889 0.779333 0.11081
892 0.77657 0.071546
895 0.779738 0.172255
898 0.773102 0.154793
901 0.772429 0.0940685
904 0.772587 0.0639292
907 0.766247 0.251945
910 0.76685 0.10154
913 0.768102 0.0734301
916 0.77029 0.097804
919 0.770464 0.0778827
922 0.771003 0.0741554
925 0.770946 0.0799085
928 0.771578 0.0638238
931 0.771899 0.207272
934 0.772117 0.112981
937 0.771798 0.0867636
940 0.771084 0.0693662
943 0.769715 0.109416
946 0.767101 0.0792441
949 0.767535 0.0872822
952 0.766713 0.0742687
955 0.779236 0.1538
958 0.778591 0.161227
961 0.776132 0.135418
964 0.773252 0.116076
967 0.773483 0.118888
970 0.772482 0.0486752
973 0.770857 0.0530183
976 0.770112 0.0760148
979 0.768349 0.0586459
982 0.758833 0.159675
985 0.756045 0.111126
988 0.755713 0.080658
991 0.761426 0.0885342
994 0.762989 0.055425
997 0.761806 0.0550887
1000 0.762398 0.0648974
1003 0.761948 0.060465
1006 0.759387 0.163362
1009 0.759805 0.0935663
1012 0.752986 0.111186
1015 0.752411 0.104935
1018 0.753926 0.0768292
1021 0.753188 0.0986266
1024 0.752645 0.0723442
1027 0.752536 0.0913823
1030 0.752504 0.148979
1033 0.752354 0.149437
1036 0.758233 0.235305
1039 0.757366 0.115076
1042 0.756247 0.0667572
1045 0.756713 0.0788954
1048 0.757139 0.0860383
1051 0.758156 0.0954825
1054 0.758208 0.0707398
1057 0.757921 0.0562475
1060 0.758545 0.0714811
1063 0.752456 0.193453
1066 0.752265 0.0730207
1069 0.751017 0.0696863
1072 0.752208 0.0707721
1075 0.751082 0.0681429
1078 0.751924 0.0513046
1081 0.752212 0.069103
1084 0.753448 0.076955
1087 0.75737 0.150701
1090 0.756709 0.0650151
1093 0.757856 0.0331577
1096 0.758257 0.0552385
1099 0.757957 0.0542744
1102 0.756438 0.0538085
1105 0.756138 0.0537477
1108 0.755279 0.0611337
1111 0.757674 0.128661
1114 0.755409 0.0580707
1117 0.756373 0.0459769
1120 0.754615 0.0665101
1123 0.755554 0.0722955
1126 0.755466 0.0300988
1129 0.756069 0.0361883
1132 0.759675 0.0431245
1135 0.757102 0.0533628
1138 0.763617 0.109784
1141 0.76525 0.0555911
1144 0.762552 0.0847907
1147 0.76151 0.06085
1150 0.760352 0.0503808
1153 0.758095 0.0521554
1156 0.75615 0.049368
1159 0.757034 0.0450571
1162 0.756251 0.140572
1165 0.754744 0.0620897
1168 0.754412 0.0371323
1171 0.755737 0.0385098
1174 0.754663 0.0577871
1177 0.754116 0.0643504
1180 0.756 0.0535856
1183 0.758816 0.0535573
1186 0.766227 0.126055
1189 0.766554 0.0939753
1192 0.765615 0.128235
1195 0.766733 0.100292
1198 0.76922 0.128296
1201 0.76935 0.0586623
1204 0.77025 0.0805364
1207 0.768439 0.0635606
1210 0.767183 0.0546674
1213 0.770777 0.216429
1216 0.770067 0.0986103
1219 0.768236 0.149003
1222 0.768264 0.160469
1225 0.767648 0.0849444
1228 0.765995 0.0552832
1231 0.766847 0.0339519
1234 0.766644 0.0413013
1237 0.756904 0.154736
1240 0.754226 0.0422697
1243 0.759339 0.0619924
1246 0.761977 0.0538854
1249 0.761397 0.0394903
1252 0.75786 0.0319504
1255 0.754971 0.0457256
1258 0.754193 0.0447613
1261 0.755077 0.147553
1264 0.753262 0.0925451
1267 0.753582 0.0793333
1270 0.753768 0.0630865
1273 0.751815 0.106888
1276 0.752796 0.0819221
1279 0.75265 0.0365003
1282 0.752861 0.0353415
1285 0.751155 0.0252086
1288 0.750851 0.0931084
1291 0.749019 0.0411352
1294 0.75079 0.0356859
1297 0.752131 0.045754
1300 0.750879 0.0370432
1303 0.752447 0.034596
1306 0.752431 0.0293169
1309 0.748638 0.0500769
1312 0.742561 0.167956
1315 0.738198 0.125954
1318 0.734154 0.105372
1321 0.73272 0.0889273
1324 0.728336 0.109756
1327 0.727895 0.112479
1330 0.726744 0.0792319
1333 0.723831 0.101888
1336 0.72896 0.141091
1339 0.726108 0.127129
1342 0.726683 0.0915525
1345 0.727611 0.111283
1348 0.727992 0.113435
1351 0.727437 0.0995666
1354 0.728551 0.109521
1357 0.730687 0.0946236
1360 0.731343 0.0934812
1363 0.72779 0.209181
1366 0.727636 0.120659
1369 0.731375 0.0690705
1372 0.733713 0.0760027
1375 0.731788 0.0956081
1378 0.730845 0.071153
1381 0.731622 0.0871688
1384 0.731468 0.0701443
1387 0.730208 0.110704
1390 0.731326 0.106641
1393 0.732445 0.0955555
1396 0.733737 0.137076
1399 0.734458 0.143141
1402 0.735755 0.0930437
1405 0.736841 0.118078
1408 0.739171 0.0863341
1411 0.755336 0.131675
1414 0.754749 0.111652
1417 0.754801 0.138765
1420 0.756037 0.119135
1423 0.756649 0.158002
1426 0.755109 0.120975
1429 0.755222 0.154858
1432 0.754805 0.195009
1435 0.756657 0.178008
1438 0.761016 0.212268
1441 0.760242 0.12048
1444 0.761713 0.288012
1447 0.764014 0.312151
1450 0.766943 0.179321
1453 0.767268 0.274629
1456 0.771712 0.342371
1459 0.778101 0.39637
1462 0.792841 0.261952
1465 0.793591 0.361401
1468 0.796471 0.460887
1471 0.798776 0.323033
1474 0.803395 0.378126
1477 0.804801 0.396528
1480 0.808042 0.311421
1483 0.809493 0.278454
1486 0.823653 0.264302
1489 0.828263 0.447119
1492 0.830123 0.494988
1495 0.829491 0.459096
1498 0.831253 0.4698
1501 0.834957 0.489353
1504 0.837124 0.547597
1507 0.839624 0.663293
1510 0.843834 0.602232
1513 0.849072 0.645397
1516 0.844899 0.626987
1519 0.846317 0.566745
1522 0.836067 0.521655
1525 0.829604 0.625375
1528 0.827798 0.588404
1531 0.822924 0.561579
1534 0.816939 0.600543
1537 0.807334 0.609355
1540 0.803335 0.596196
1543 0.798744 0.494761
1546 0.794319 0.600239
1549 0.79229 0.596981
1552 0.766733 0.617648
1555 0.761113 0.621032
1558 0.759858 0.605672
1561 0.752123 0.597476
1564 0.756733 0.609659
1567 0.754991 0.648177
1570 0.755486 0.613909
1573 0.753318 0.630893
1576 0.755166 0.606114
1579 0.767369 0.601564
1582 0.772936 0.602228
1585 0.770987 0.59477
1588 0.769743 0.550559
1591 0.759408 0.511988
1594 0.75617 0.602698
1597 0.756065 0.608877
1600 0.75034 0.621591
1603 0.750434 0.618856
1606 0.74654 0.612426
1609 0.752431 0.580597
1612 0.752763 0.600138
1615 0.73772 0.604497
1618 0.722518 0.565805
1621 0.707499 0.522247
1624 0.703338 0.582919
1627 0.706005 0.544891
1630 0.715858 0.548108
1633 0.725107 0.540653
1636 0.716161 0.55568
1639 0.723855 0.557572
1642 0.724062 0.485763
1645 0.721648 0.601317
1648 0.709383 0.582295
1651 0.706146 0.568187
1654 0.710084 0.582971
1657 0.716396 0.567401
1660 0.723944 0.507783
1663 0.730379 0.530605
1666 0.735058 0.434491
1669 0.74654 0.363508
1672 0.754967 0.343902
1675 0.748821 0.459772
1678 0.740215 0.494206
1681 0.724484 0.411935
1684 0.715152 0.543242
1687 0.703768 0.503302
1690 0.707463 0.496897
1693 0.714897 0.344149
1696 0.715217 0.50769
1699 0.716384 0.584373
1702 0.723709 0.533109
1705 0.723632 0.523341
1708 0.71072 0.521789
1711 0.69419 0.487704
1714 0.683304 0.514018
1717 0.676339 0.488947
1720 0.66269 0.51132
1723 0.655474 0.463771
1726 0.650466 0.456892
1729 0.646066 0.467312
1732 0.582574 0.475679
1735 0.545612 0.479265
1738 0.512362 0.421088
1741 0.486152 0.465469
1744 0.461134 0.460319
1747 0.445515 0.492266
1750 0.403561 0.487396
1753 0.383344 0.461875
1756 0.37676 0.491808
1759 0.368872 0.485504
1762 0.369188 0.450766
1765 0.366328 0.43035
1768 0.377036 0.479904
1771 0.375063 0.483085
1774 0.381278 0.371574
1777 0.38238 0.456649
1780 0.373742 0.449761
1783 0.370671 0.363763
1786 0.362932 0.290447
1789 0.348136 0.388753
1792 0.333685 0.370537
1795 0.319622 0.34793
1798 0.320161 0.349818
1801 0.323138 0.348209
1804 0.322271 0.360781
1807 0.320529 0.35775
1810 0.316319 0.34165
1813 0.307795 0.382627
1816 0.298635 0.349052
1819 0.292606 0.347205
1822 0.28832 0.364764
1825 0.279422 0.349088
1828 0.27025 0.379195
1831 0.262961 0.379856
1834 0.256729 0.346844
1837 0.249644 0.3472
1840 0.236731 0.347014
1843 0.223709 0.276522
1846 0.210291 0.311721
1849 0.194162 0.309922
1852 0.1733 0.242318
1855 0.161822 0.215055
1858 0.159327 0.217016
1861 0.151754 0.200904
1864 0.141917 0.16497
1867 0.143902 0.195847
1870 0.160117 0.217175
1873 0.1708 0.232728
1876 0.185386 0.219938
1879 0.207823 0.23552
1882 0.219439 0.262758
1885 0.231785 0.305251
1888 0.24731 0.345341
1891 0.272028 0.359566
1894 0.292719 0.386488
1897 0.290074 0.433665
1900 0.298703 0.41978
1903 0.328936 0.455854
1906 0.371117 0.465096
1909 0.3824 0.479751
1912 0.374662 0.459229
1915 0.373527 0.435731
1918 0.358431 0.342663
1921 0.35767 0.414452
1924 0.352844 0.42061
1927 0.335467 0.398493
1930 0.317794 0.359315
1933 0.287541 0.3214
1936 0.272125 0.308123
1939 0.260206 0.275022
1942 0.253189 0.257584
1945 0.243258 0.287914
1948 0.221587 0.284013
1951 0.188672 0.227554
1954 0.159574 0.208638
1957 0.127336 0.281598
1960 0.111 0.0839924
1963 0.089462 0.121473
1966 0.0671946 0.0664086
1969 0.0443602 0.0680901
1972 0.0193825 0.0332064
1975 0.00716716 0.0541041
1978 0.00716716 0.0705292
1981 0.0073738 0.0494692
1984 0.00707397 0.0467182
1987 0.00685116 0.0690746
1990 0.00696055 0.0528483
1993 0.00641763 0.0815331
1996 0.00654729 0.0764689
1999 0.00768576 0.0671501
2002 0.0289928 0.0732477
2005 0.0687668 0.0710236
2008 0.10726 0.0696539
2011 0.148023 0.130605
2014 0.187825 0.172867
2017 0.222575 0.207017
2020 0.244891 0.225269
2023 0.25865 0.276647
2026 0.289968 0.336715
2029 0.318317 0.356041
2032 0.310894 0.340475
2035 0.294834 0.317499
2038 0.282047 0.316498
2041 0.279556 0.278567
2044 0.248339 0.244696
2047 0.229524 0.299514
2050 0.222766 0.243104
2053 0.199781 0.235759
2056 0.169034 0.175346
2059 0.138303 0.130459
2062 0.105494 0.135731
2065 0.0804512 0.128462
2068 0.0698403 0.153877
2071 0.0625882 0.139041
2074 0.0504903 0.0643627
2077 0.0328539 0.0720404
2080 0.0174864 0.0714245
2083 0.0124787 0.0826958
2086 0.0122923 0.0969897
2089 0.0110445 0.085775
2092 0.00999109 0.0658091
2095 0.00958999 0.0435378
2098 0.0144235 0.0492991
2101 0.0270804 0.0650677
2104 0.0460295 0.0773925
2107 0.069192 0.0799612
2110 0.0969208 0.0767239
2113 0.128847 0.152626
2116 0.161676 0.110287
2119 0.194202 0.132396
2122 0.227218 0.160246
2125 0.265696 0.166295
2128 0.301722 0.21777
2131 0.325986 0.245847
2134 0.340528 0.245256
2137 0.341541 0.224548
2140 0.338931 0.249797
2143 0.338121 0.24688
2146 0.332745 0.270833
2149 0.32294 0.258735
2152 0.299384 0.2553
2155 0.293542 0.239089
2158 0.292812 0.246285
2161 0.287355 0.291135
2164 0.282975 0.240844
2167 0.274103 0.217758
2170 0.260234 0.128498
2173 0.243363 0.198647
2176 0.212163 0.23853
2179 0.178114 0.192371
2182 0.142347 0.17168
2185 0.118358 0.143813
2188 0.0945749 0.16427
2191 0.0735354 0.146192
2194 0.0541529 0.150024
2197 0.0365124 0.0761768
2200 0.0219877 0.125281
2203 0.0165586 0.17181
2206 0.0124747 0.161587
2209 0.00872296 0.109124
2212 0.00348431 0.168698
2215 0.0014545 0.152654
2218 0.0018394 0.131274
2221 0.00116279 0.115011
2224 0.00156795 0.116968
2227 0.00134511 0.0938659
2230 0.00200956 0.128409
2233 0.00192853 0.117458
2236 0.00166923 0.116579
2239 0.00173811 0.123864
2242 0.00188801 0.13665
2245 0.00179888 0.114407
2248 0.00195689 0.168183
2251 0.00290494 0.176027
2254 0.00358965 0.0916051
2257 0.00292522 0.101523
2260 0.00426221 0.116085
2263 0.0058342 0.146503
2266 0.00962644 0.0770076
2269 0.0292561 0.0837616
2272 0.0464589 0.118629
2275 0.0603517 0.131318
2278 0.0683453 0.107998
2281 0.0752291 0.127781
2284 0.0799085 0.135998
2287 0.0850823 0.161053
2290 0.0879748 0.158933
2293 0.0891781 0.170562
2296 0.0895916 0.204668
2299 0.0959403 0.174285
2302 0.102261 0.185228
2305 0.104769 0.195211
2308 0.102281 0.17394
2311 0.091593 0.181942
2314 0.0782473 0.163066
2317 0.068876 0.157564
2320 0.0568957 0.150807
2323 0.0531482 0.141909
2326 0.0486306 0.123803
2329 0.0462685 0.140268
2332 0.041119 0.154906
2335 0.0319828 0.154031
2338 0.0276112 0.154886
2341 0.0245158 0.115108
2344 0.0204927 0.151471
2347 0.015882 0.125662
2350 0.0132809 0.0678024
2353 0.0136496 0.106053
2356 0.0114051 0.0987685
2359 0.0100964 0.0843286
2362 0.0104611 0.102139
2365 0.0130905 0.0592376
2368 0.0136861 0.0746294
2371 0.0137306 0.0518637
2374 0.0159468 0.0826189
2377 0.0140304 0.103642
2380 0.0129082 0.102156
2383 0.0138157 0.0664372
2386 0.037667 0.159144
2389 0.0567822 0.132574
2392 0.0633377 0.128912
2395 0.0675228 0.14133
2398 0.0687668 0.129921
2401 0.0686612 0.132003
2404 0.0708534 0.141212
2407 0.0757801 0.121441
2410 0.0781623 0.161373
2413 0.0721702 0.166713
2416 0.0599464 0.14086
2419 0.0519244 0.20154
2422 0.0362896 0.221915
2425 0.0215136 0.18257
2428 0.0102747 0.12358
2431 0.00369094 0.0568997
2434 0.0189896 0.107524
2437 0.0310267 0.190082
2440 0.0361357 0.117985
2443 0.040969 0.103573
2446 0.0449518 0.090256
2449 0.0488453 0.114245
2452 0.0505714 0.109902
2455 0.0511709 0.116239
2458 0.0504942 0.121558
2461 0.0584394 0.145985
2464 0.0472287 0.113715
2467 0.03396 0.123985
2470 0.0225711 0.141317
2473 0.0160157 0.147532
2476 0.0112552 0.111296
2479 0.00760069 0.10271
2482 0.00911596 0.11811
2485 0.0104813 0.0723403
2488 0.0120736 0.137975
2491 0.013366 0.0927074
2494 0.0145207 0.0796329
2497 0.0151446 0.0714528
2500 0.0164897 0.0475163
2503 0.016899 0.114201
2506 0.0182967 0.105534
2509 0.0254923 0.0769265
2512 0.0417835 0.103703
2515 0.0541204 0.16685
2518 0.0548174 0.141079
2521 0.0587635 0.159598
2524 0.0633052 0.173961
2527 0.067308 0.143246
2530 0.0716636 0.143635
2533 0.0744065 0.184592
2536 0.0784336 0.228479
2539 0.0815573 0.1811
2542 0.0826917 0.156527
2545 0.0857022 0.235965
2548 0.0851228 0.228438
2551 0.0743173 0.236095
2554 0.0686289 0.170614
2557 0.0515719 0.22817
2560 0.0357063 0.181975
2563 0.0219877 0.162207
2566 0.00939146 0.130921
2569 0.00155984 0.0731222
2572 0.000534804 0.0642088
2575 0.000530752 0.0934852
2578 0.000538855 0.10265
2581 0.000542907 0.0736732
2584 0.000514546 0.0811644
2587 0.000704966 0.159955
2590 0.000603679 0.124755
2593 0.000615834 0.134936
2596 0.000660401 0.10989
2599 0.000555061 0.113678
2602 0.0005267 0.115967
2605 0.000530751 0.139085
2608 0.000591525 0.120116
2611 0.000822462 0.184628
2614 0.000704967 0.126452
2617 0.000709018 0.120035
2620 0.000656348 0.120614
2623 0.000688761 0.123706
2626 0.0123329 0.0845879
2629 0.0250182 0.12311
2632 0.0323879 0.115007
2635 0.0375496 0.0996394
2638 0.0495018 0.169553
2641 0.0710274 0.154149
2644 0.0958473 0.148975
2647 0.120813 0.181282
2650 0.138542 0.254092
2653 0.150985 0.258419
2656 0.1582 0.257706
2659 0.169841 0.288113
2662 0.17802 0.315019
2665 0.169508 0.31149
2668 0.161766 0.289668
2671 0.154745 0.283275
2674 0.159392 0.247354
2677 0.16239 0.262078
2680 0.154732 0.247529
2683 0.138842 0.211397
2686 0.13142 0.220914
2689 0.119447 0.200741
2692 0.11102 0.180119
2695 0.0971842 0.210809
2698 0.0780892 0.182781
2701 0.0647924 0.138101
2704 0.0500123 0.107443
2707 0.0420427 0.0837005
2710 0.0425007 0.118021
2713 0.0432095 0.158111
2716 0.0452516 0.125363
2719 0.045989 0.121988
2722 0.0446843 0.123799
2725 0.0459931 0.101357
2728 0.0522201 0.0764038
2731 0.0655215 0.0923831
2734 0.0751682 0.106393
2737 0.0808444 0.136197
2740 0.0845435 0.149182
2743 0.0862856 0.134231
2746 0.0884208 0.141224
2749 0.0944047 0.145304
2752 0.0962848 0.164213
2755 0.0986712 0.154578
2758 0.100587 0.15974
2761 0.102281 0.155174
2764 0.104242 0.130925
2767 0.106624 0.166729
2770 0.107694 0.147399
2773 0.109704 0.197233
2776 0.10991 0.196686
2779 0.111697 0.172583
2782 0.115327 0.203168
2785 0.116907 0.218516
2788 0.117029 0.220776
2791 0.118977 0.171193
2794 0.119322 0.161239
2797 0.119212 0.183134
2800 0.120189 0.113718
2803 0.120477 0.15767
2806 0.121789 0.158788
2809 0.12247 0.171343
2812 0.121558 0.196734
2815 0.123017 0.138125
2818 0.123211 0.104939
2821 0.124086 0.114006
2824 0.124159 0.109712
2827 0.123831 0.109748
2830 0.123361 0.130224
2833 0.123973 0.0739123
2836 0.124641 0.18349
2839 0.12484 0.106823
2842 0.124974 0.0619196
2845 0.123957 0.0874037
2848 0.12439 0.0887366
2851 0.130998 0.0715462
2854 0.136448 0.0790414
2857 0.132578 0.0577872
2860 0.128503 0.0553116
2863 0.123795 0.118155
2866 0.125488 0.0771981
2869 0.126858 0.0708249
2872 0.12815 0.0905722
2875 0.127425 0.0666032
2878 0.126704 0.061717
2881 0.13016 0.0646139
2884 0.133838 0.0974233
2887 0.135236 0.119881
2890 0.13759 0.11271
2893 0.137189 0.0774653
2896 0.135601 0.0690381
2899 0.13663 0.0609553
2902 0.13729 0.0714447
2905 0.136346 0.111202
2908 0.137995 0.0762215
2911 0.137979 0.108476
2914 0.138364 0.104424
2917 0.138182 0.106689
2920 0.136982 0.0919495
2923 0.138234 0.0922617
2926 0.137643 0.0946803
2929 0.137963 0.112572
2932 0.141674 0.0928896
2935 0.143445 0.0929866
2938 0.143558 0.116944
2941 0.148866 0.0906896
2944 0.158399 0.106478
2947 0.171882 0.091261
2950 0.185435 0.104951
2953 0.198594 0.0927032
2956 0.211709 0.121218
2959 0.227328 0.106037
2962 0.2469 0.14543
2965 0.261993 0.126039
2968 0.277846 0.172052
2971 0.295892 0.137315
2974 0.314857 0.156142
2977 0.329917 0.189583
2980 0.340491 0.208354
2983 0.355883 0.195661
2986 0.378219 0.258087
2989 0.385528 0.23819
2992 0.403359 0.239138
2995 0.420711 0.258739
2998 0.441403 0.231513
3001 0.466737 0.283587
3004 0.490544 0.292237
3007 0.512467 0.299728
3010 0.531026 0.307731
3013 0.561717 0.341787
3016 0.590759 0.306235
3019 0.61309 0.302374
3022 0.626489 0.32439
3025 0.639956 0.230504
3028 0.647273 0.224386
3031 0.663755 0.17623
3034 0.673118 0.184774
3037 0.694441 0.160761
3040 0.680642 0.145827
3043 0.656547 0.154218
3046 0.651657 0.15709
3049 0.648979 0.145284
3052 0.644802 0.150543
3055 0.641561 0.150907
3058 0.643817 0.156146
3061 0.649984 0.234932
3064 0.654173 0.16758
3067 0.657228 0.1714
3070 0.662102 0.19107
3073 0.661928 0.203452
3076 0.658613 0.159878
3079 0.657204 0.154007
3082 0.663787 0.151171
3085 0.66999 0.133915
3088 0.685269 0.225735
3091 0.681809 0.192242
3094 0.677769 0.188546
3097 0.673321 0.189081
3100 0.669755 0.138287
3103 0.668605 0.15062
3106 0.66593 0.135098
3109 0.66397 0.14861
3112 0.660396 0.193623
3115 0.659278 0.149887
3118 0.655117 0.157888
3121 0.655693 0.131602
3124 0.656138 0.124569
3127 0.660441 0.0695648
3130 0.664865 0.106487
3133 0.664663 0.0984765
3136 0.671096 0.138364
3139 0.67016 0.0808971
3142 0.67031 0.104457
3145 0.666907 0.0801352
3148 0.664825 0.0805121
3151 0.663508 0.0920874
3154 0.662929 0.0764931
3157 0.663034 0.0904343
3160 0.662333 0.0820072
3163 0.661486 0.168264
3166 0.660858 0.0961065
3169 0.658055 0.081926
3172 0.658261 0.087274
3175 0.656896 0.0978973
3178 0.657957 0.102415
3181 0.661247 0.097395
3184 0.662997 0.105105
3187 0.669472 0.137918
3190 0.666392 0.124208
3193 0.666303 0.122292
3196 0.665813 0.120505
3199 0.664176 0.119221
3202 0.663528 0.0953933
3205 0.663337 0.0974313
3208 0.661624 0.107431
3211 0.658399 0.0873634
3214 0.661288 0.119763
3217 0.661187 0.115947
3220 0.660663 0.0923954
3223 0.659359 0.0540313
3226 0.65869 0.0416011
3229 0.658079 0.0752977
3232 0.655635 0.078462
3235 0.654943 0.0691273
3238 0.655036 0.159598
3241 0.653602 0.0431894
3244 0.652994 0.0740296
3247 0.652115 0.0380156
3250 0.651657 0.0382951
3253 0.651216 0.0881775
3256 0.649959 0.0362896
3259 0.651187 0.0286646
3262 0.65047 0.146856
3265 0.652528 0.0413216
3268 0.651588 0.0423102
3271 0.653407 0.0172758
3274 0.654797 0.0354955
3277 0.658346 0.0387854
3280 0.658942 0.0290373
3283 0.659181 0.028223
3286 0.675622 0.116417
3289 0.673941 0.0881411
3292 0.674078 0.0576614
3295 0.675184 0.0287051
3298 0.673008 0.0453934
3301 0.671011 0.0496394
3304 0.670724 0.0370918
3307 0.670525 0.0656875
3310 0.670331 0.0737703
3313 0.668455 0.189316
3316 0.667191 0.0930151
3319 0.665234 0.056608
3322 0.664561 0.0465481
3325 0.664282 0.0630256
3328 0.663512 0.0524959
3331 0.661786 0.0619722
3334 0.660575 0.0837655
3337 0.650433 0.146892
3340 0.649469 0.074046
3343 0.649295 0.0766997
3346 0.647768 0.0634106
3349 0.645446 0.0638764
3352 0.645426 0.056754
3355 0.646208 0.057317
3358 0.648505 0.0625192
3361 0.654489 0.109764
3364 0.654283 0.0589945
3367 0.652006 0.0578398
3370 0.649088 0.0566688
3373 0.649129 0.0463618
3376 0.649716 0.0374888
3379 0.65043 0.0304473
3382 0.65051 0.0400211
3385 0.650685 0.0488899
3388 0.651069 0.136383
3391 0.65188 0.0819625
3394 0.653043 0.0404789
3397 0.653663 0.0422737
3400 0.655899 0.0311685
3403 0.65756 0.0269548
3406 0.657584 0.0315979
3409 0.6563 0.0428328
3412 0.651568 0.193813
3415 0.65 0.0904546
3418 0.648566 0.0604731
3421 0.647853 0.0704199
3424 0.647346 0.0702537
3427 0.647488 0.0946721
3430 0.647731 0.0556195
3433 0.651333 0.0668666
3436 0.688178 0.22433
3439 0.688842 0.110254
3442 0.690556 0.0457864
3445 0.697881 0.0744185
3448 0.706012 0.0599344
3451 0.709128 0.0941496
3454 0.710003 0.0752007
3457 0.710595 0.0422818
3460 0.710761 0.0549307
3463 0.706944 0.128065
3466 0.706726 0.0500486
3469 0.706418 0.0827688
3472 0.70483 0.0458594
3475 0.705794 0.034122
3478 0.70743 0.0507899
3481 0.709197 0.0487359
3484 0.710627 0.0922736
3487 0.706215 0.167175
3490 0.709817 0.0982659
3493 0.711413 0.0759743
3496 0.715732 0.132226
3499 0.716263 0.0875578
3502 0.717122 0.0844705
3505 0.717608 0.0693258
3508 0.717515 0.0392675
3511 0.72247 0.216575
3514 0.723697 0.0530751
3517 0.72497 0.0977474
3520 0.724386 0.0515679
3523 0.725095 0.0728182
3526 0.725569 0.153484
3529 0.725051 0.0683777
3532 0.725265 0.0496678
3535 0.725297 0.0341423
3538 0.716438 0.152885
3541 0.717223 0.148541
3544 0.717774 0.0800059
3547 0.717163 0.0318208
3550 0.717397 0.0557087
3553 0.716222 0.0447128
3556 0.718358 0.0470505
3559 0.71747 0.073276
3562 0.705939 0.16937
3565 0.705822 0.0518879
3568 0.70643 0.0712341
3571 0.709148 0.136958
3574 0.708585 0.0765944
3577 0.71147 0.0479661
3580 0.711778 0.125841
3583 0.71288 0.0785836
3586 0.709821 0.15263
3589 0.709472 0.0837533
3592 0.712779 0.0576857
3595 0.706341 0.139531
3598 0.705344 0.0953123
3601 0.707199 0.0628313
3604 0.706401 0.0614497
3607 0.706276 0.0461186
3610 0.705737 0.0269468
3613 0.706697 0.0501905
3616 0.707094 0.0480998
3619 0.708605 0.0321773
3622 0.702395 0.137951
3625 0.704364 0.0554777
3628 0.703569 0.0690787
3631 0.702362 0.054084
3634 0.7038 0.0775789
3637 0.708926 0.0683454
3640 0.713476 0.0651366
3643 0.713812 0.10583
3646 0.71089 0.213459
3649 0.713593 0.0740337
3652 0.712933 0.101467
3655 0.713755 0.0621991
3658 0.716842 0.0592456
3661 0.716842 0.097561
3664 0.718795 0.0738393
3667 0.720995 0.0848838
3670 0.71286 0.17969
3673 0.715445 0.113022
3676 0.716619 0.0596629
3679 0.717114 0.052285
3682 0.717199 0.0470667
3685 0.716737 0.0390851
3688 0.71606 0.0852646
3691 0.715651 0.0283932
3694 0.715619 0.0298841
3697 0.708654 0.127611
3700 0.70679 0.0871728
3703 0.705664 0.124054
3706 0.703991 0.109351
3709 0.703298 0.0769508
3712 0.703221 0.0749858
3715 0.703655 0.0676485
3718 0.703614 0.0667248
3721 0.694056 0.156405
3724 0.692464 0.0979702
3727 0.69024 0.0904707
3730 0.689932 0.095446
3733 0.689604 0.094745
3736 0.689425 0.0811604
3739 0.692448 0.0791468
3742 0.693116 0.101069
3745 0.684365 0.192659
3748 0.685029 0.0975284
3751 0.684819 0.132668
3754 0.684624 0.120136
3757 0.684665 0.104291
3760 0.683012 0.0815977
3763 0.681995 0.0466534
3766 0.680565 0.0573575
3769 0.67834 0.0746778
3772 0.679414 0.128547
3775 0.682684 0.0408557
3778 0.682485 0.0686614
3781 0.682578 0.0601775
3784 0.678964 0.0803299
3787 0.679418 0.0580544
3790 0.679102 0.0432947
3793 0.678956 0.0467588
3796 0.671218 0.16271
3799 0.670136 0.117608
3802 0.667701 0.127745
3805 0.665979 0.125014
3808 0.66478 0.118471
3811 0.699441 0.137651
3814 0.719302 0.114768
3817 0.744482 0.149822
3820 0.787918 0.234527
3823 0.790146 0.119504
3826 0.791674 0.0858276
3829 0.793793 0.0576169
3832 0.795608 0.0732112
3835 0.79675 0.060538
3838 0.797371 0.0954378
3841 0.797435 0.107147
3844 0.797739 0.0373916
3847 0.798335 0.227336
3850 0.798035 0.126659
3853 0.796795 0.0872173
3856 0.795482 0.0578438
3859 0.794547 0.0645977
3862 0.794547 0.059039
3865 0.794863 0.0488575
3868 0.794843 0.0658942
3871 0.79398 0.129775
3874 0.794668 0.122304
3877 0.795102 0.115092
3880 0.79507 0.0673486
3883 0.794741 0.0363666
3886 0.794936 0.057625
3889 0.794696 0.0389434
3892 0.794393 0.0541366
3895 0.792184 0.117738
3898 0.792258 0.0583623
3901 0.792375 0.0572724
3904 0.792237 0.0659875
3907 0.792201 0.04906
3910 0.791455 0.0434446
3913 0.791297 0.0391338
3916 0.791265 0.0533304
3919 0.789089 0.0440928
3922 0.790726 0.146236
3925 0.79167 0.0442184
3928 0.791553 0.0630257
3931 0.790807 0.0514222
3934 0.790321 0.0682805
3937 0.791792 0.0733084
3940 0.792525 0.0421441
3943 0.792792 0.0320922
3946 0.792999 0.167811
3949 0.792821 0.101856
3952 0.792509 0.0615105
3955 0.792748 0.0934244
3958 0.793149 0.0805728
3961 0.793473 0.0608419
3964 0.792699 0.0874888
3967 0.79321 0.0412649
3970 0.797083 0.181124
3973 0.79703 0.130435
3976 0.79652 0.147217
3979 0.796171 0.0377036
3982 0.793339 0.0655173
3985 0.792225 0.0606151
3988 0.791698 0.0396119
3991 0.794352 0.0702009
3994 0.794303 0.0559963
3997 0.795381 0.165529
4000 0.795329 0.130739
4003 0.793874 0.0996597
4006 0.793226 0.0710477
4009 0.792963 0.0915241
4012 0.793173 0.109736
4015 0.793728 0.0527792
4018 0.794494 0.0804149
4021 0.79573 0.145175
4024 0.795507 0.0963334
4027 0.795576 0.0677012
4030 0.79526 0.0773317
4033 0.795263 0.080897
4036 0.795345 0.114448
4039 0.795341 0.065408
4042 0.793927 0.0679564
4045 0.782858 0.199919
4048 0.781035 0.134592
4051 0.783158 0.069893
4054 0.784783 0.131853
4057 0.782323 0.0801475
4060 0.780723 0.0973747
4063 0.785503 0.07281
4066 0.788684 0.0256543
4069 0.79056 0.0201118
4072 0.793838 0.175424
4075 0.794178 0.040094
4078 0.794093 0.0854104
4081 0.79389 0.076882
4084 0.793866 0.032781
4087 0.793979 0.045203
4090 0.793663 0.0427842
4093 0.795413 0.199575
4096 0.795175 0.193226
4099 0.794903 0.089069
4102 0.793538 0.142075
4105 0.79184 0.161425
4108 0.791512 0.124135
4111 0.793262 0.0810551
4114 0.793635 0.0571227
4117 0.794304 0.0641682
4120 0.793963 0.152779
4123 0.793862 0.098586
4126 0.792991 0.0524106
4129 0.792829 0.129382
4132 0.792225 0.177194
4135 0.79103 0.178016
4138 0.789851 0.213273
4141 0.789474 0.218892
4144 0.788769 0.226384
4147 0.787165 0.233251
4150 0.786423 0.210003
4153 0.784932 0.228559
4156 0.784041 0.25978
4159 0.782639 0.256349
4162 0.783263 0.2657
4165 0.784775 0.280921
4168 0.784511 0.302889
4171 0.794186 0.350223
4174 0.788486 0.329296
4177 0.792719 0.241751
4180 0.79338 0.270327
4183 0.797382 0.265712
4186 0.800952 0.300349
4189 0.804145 0.325764
4192 0.807325 0.264513
4195 0.805121 0.286002
4198 0.807167 0.340828
4201 0.806616 0.368714
4204 0.806122 0.400129
4207 0.808334 0.371262
4210 0.808095 0.542338
4213 0.810502 0.488583
4216 0.815424 0.481962
4219 0.81935 0.51164
4222 0.818775 0.590187
4225 0.820088 0.476598
4228 0.826416 0.472693
4231 0.833543 0.511652
4234 0.840747 0.538591
4237 0.845507 0.509326
4240 0.849842 0.502938
4243 0.841022 0.555332
4246 0.83471 0.47781
4249 0.817215 0.563459
4252 0.799019 0.552516
4255 0.76002 0.547135
4258 0.753039 0.5365
4261 0.721113 0.586103
4264 0.72266 0.565481
4267 0.726278 0.566518
4270 0.728584 0.553885
4273 0.746925 0.558537
4276 0.754359 0.500527
4279 0.759566 0.519111
4282 0.766907 0.506786
4285 0.760587 0.548647
4288 0.758123 0.554845
4291 0.75645 0.548246
4294 0.72108 0.533462
4297 0.709715 0.558342
4300 0.710672 0.549907
4303 0.705555 0.593826
4306 0.694733 0.57078
4309 0.691577 0.642116
4312 0.695402 0.620497
4315 0.698514 0.678065
4318 0.677704 0.673912
4321 0.659331 0.664488
4324 0.641074 0.590272
4327 0.635293 0.596751
4330 0.61414 0.51348
4333 0.608074 0.66209
4336 0.607301 0.66098
4339 0.604724 0.637416
4342 0.608217 0.650555
4345 0.604935 0.628102
4348 0.611012 0.616729
4351 0.616575 0.637736
4354 0.616518 0.531881
4357 0.614468 0.602803
4360 0.611657 0.621226
4363 0.607666 0.621595
4366 0.607001 0.579491
4369 0.596823 0.539648
4372 0.601402 0.544684
4375 0.597314 0.517263
4378 0.594032 0.55393
4381 0.589762 0.495811
4384 0.590673 0.39701
4387 0.590373 0.471234
4390 0.581821 0.485775
4393 0.5723 0.484628
4396 0.55081 0.540208
4399 0.52625 0.507309
4402 0.510639 0.551929
4405 0.494611 0.515165
4408 0.472612 0.426307
4411 0.459934 0.433389
4414 0.461669 0.479134
4417 0.475788 0.488032
4420 0.485463 0.509647
4423 0.501207 0.453533
4426 0.508622 0.471012
4429 0.494474 0.435552
4432 0.481987 0.357758
4435 0.473098 0.41655
4438 0.462872 0.50376
4441 0.459294 0.522604
4444 0.466141 0.55186
4447 0.479742 0.583891
4450 0.485613 0.562908
4453 0.483741 0.575748
4456 0.486496 0.585666
4459 0.48409 0.486269
4462 0.478527 0.572669
4465 0.476849 0.530103
4468 0.481719 0.540033
4471 0.496888 0.552779
4474 0.516846 0.504355
4477 0.51252 0.552058
4480 0.490317 0.502836
4483 0.467863 0.468337
4486 0.458204 0.384568
4489 0.442266 0.413629
4492 0.444158 0.449959
4495 0.441893 0.474873
4498 0.460368 0.415108
4501 0.482254 0.450296
4504 0.523118 0.419119
4507 0.557929 0.47845
4510 0.597217 0.449445
4513 0.63428 0.490815
4516 0.660895 0.447638
4519 0.67243 0.488092
4522 0.673758 0.453724
4525 0.70867 0.47232
4528 0.721408 0.506077
4531 0.766636 0.441087
4534 0.777522 0.490211
4537 0.779345 0.482777
4540 0.765558 0.492683
4543 0.757759 0.416198
4546 0.733113 0.482947
4549 0.718284 0.476217
4552 0.704676 0.464286
4555 0.697407 0.488757
4558 0.615545 0.531541
4561 0.598695 0.495624
4564 0.596775 0.507714
4567 0.555988 0.521886
4570 0.564918 0.562414
4573 0.532149 0.547213
4576 0.523134 0.452362
4579 0.507807 0.505222
4582 0.483839 0.506377
4585 0.479337 0.520707
4588 0.472964 0.475444
4591 0.47112 0.463642
4594 0.494425 0.479138
4597 0.501479 0.493542
4600 0.497727 0.487789
4603 0.489778 0.409197
4606 0.488935 0.474759
4609 0.481882 0.427838
4612 0.47704 0.443263
4615 0.45564 0.41905
4618 0.442622 0.407791
4621 0.430038 0.387704
4624 0.383519 0.358796
4627 0.360789 0.384896
4630 0.357005 0.389774
4633 0.372255 0.410445
4636 0.381699 0.408978
4639 0.397707 0.394109
4642 0.412187 0.399583
4645 0.425042 0.365562
4648 0.431351 0.396896
4651 0.446961 0.454226
4654 0.455016 0.465149
4657 0.459436 0.462621
4660 0.436322 0.392128
4663 0.427753 0.414512
4666 0.416652 0.377753
4669 0.405737 0.339283
4672 0.386018 0.324074
4675 0.361867 0.353954
4678 0.311835 0.366421
4681 0.273863 0.331027
4684 0.261466 0.349567
4687 0.253209 0.350964
4690 0.269946 0.339551
4693 0.278717 0.359586
4696 0.280277 0.374548
4699 0.286099 0.346658
4702 0.293067 0.345803
4705 0.296305 0.372215
4708 0.296119 0.414861
4711 0.313362 0.427765
4714 0.34026 0.434677
4717 0.357459 0.40912
4720 0.40329 0.390451
4723 0.408666 0.431047
4726 0.417369 0.456057
4729 0.426939 0.418422
4732 0.412187 0.376489
4735 0.404287 0.430986
4738 0.39011 0.393915
4741 0.371011 0.412
4744 0.360173 0.379284
4747 0.337955 0.369103
4750 0.313641 0.365858
4753 0.286597 0.381213
4756 0.257369 0.312276
4759 0.234661 0.321348
4762 0.208245 0.341196
4765 0.186743 0.328928
4768 0.164488 0.353768
4771 0.149153 0.280034
4774 0.1308 0.214035
4777 0.105186 0.203634
4780 0.0874523 0.19071
4783 0.0698688 0.220537
4786 0.0494977 0.185686
4789 0.03161 0.186845
4792 0.0166721 0.135949
4795 0.00711854 0.145875
4798 0.000320071 0.0807228
4801 0.000299814 0.108946
4804 0.000251195 0.145081
4807 0.000194473 0.123219
4810 0.000153958 0.132193
4813 0.000117495 0.147841
4816 9.31854e-05 0.173908
4819 8.91337e-05 0.113285
4822 0.000174216 0.151029
4825 0.000125598 0.0902642
4828 0.00010534 0.113322
4831 4.86184e-05 0.15316
4834 0.000769792 0.171036
4837 0.000704968 0.107896
4840 0.000960215 0.113366
4843 0.00122357 0.0774977
4846 0.00134106 0.0823798
4849 0.00135727 0.0750953
4852 0.00137752 0.089705
4855 0.00175837 0.0786485
4858 0.00164898 0.132724
4861 0.00174621 0.0492544
4864 0.00121951 0.0873958
4867 0.00084677 0.100547
4870 0.000858926 0.0560813
4873 0.000478082 0.126035
4876 0.000700915 0.136395
4879 0.000575317 0.0861519
4882 0.000522649 0.187003
4885 0.000559113 0.147711
4888 0.000433514 0.10318
4891 0.000506442 0.0857589
4894 0.000583422 0.085929
4897 0.00183535 0.058342
4900 0.004088 0.0670732
4903 0.00721175 0.071315
4906 0.00827325 0.0752857
4909 0.00617454 0.163889
4912 0.00364638 0.10756
4915 0.00144235 0.0773722
4918 0.0152216 0.0713314
4921 0.0275545 0.13633
4924 0.033729 0.0980228
4927 0.0492423 0.115538
4930 0.0719554 0.113139
4933 0.0845232 0.15156
4936 0.091889 0.140613
4939 0.0975366 0.149072
4942 0.102427 0.12264
4945 0.111717 0.164703
4948 0.116486 0.195138
4951 0.10707 0.220314
4954 0.0986994 0.204785
4957 0.090329 0.168917
4960 0.0865124 0.201317
4963 0.0760149 0.211734
4966 0.0633498 0.149015
4969 0.0644519 0.146666
4972 0.0668019 0.182036
4975 0.0748034 0.172502
4978 0.078227 0.191249
4981 0.0745564 0.157653
4984 0.0771169 0.182351
4987 0.0819828 0.176469
4990 0.0853618 0.167381
4993 0.0884004 0.163925
4996 0.0919941 0.192914
4999 0.0974515 0.225893
5002 0.089928 0.232262
5005 0.0869055 0.260578
5008 0.0854712 0.191257
5011 0.0724658 0.200851
5014 0.0556316 0.130346
5017 0.0409854 0.11305
5020 0.0271574 0.112912
5023 0.0231667 0.126043
5026 0.0163722 0.129191
5029 0.00980876 0.0810631
5032 0.011166 0.0965848
5035 0.012422 0.112466
5038 0.0138319 0.0873309
5041 0.0148854 0.0843003
5044 0.0176931 0.0450246
5047 0.0304554 0.0729721
5050 0.0488655 0.0929543
5053 0.0716798 0.103181
5056 0.091674 0.113204
5059 0.117928 0.198213
5062 0.141848 0.139016
5065 0.168374 0.148858
5068 0.190025 0.171104
5071 0.208294 0.183599
5074 0.223106 0.179734
5077 0.230796 0.168207
5080 0.223637 0.186541
5083 0.213686 0.206191
5086 0.199895 0.223888
5089 0.179714 0.25188
5092 0.158715 0.202427
5095 0.154882 0.235893
5098 0.14669 0.228036
5101 0.127518 0.220561
5104 0.109959 0.191768
5107 0.0908962 0.150502
5110 0.0796209 0.120541
5113 0.0694109 0.0973097
5116 0.0607204 0.163293
5119 0.0462077 0.157074
5122 0.027741 0.150754
5125 0.00824081 0.147298
5128 0.000283607 0.156081
5131 0.00167733 0.144644
5134 0.0010615 0.13315
5137 0.000174216 0.120732
5140 0.000121546 0.117418
5143 8.50823e-05 0.115363
5146 7.69792e-05 0.109339
5149 6.88762e-05 0.0699782
5152 5.67216e-05 0.135864
5155 5.26699e-05 0.108253
5158 5.67216e-05 0.0905031
5161 0.000234989 0.187546
5164 0.000121546 0.128085
5167 8.50823e-05 0.125711
5170 5.67215e-05 0.125334
5173 5.267e-05 0.138704
5176 5.267e-05 0.124763
5179 6.48245e-05 0.174872
5182 4.45669e-05 0.128762
5185 0.000113443 0.180172
5188 9.72368e-05 0.141828
5191 4.45668e-05 0.158298
5194 8.10305e-06 0.0973424
5197 1.21546e-05 0.193546
5200 0 0.157609
5203 0 0.147711
5206 0 0.138826
5209 0 0.143226
5212 0 0.167341
5215 0 0.146909
5218 0.000206629 0.214873
5221 0.000133701 0.105704
5224 6.88762e-05 0.12623
5227 6.88762e-05 0.120825
5230 4.86184e-05 0.188109
5233 5.26699e-05 0.160732
5236 4.05154e-05 0.142881
5239 3.64638e-05 0.119796
5242 3.64638e-05 0.121749
5245 8.10307e-05 0.217032
5248 5.67215e-05 0.140224
5251 9.72368e-05 0.164975
5254 3.64638e-05 0.136849
5257 0.0122194 0.113382
5260 0.0289889 0.125415
5263 0.0402115 0.130536
5266 0.04575 0.123815
5269 0.0507657 0.160943
5272 0.0535409 0.132023
5275 0.0570983 0.143169
5278 0.0598654 0.104238
5281 0.0620897 0.122899
5284 3.64638e-05 0.141905
5287 0.0673326 0.123827
5290 0.0828499 0.113054
5293 0.105879 0.137927
5296 0.125075 0.17828
5299 0.138858 0.170764
5302 0.149328 0.181156
5305 0.160959 0.19278
5308 0.168532 0.171749
5311 0.173049 0.179215
5314 0.173645 0.187882
5317 0.171218 0.137537
5320 0.167608 0.157131
5323 0.162685 0.143031
5326 0.158439 0.121939
5329 0.160652 0.128685
5332 0.168277 0.148177
5335 0.173872 0.140151
5338 0.1792 0.136148
5341 0.182979 0.131699
5344 0.188364 0.0955272
5347 0.192553 0.130216
5350 0.195021 0.135289
5353 0.208358 0.135957
5356 0.225679 0.120205
5359 0.240123 0.178875
5362 0.249959 0.176671
5365 0.247954 0.165088
5368 0.245438 0.190167
5371 0.245653 0.21461
5374 0.247391 0.191654
5377 0.251398 0.192407
5380 0.254837 0.152605
5383 0.256231 0.176574
5386 0.26732 0.190576
5389 0.281517 0.200742
5392 0.291196 0.207613
5395 0.29733 0.224812
5398 0.29981 0.200417
5401 0.296706 0.203249
5404 0.29289 0.195227
5407 0.292638 0.204185
5410 0.296621 0.15675
5413 0.298335 0.129467
5416 0.302228 0.132064
5419 0.317774 0.161219
5422 0.332372 0.191216
5425 0.342424 0.170169
5428 0.347865 0.173207
5431 0.356896 0.170712
5434 0.362766 0.202163
5437 0.372077 0.20833
5440 0.385893 0.218045
5443 0.396418 0.233989
5446 0.402808 0.280865
5449 0.411263 0.262993
5452 0.414525 0.234576
5455 0.412612 0.211328
5458 0.410955 0.197602
5461 0.407831 0.189709
5464 0.404797 0.195154
5467 0.401345 0.18823
5470 0.403857 0.221441
5473 0.401086 0.160761
5476 0.4003 0.158233
5479 0.409104 0.16162
5482 0.423718 0.146649
5485 0.438243 0.141707
5488 0.452265 0.134009
5491 0.467057 0.155271
5494 0.478948 0.157451
5497 0.492404 0.210246
5500 0.500449 0.179281
5503 0.514314 0.159926
5506 0.522697 0.146208
5509 0.532817 0.142772
5512 0.538218 0.172826
5515 0.539259 0.173767
5518 0.540832 0.16384
5521 0.552609 0.235009
5524 0.560878 0.171757
5527 0.570497 0.15756
5530 0.594206 0.14353
5533 0.609809 0.153484
5536 0.621392 0.171473
5539 0.632441 0.151398
5542 0.639446 0.137509
5545 0.65282 0.168471
5548 0.657114 0.228782
5551 0.661717 0.141897
5554 0.669156 0.183154
5557 0.675857 0.162754
5560 0.682178 0.148817
5563 0.687456 0.133295
5566 0.691135 0.180245
5569 0.69184 0.165132
5572 0.690471 0.240633
5575 0.690114 0.188101
5578 0.690151 0.211997
5581 0.691626 0.247063
5584 0.690686 0.217964
5587 0.692233 0.213889
5590 0.695418 0.218535
5593 0.695572 0.166227
5596 0.703314 0.167207
5599 0.701045 0.156227
5602 0.699388 0.126542
5605 0.699684 0.105599
5608 0.700527 0.0928976
5611 0.69987 0.0785551
5614 0.699684 0.0852724
5617 0.69983 0.0983389
5620 0.71002 0.153266
5623 0.709351 0.135961
5626 0.709569 0.191014
5629 0.70675 0.17967
5632 0.703436 0.168119
5635 0.70156 0.173653
5638 0.707511 0.0670854
5641 0.714529 0.0781663
5644 0.74509 0.118021
5647 0.787837 0.140831
5650 0.790122 0.122324
5653 0.787675 0.129459
5656 0.786249 0.104777
5659 0.78304 0.168645
5662 0.784478 0.1079
5665 0.784215 0.141856
5668 0.784304 0.111903
5671 0.78445 0.230046
5674 0.785682 0.0983106
5677 0.785192 0.140037
5680 0.786192 0.100121
5683 0.785868 0.0719958
5686 0.784179 0.0672311
5689 0.784122 0.115623
5692 0.784434 0.101767
5695 0.78507 0.174338
5698 0.785852 0.159841
5701 0.783932 0.122531
5704 0.78208 0.0719755
5707 0.782108 0.0975935
5710 0.779666 0.0468115
5713 0.774905 0.0526618
5716 0.774354 0.063925
5719 0.773823 0.0977514
5722 0.770557 0.206175
5725 0.770197 0.150348
5728 0.770533 0.120002
5731 0.770327 0.106827
5734 0.769925 0.0972124
5737 0.769913 0.0869743
