frame_number static_density dynamic_density
2461 0.055267 0.0959647
2464 0.0536221 0.0777166
2467 0.0399968 0.0725549
2470 0.0269022 0.0719917
2473 0.0187181 0.0455352
2476 0.0123248 0.0321651
2479 0.00968722 0.0232558
2482 0.00826513 0.018633
2485 0.0101045 0.0284863
2488 0.011324 0.0347338
2491 0.0124868 0.0336926
2494 0.0139818 0.0298315
2497 0.0146828 0.0507982
2500 0.0160724 0.0512195
2503 0.0164776 0.0319302
2506 0.0184021 0.0403898
2509 0.020521 0.0693785
2512 0.0349972 0.0685074
2515 0.0521271 0.0867353
2518 0.054485 0.119512
2521 0.0578519 0.132745
2524 0.0611417 0.138425
2527 0.0652783 0.124868
2530 0.0703549 0.124443
2533 0.0731748 0.140305
2536 0.0770399 0.197719
2539 0.0798801 0.191289
2542 0.0830808 0.209671
2545 0.082943 0.184329
2548 0.0859776 0.2104
2551 0.0784661 0.208666
2554 0.0718013 0.204675
2557 0.0582489 0.153185
2560 0.0416862 0.129126
2563 0.0275221 0.0801313
2566 0.0144518 0.0417916
2569 0.0030346 0.0204359
2572 0.000559112 0.00346001
2575 0.000494287 0.0187343
2578 0.000542906 0.049923
2581 0.000563163 0.0535897
2584 0.000514545 0.0312535
2587 0.000729276 0.0972652
2590 0.000623936 0.0358926
2593 0.000615833 0.071307
2596 0.000652297 0.0362045
2599 0.000587473 0.0759217
2602 0.000530751 0.0287983
2605 0.000522648 0.0637307
2608 0.000563163 0.0284823
2611 0.00060773 0.038129
2614 0.000737379 0.109416
2617 0.000672555 0.0538125
2620 0.00063204 0.0570213
2623 0.000676606 0.048347
2626 0.00578964 0.00587068
2629 0.0212746 0.0190989
2632 0.0302245 0.0428977
2635 0.0362491 0.0601613
2638 0.0426667 0.0718054
2641 0.0628677 0.0907868
2644 0.0844299 0.123685
2647 0.112722 0.176821
2650 0.133579 0.248201
2653 0.146354 0.278008
2656 0.154189 0.269938
2659 0.16632 0.303322
2662 0.178555 0.335216
2665 0.172198 0.362248
2668 0.163512 0.347334
2671 0.158002 0.272158
2674 0.155461 0.32388
2677 0.162714 0.323572
2680 0.1582 0.314055
2683 0.143116 0.29321
2686 0.136318 0.269816
2689 0.126104 0.270634
2692 0.113872 0.232526
2695 0.103472 0.195584
2698 0.0852565 0.169277
2701 0.0695162 0.121384
2704 0.0564703 0.0913743
2707 0.0436634 0.0661292
2710 0.0420509 0.0657078
2713 0.0421603 0.0657645
2716 0.0446317 0.0714974
2719 0.0455757 0.0648246
2722 0.0440523 0.0670772
2725 0.0448343 0.0660562
2728 0.0480391 0.0717203
2731 0.0598533 0.0677133
2734 0.0726562 0.0690017
2737 0.0783729 0.0703306
2740 0.0827445 0.0621749
2743 0.08616 0.0659833
2746 0.0877846 0.0649056
2749 0.0922778 0.0741066
2752 0.0955798 0.087339
2755 0.0975407 0.0839519
2758 0.100085 0.0957945
2761 0.10269 0.0986751
2764 0.103817 0.101037
2767 0.106681 0.0983794
2770 0.107783 0.113334
2773 0.108849 0.133004
2776 0.109732 0.139073
2779 0.110493 0.145997
2782 0.114051 0.146953
2785 0.116097 0.146346
2788 0.11715 0.155802
2791 0.118698 0.150944
2794 0.119326 0.148793
2797 0.118694 0.149242
2800 0.119938 0.137744
2803 0.12074 0.141297
2806 0.12106 0.12046
2809 0.122251 0.0922778
2812 0.120975 0.119565
2815 0.123118 0.0599344
2818 0.123693 0.0365408
2821 0.123523 0.0336561
2824 0.124759 0.036164
2827 0.123969 0.0320639
2830 0.12371 0.0303379
2833 0.123831 0.0259987
2836 0.124301 0.0213678
2839 0.124828 0.0778138
2842 0.125132 0.0287619
2845 0.123892 0.0298598
2848 0.1242 0.0375942
2851 0.127834 0.0245158
2854 0.134791 0.034118
2857 0.135236 0.0367717
2860 0.130168 0.0401143
2863 0.124504 0.0335021
2866 0.124698 0.0297788
2869 0.125857 0.0384977
2872 0.127952 0.0352727
2875 0.12785 0.0373997
2878 0.126282 0.0335346
2881 0.128389 0.0338587
2884 0.132874 0.0477555
2887 0.134073 0.0516571
2890 0.136367 0.0496354
2893 0.137955 0.0529131
2896 0.135645 0.0530103
2899 0.136618 0.0430719
2902 0.137132 0.0556357
2905 0.136776 0.0479823
2908 0.13682 0.0468601
2911 0.138352 0.0491694
2914 0.138016 0.0697107
2917 0.138307 0.0566081
2920 0.137059 0.0580666
2923 0.137732 0.0609999
2926 0.138299 0.0567823
2929 0.137465 0.0535248
2932 0.140673 0.063443
2935 0.143246 0.0643222
2938 0.143315 0.072952
2941 0.14622 0.0698039
2944 0.154359 0.0700429
2947 0.165979 0.0421643
2950 0.179904 0.0470586
2953 0.194125 0.0654688
2956 0.205765 0.101706
2959 0.220772 0.098898
2962 0.241305 0.109116
2965 0.256434 0.112738
2968 0.271185 0.130297
2971 0.290677 0.140787
2974 0.306414 0.154538
2977 0.32452 0.175922
2980 0.336573 0.178948
2983 0.348849 0.180512
2986 0.363982 0.196435
2989 0.382112 0.229831
2992 0.396192 0.238101
2995 0.416194 0.245244
2998 0.429366 0.262171
3001 0.457609 0.263698
3004 0.480978 0.289754
3007 0.503351 0.294644
3010 0.52467 0.316498
3013 0.556272 0.310651
3016 0.578519 0.323669
3019 0.606308 0.268633
3022 0.622263 0.139859
3025 0.634483 0.232712
3028 0.644356 0.170452
3031 0.654226 0.139887
3034 0.669026 0.164071
3037 0.69447 0.175395
3040 0.697634 0.150369
3043 0.66399 0.145944
3046 0.652168 0.143967
3049 0.649157 0.156507
3052 0.64652 0.152771
3055 0.642971 0.157503
3058 0.641476 0.14511
3061 0.647034 0.090171
3064 0.652629 0.0991451
3067 0.653898 0.0966575
3070 0.659112 0.115983
3073 0.661916 0.110396
3076 0.657994 0.132088
3079 0.65756 0.0760149
3082 0.660299 0.0706223
3085 0.669541 0.0928896
3088 0.684479 0.118807
3091 0.683531 0.111259
3094 0.679657 0.10769
3097 0.675711 0.120521
3100 0.669812 0.138109
3103 0.669601 0.139685
3106 0.667397 0.132947
3109 0.663962 0.079637
3112 0.660643 0.0877482
3115 0.660032 0.126367
3118 0.656879 0.0973017
3121 0.655672 0.11557
3124 0.656612 0.1088
3127 0.657734 0.0918929
3130 0.66286 0.107163
3133 0.664549 0.0688396
3136 0.665517 0.071935
3139 0.669849 0.0621181
3142 0.67025 0.0532169
3145 0.668062 0.0735961
3148 0.664695 0.0605948
3151 0.664391 0.0842476
3154 0.662953 0.0634592
3157 0.662406 0.071619
3160 0.663277 0.0673041
3163 0.661324 0.0864962
3166 0.660745 0.0248886
3169 0.659533 0.0187465
3172 0.658298 0.0164573
3175 0.657293 0.0413297
3178 0.657042 0.0365205
3181 0.659282 0.0847662
3184 0.661774 0.0453488
3187 0.670047 0.0512843
3190 0.66681 0.0553116
3193 0.666688 0.0564663
3196 0.666194 0.0598736
3199 0.665862 0.0244024
3202 0.663771 0.0826797
3205 0.662665 0.0888259
3208 0.662831 0.0303176
3211 0.661194 0.0414958
3214 0.658978 0.075942
3217 0.661126 0.0423466
3220 0.660822 0.0690503
3223 0.659173 0.0260716
3226 0.658233 0.0199498
3229 0.658379 0.0285998
3232 0.655944 0.0348797
3235 0.655202 0.0328742
3238 0.655048 0.0575683
3241 0.654388 0.0284944
3244 0.653334 0.0239851
3247 0.652245 0.0454501
3250 0.651523 0.0242768
3253 0.651183 0.0324204
3256 0.650527 0.0293858
3259 0.650105 0.0251276
3262 0.650883 0.0243781
3265 0.652232 0.020833
3268 0.65079 0.0157848
3271 0.652792 0.0168827
3274 0.653995 0.0262296
3277 0.65579 0.0236042
